data/processed/NGC4621-mock-iso/histograms_set_o.ecsv
# %ECSV 1.0
# ---
# datatype:
# - {name: binID, datatype: int64}
# - {name: losvd_0, datatype: float64}
# - {name: losvd_1, datatype: float64}
# - {name: losvd_2, datatype: float64}
# - {name: losvd_3, datatype: float64}
# - {name: losvd_4, datatype: float64}
# - {name: losvd_5, datatype: float64}
# - {name: losvd_6, datatype: float64}
# - {name: losvd_7, datatype: float64}
# - {name: losvd_8, datatype: float64}
# - {name: losvd_9, datatype: float64}
# - {name: losvd_10, datatype: float64}
# - {name: losvd_11, datatype: float64}
# - {name: losvd_12, datatype: float64}
# - {name: losvd_13, datatype: float64}
# - {name: losvd_14, datatype: float64}
# - {name: losvd_15, datatype: float64}
# - {name: losvd_16, datatype: float64}
# - {name: losvd_17, datatype: float64}
# - {name: losvd_18, datatype: float64}
# - {name: losvd_19, datatype: float64}
# - {name: losvd_20, datatype: float64}
# - {name: losvd_21, datatype: float64}
# - {name: losvd_22, datatype: float64}
# - {name: losvd_23, datatype: float64}
# - {name: losvd_24, datatype: float64}
# - {name: losvd_25, datatype: float64}
# - {name: losvd_26, datatype: float64}
# - {name: losvd_27, datatype: float64}
# - {name: losvd_28, datatype: float64}
# - {name: losvd_29, datatype: float64}
# - {name: losvd_30, datatype: float64}
# - {name: losvd_31, datatype: float64}
# - {name: losvd_32, datatype: float64}
# - {name: losvd_33, datatype: float64}
# - {name: losvd_34, datatype: float64}
# - {name: losvd_35, datatype: float64}
# - {name: losvd_36, datatype: float64}
# - {name: losvd_37, datatype: float64}
# - {name: losvd_38, datatype: float64}
# - {name: losvd_39, datatype: float64}
# - {name: losvd_40, datatype: float64}
# meta: !!omap
# - {dv: 80.0}
# - vcent: [-1600.0, -1520.0, -1440.0, -1360.0, -1280.0, -1200.0, -1120.0, -1040.0, -960.0, -880.0, -800.0, -720.0, -640.0, -560.0, -480.0,
#     -400.0, -320.0, -240.0, -160.0, -80.0, 0.0, 80.0, 160.0, 240.0, 320.0, 400.0, 480.0, 560.0, 640.0, 720.0, 800.0, 880.0, 960.0, 1040.0,
#     1120.0, 1200.0, 1280.0, 1360.0, 1440.0, 1520.0, 1600.0]
# - {nbins: 618}
# - {nvbins: 41}
# schema: astropy-2.0
binID losvd_0 losvd_1 losvd_2 losvd_3 losvd_4 losvd_5 losvd_6 losvd_7 losvd_8 losvd_9 losvd_10 losvd_11 losvd_12 losvd_13 losvd_14 losvd_15 losvd_16 losvd_17 losvd_18 losvd_19 losvd_20 losvd_21 losvd_22 losvd_23 losvd_24 losvd_25 losvd_26 losvd_27 losvd_28 losvd_29 losvd_30 losvd_31 losvd_32 losvd_33 losvd_34 losvd_35 losvd_36 losvd_37 losvd_38 losvd_39 losvd_40
[from data line 280]
281 0.0 0.0 0.0 0.0 0.0 0.0 0.0 3.5969238807344364e-08 9.799873582480972e-08 2.0610175815997755e-07 1.139643287530156e-06 2.5837274064623172e-05 0.0003538853149295329 0.004493701607650092 0.01427377205098361 0.025972186413445897 0.04261039683555937 0.07096125757017055 0.10261660374563963 0.1320098039510253 0.1436879365079522 0.14609236796064348 0.12038479661053034 0.08755758860973552 0.05535540142565741 0.032127321067533375 0.01609844977094305 0.004675158275061059 0.0004480671184141755 0.00010371014761075878 0.00014241018686360273 7.1505745621369225e-06 1.8009367181136346e-07 3.970551528766779e-08 0.0 0.0 0.0 0.0 0.0 0.0 0.0
282 0.0 0.0 0.0 0.0 0.0 0.0 0.0 1.608276931169942e-07 4.1934495887665706e-07 8.568559882786473e-07 3.947617379131379e-06 4.867291540336717e-05 0.0006095425781007598 0.005459747259904058 0.014706164969380374 0.02646634674011568 0.04435420087729043 0.07185089381710769 0.10293710528802305 0.13010924330764223 0.1364830437010362 0.14121412751057955 0.12041501388331304 0.08889922179395501 0.05762610280154167 0.03440078580073716 0.017710633406820487 0.005671004487298623 0.0008035016571010514 0.00011371862260852916 0.00010941650455313022 3.4404977047091593e-06 5.175878199673582e-07 1.5104347273257183e-07 0.0 0.0 0.0 0.0 0.0 0.0 0.0
283 0.0 0.0 0.0 0.0 0.0 0.0 0.0 3.173209661860852e-07 9.532499978330416e-07 1.7823335584100364e-06 1.0159790270270324e-05 6.16405391777112e-05 0.0009221563505859442 0.00621815645035617 0.014737142052366294 0.027638679361009 0.046283448867835884 0.07219801786923825 0.1001110260711589 0.12445776776398589 0.1297099891962612 0.1350780668600184 0.12222773206680969 0.09298841274057637 0.06227485087684576 0.037777880254689755 0.01931533472442005 0.0065402833724846525 0.00128152060538656 0.00011888583835377613 3.805671255468605e-05 1.8389646828979954e-06 1.2887895747164693e-06 2.922600724908048e-07 0.0 0.0 0.0 0.0 0.0 0.0 0.0
284 0.0 0.0 0.0 0.0 0.0 0.0 0.0 1.1238472391963658e-06 4.289098159353709e-06 7.0231529526525385e-06 1.9060332942249634e-05 0.00010221483744204222 0.0013181253239018663 0.0067272035026819665 0.015451386545202898 0.0296269032502022 0.05245540739267398 0.0762078927720115 0.09916548947438233 0.11678216645770235 0.11914687891488836 0.12572461800663368 0.11891395130760626 0.09587644026665894 0.06940831157922482 0.04351046978687111 0.02070209219644513 0.007034519866020243 0.0016062411061551266 0.0001592358204326265 2.043488205411363e-05 6.904329702013377e-06 4.1167498325023645e-06 1.009385417346485e-06 0.0 0.0 0.0 0.0 0.0 0.0 0.0
285 0.0 0.0 0.0 0.0 0.0 0.0 0.0 2.7545903379068164e-06 1.0579517733253304e-05 1.8891254995510668e-05 3.763272983244305e-05 0.00014248614778767437 0.0017845441778083487 0.007817310162974388 0.018540145082682865 0.03431903028210816 0.05844883922988809 0.08157966758914575 0.1049760863483776 0.1208230347924696 0.12501991135704515 0.12392501680304446 0.10986101837220094 0.08544880703427495 0.060309512253571534 0.038220036276722845 0.020109054058892066 0.006920984171114436 0.0014159954393341116 0.000150975471364959 3.864538420430156e-05 2.0741911084539155e-05 1.1903135911330548e-05 3.119902760217158e-06 0.0 0.0 0.0 0.0 0.0 0.0 0.0
286 0.0 0.0 0.0 0.0 0.0 0.0 0.0 1.3817871103855547e-06 5.111435603194355e-06 8.218938411950443e-06 2.0295359421360287e-05 0.00010194766158865814 0.0014438037382201057 0.00705289196626675 0.01594243441422129 0.03082046289367357 0.05416768767368828 0.0771726466625701 0.09894912504780151 0.11606816071416254 0.11833844777255648 0.12490493384710805 0.11799618036004399 0.09496833091687926 0.06833951593402164 0.04371863330028935 0.021057961475050124 0.007144466241338367 0.0015744911811311488 0.00014574597646771167 1.9394013911117942e-05 9.500264722700895e-06 5.594121948973046e-06 1.4346346971844278e-06 0.0 0.0 0.0 0.0 0.0 0.0 0.0
287 0.0 0.0 0.0 0.0 0.0 0.0 0.0 1.9913636922338464e-06 8.177497455999455e-06 1.4642163476307769e-05 2.9431706079215403e-05 0.00011756692363845487 0.0016475617070399286 0.0076256953365729544 0.01770798239380509 0.03321035940590177 0.05660387762096761 0.07921986143110882 0.10205962769826162 0.1189780885858508 0.1229406202673679 0.12500722549238888 0.11329163829333821 0.0890870968467256 0.06294732385107189 0.040095295594000144 0.020766636968247293 0.006974921922863468 0.0014385497887059455 0.0001404886067493653 2.7555776052028327e-05 1.5257582741784645e-05 8.650306841514904e-06 2.230516561688917e-06 0.0 0.0 0.0 0.0 0.0 0.0 0.0
288 0.0 0.0 0.0 0.0 0.0 0.0 0.0 8.879628710340441e-06 3.3019209617795916e-05 5.977818690602844e-05 0.00010562275273347421 0.00026205605342695843 0.0012796102801094342 0.005690611364346109 0.016231998853784967 0.032211764937606496 0.05666832770933237 0.08166249364606563 0.10749262779796806 0.1268865704144201 0.13307660038312125 0.12803456429219268 0.10914473867123442 0.08322287762840194 0.05859680109637398 0.03389375502590245 0.017060705324166335 0.006363202138277752 0.00144399744525264 0.00025308518574089744 9.394654440105344e-05 5.4529314968749384e-05 3.223290843709307e-05 8.528284641892103e-06 0.0 0.0 0.0 0.0 0.0 0.0 0.0
289 0.0 0.0 0.0 0.0 0.0 0.0 0.0 3.077625595628013e-07 1.0124405362744168e-06 2.162441633003744e-06 5.643158138789447e-06 7.287561164162446e-05 0.0010310674892688313 0.006422316636289605 0.014480826316892943 0.027535234215643124 0.04688405850952218 0.07221330224369073 0.09833128712266034 0.12076637314714918 0.12602717558814736 0.1323536832879598 0.1231467646033056 0.09607180719326273 0.06591226535466788 0.040175837986118616 0.02000788226978082 0.006920205348916851 0.0014788327909543162 0.0001225885938805655 2.8477112060786884e-05 2.00538982545464e-06 1.1245554735795636e-06 3.438010515797677e-07 0.0 0.0 0.0 0.0 0.0 0.0 0.0
290 0.0 0.0 0.0 0.0 0.0 0.0 0.0 7.033914114771401e-07 2.9289034008087467e-06 4.7975592199910286e-06 1.3078631791891997e-05 8.279655377440274e-05 0.0012519475257095692 0.006367107480497604 0.014683153623008654 0.028337841750871402 0.05083740497135239 0.0758629049239299 0.09820364119636035 0.11464978500890079 0.11749315474259713 0.12491337592530298 0.12089985823255896 0.09920111099676412 0.07269868917053038 0.045240063478526105 0.020354391347952888 0.00702584464807494 0.001696551953319858 0.0001408628279904471 1.7767998784354076e-05 5.179826192071941e-06 3.0605619642164047e-06 8.212932553447007e-07 0.0 0.0 0.0 0.0 0.0 0.0 0.0
291 0.0 0.0 0.0 0.0 0.0 0.0 0.0 7.122650560556933e-06 2.6449370034282445e-05 4.4559646374628116e-05 7.863082376127294e-05 0.0002266290083391077 0.0015839309638470812 0.007135195346464457 0.018058114887167583 0.034404534063547466 0.058744049863584655 0.08334083956449224 0.10960633283246596 0.12757106530284767 0.13202990328168782 0.12573030641199612 0.10666972650069599 0.08075497128761884 0.05592400632680041 0.03284537488022949 0.017208440342707534 0.006172297089743468 0.0013256162610991084 0.00023083172973951962 8.944390814255559e-05 4.903731463987355e-05 2.8729925504157906e-05 7.4149501551037944e-06 0.0 0.0 0.0 0.0 0.0 0.0 0.0
292 0.0 0.0 0.0 0.0 0.0 0.0 0.0 8.957881162102649e-06 3.4694019372797295e-05 5.7821649165647494e-05 0.00010253109802757499 0.00026938839456874033 0.0015114533098002456 0.006578065913399556 0.017299557010150565 0.03421465111883931 0.059011666377138075 0.08346631072971386 0.10902838690007842 0.12756627541058133 0.13240003373404904 0.12609777609542566 0.10712089432230448 0.08159837190412389 0.05687659508787114 0.03242813274279461 0.016449216779524392 0.005898589427018143 0.0013463026823666035 0.000275805114457812 0.00011162286052741694 6.237319468646907e-05 3.7279976488278075e-05 9.452251297205884e-06 0.0 0.0 0.0 0.0 0.0 0.0 0.0
293 0.0 0.0 0.0 0.0 0.0 0.0 0.0 5.1276021761362e-06 1.8061043098354718e-05 3.0339478988898755e-05 5.811797291735498e-05 0.0001819716633812977 0.0016085226040691513 0.0074780710089011986 0.01848993592177653 0.03424665923124909 0.058287562480584046 0.08281098957985879 0.10927678704623031 0.1269302614982235 0.131376482691323 0.12573845477686266 0.106771695951697 0.08080630617037227 0.05596632779240448 0.03386014498368289 0.01803609456283208 0.006362371032577337 0.0012854823127917978 0.00017762626728176444 6.482138384491634e-05 3.499358989890583e-05 2.0206619973913576e-05 5.212335880584288e-06 0.0 0.0 0.0 0.0 0.0 0.0 0.0
294 0.0 0.0 0.0 0.0 0.0 0.0 0.0 1.0415068416772994e-05 3.900682191174611e-05 6.440093498222262e-05 0.00011551785393618161 0.000294157714972279 0.0013970043931276028 0.005945330652769603 0.016369902330318542 0.03362421017985513 0.058989743288837854 0.08337986096767468 0.10832319308931385 0.12744875585367774 0.1330094900217895 0.12692211552417818 0.10757468192877365 0.08265948910730565 0.057926981942297215 0.032493039562017594 0.01586868638861957 0.00554370393484723 0.0013117050913757013 0.000294448249279455 0.00012081716575963668 6.933018660999329e-05 4.0405170150060095e-05 1.0314910436150437e-05 0.0 0.0 0.0 0.0 0.0 0.0 0.0
295 0.0 0.0 0.0 0.0 0.0 0.0 0.0 1.5879415682324105e-06 6.538944013301977e-06 1.0587553831743479e-05 2.3257424772931765e-05 0.00011263218081905275 0.0015006187614130658 0.0072595949702524126 0.016655121217995943 0.031791970214027535 0.05495613571957662 0.07766535203646906 0.09998407178643945 0.11760255057997851 0.12042581717920438 0.12535426274278116 0.11625463203669452 0.0926601690291268 0.06587930922704768 0.042037717785966634 0.021063656795374995 0.007035651174348743 0.0014974697725581312 0.00015312222295812996 2.4140214696321135e-05 1.1278952210621485e-05 6.491009488229227e-06 1.5025354138212923e-06 0.0 0.0 0.0 0.0 0.0 0.0 0.0
296 0.0 0.0 0.0 0.0 0.0 0.0 0.0 3.0812680482826455e-09 2.2495930503448017e-08 4.992183685601563e-08 6.615307239665683e-08 1.927609482802266e-05 0.0002613812349846325 0.0042921476765471304 0.013571284826627754 0.02514928726123508 0.041065927095208773 0.06864131127370775 0.10097510043341998 0.13226684335305247 0.14423454572465388 0.14945097570415708 0.12364225733786907 0.08853268710518472 0.055903495364517324 0.031806031030907 0.015350269811607975 0.00420650491534897 0.00035647617497222914 0.0001237615009181949 0.00014806709224116457 2.085696950048004e-06 4.049610165638321e-08 6.909903846403954e-09 0.0 0.0 0.0 0.0 0.0 0.0 0.0
297 0.0 0.0 0.0 0.0 0.0 0.0 0.0 9.877478888791774e-07 4.155142791781197e-06 6.3365300778821865e-06 1.9147413673966977e-05 8.613380744639689e-05 0.0013294287910048958 0.006603614549328215 0.015141754776285146 0.029250236323005 0.05242164009129378 0.07687689211041608 0.09855318954647252 0.11494040243048279 0.11698196655606 0.12451724542294641 0.11970135321245418 0.09764500402615614 0.07123071238383012 0.04508052944376523 0.020667769262452826 0.00707089541055305 0.0016785504945674406 0.0001446602689536386 1.946474791604111e-05 6.78385451920783e-06 4.112890651210391e-06 1.0755128111314336e-06 0.0 0.0 0.0 0.0 0.0 0.0 0.0
298 0.0 0.0 0.0 0.0 0.0 0.0 0.0 3.2873571805980673e-06 1.28146880988733e-05 2.1784462910416535e-05 4.213236761428905e-05 0.0001525290508732359 0.001619604864428748 0.007695751665829285 0.01861999983014512 0.03384151690334911 0.05750607193368669 0.0818257096914334 0.10753646767034786 0.1252966353022884 0.12991675114253612 0.12591859398896382 0.10788128192307005 0.08245349610333512 0.057306023758627145 0.03544166294293352 0.01885366767641909 0.006486772824847112 0.0012788185200924616 0.0001545671441496329 4.428856879060652e-05 2.3376845761077883e-05 1.362480020290572e-05 3.4299057523106126e-06 0.0 0.0 0.0 0.0 0.0 0.0 0.0
299 0.0 0.0 0.0 0.0 0.0 0.0 0.0 9.788967553509782e-06 3.754255674875671e-05 6.35236044866413e-05 0.00010879948917478756 0.00026907271564698403 0.0012296548009520201 0.005284007370152996 0.015484485384821705 0.03274170475324219 0.05853792742095065 0.08326831579361997 0.10838011260437684 0.127882879951789 0.13386349428436214 0.12779793713035223 0.10824500664292296 0.08325029328359748 0.058458770964686504 0.03259411441811784 0.015403477124626357 0.005243062974607574 0.0012135405543060537 0.00026958711320330703 0.00010996169445238417 6.356072860722845e-05 3.762650626583503e-05 9.689147975973133e-06 0.0 0.0 0.0 0.0 0.0 0.0 0.0
300 0.0 0.0 0.0 0.0 0.0 0.0 0.0 5.471217530086034e-06 2.106910365490031e-05 3.660089549499638e-05 6.685736428578116e-05 0.00017744783463044303 0.0010709909630852268 0.005371056302166021 0.016548192720513135 0.03215770427259207 0.055430207278016626 0.08087876726713773 0.10804645749110996 0.12873104140887318 0.13486569705607448 0.12963953914666276 0.10945251041371787 0.08206510129857204 0.056957284342722694 0.033198879270539106 0.01727720078271546 0.006363522917179244 0.0012682698304778766 0.00017277309215925953 6.000794660376969e-05 3.402717363289723e-05 1.9711942686456946e-05 5.0380798461305685e-06 0.0 0.0 0.0 0.0 0.0 0.0 0.0
301 0.0 0.0 0.0 0.0 0.0 0.0 0.0 2.308849488506517e-06 9.148035390457737e-06 1.5269626521897322e-05 3.66462952805819e-05 0.00013766930396903566 0.0016105079099603444 0.007681085315010475 0.01826370339963625 0.03319983473716861 0.056466476462663916 0.08021724882519625 0.10498046221301091 0.12303530919554963 0.1276861172158055 0.12630710515854315 0.11029659888673593 0.0854251256595708 0.0596832767334406 0.037183969128858824 0.01959000669078754 0.006594686154959346 0.0013256313840356523 0.0001514294554352473 3.437362315673948e-05 1.6474363307805673e-05 9.891856825613377e-06 2.569588520451934e-06 0.0 0.0 0.0 0.0 0.0 0.0 0.0
302 0.0 0.0 0.0 0.0 0.0 0.0 0.0 2.6420507935540974e-06 1.0114151266976233e-05 1.8464050199880373e-05 3.6704675958930065e-05 0.00013876793388651945 0.0011429066723442456 0.006058476259641562 0.018397554197508006 0.03472408658405548 0.056780307911016195 0.0826901817087329 0.10879327015295158 0.12886165090322918 0.13244691543218579 0.12673783616147352 0.10692744059716396 0.08030602424817487 0.05570222655298597 0.032858080390507166 0.018358912586257842 0.007364532708389827 0.0014050968743001054 0.00013107642580799552 3.483168575353913e-05 1.864941946632687e-05 1.0509070792141377e-05 2.6735456398631604e-06 0.0 0.0 0.0 0.0 0.0 0.0 0.0
303 0.0 0.0 0.0 0.0 0.0 0.0 0.0 1.4745926881474047e-06 4.917267319768651e-06 8.902639999744661e-06 2.1234629572217537e-05 9.73058004002463e-05 0.0013934341309835032 0.006872558210345743 0.01569371723782414 0.030329081575473253 0.053586667534039074 0.07700434162088912 0.09896256963077485 0.11620568291154862 0.1180540010897205 0.12500240581924082 0.11847022716005279 0.09569046221861213 0.06899990711022283 0.04379199599240214 0.020910900265162794 0.007090425729762004 0.0015944286832651436 0.00015765805122291285 2.077267234346581e-05 9.316022752749151e-06 5.132171003251163e-06 1.4599298308568428e-06 0.0 0.0 0.0 0.0 0.0 0.0 0.0
304 0.0 0.0 0.0 0.0 0.0 0.0 0.0 9.58425914197209e-08 3.5262280734676323e-07 6.236786491052145e-07 1.5612830965735312e-06 4.440094053066046e-05 0.0008312465539974162 0.00617897077219633 0.014341453780152898 0.026453308982033963 0.045051364076518434 0.07113183305984556 0.10050880742220289 0.12618403167608605 0.13068189550913228 0.1375133737896103 0.12258654811416697 0.09238950186095618 0.06206476221170838 0.03735687699077639 0.018989391388815908 0.006367554445239686 0.0011541368224343663 0.00010091570340640775 6.181067280007983e-05 3.300589937699611e-06 3.644412103168054e-07 9.589995175510915e-08 0.0 0.0 0.0 0.0 0.0 0.0 0.0
