data/processed/NGC4621-mock-iso/histograms_set_o.ecsv
# %ECSV 1.0
# ---
# datatype:
# - {name: binID, datatype: int64}
# - {name: losvd_0, datatype: float64}
# - {name: losvd_1, datatype: float64}
# - {name: losvd_2, datatype: float64}
# - {name: losvd_3, datatype: float64}
# - {name: losvd_4, datatype: float64}
# - {name: losvd_5, datatype: float64}
# - {name: losvd_6, datatype: float64}
# - {name: losvd_7, datatype: float64}
# - {name: losvd_8, datatype: float64}
# - {name: losvd_9, datatype: float64}
# - {name: losvd_10, datatype: float64}
# - {name: losvd_11, datatype: float64}
# - {name: losvd_12, datatype: float64}
# - {name: losvd_13, datatype: float64}
# - {name: losvd_14, datatype: float64}
# - {name: losvd_15, datatype: float64}
# - {name: losvd_16, datatype: float64}
# - {name: losvd_17, datatype: float64}
# - {name: losvd_18, datatype: float64}
# - {name: losvd_19, datatype: float64}
# - {name: losvd_20, datatype: float64}
# - {name: losvd_21, datatype: float64}
# - {name: losvd_22, datatype: float64}
# - {name: losvd_23, datatype: float64}
# - {name: losvd_24, datatype: float64}
# - {name: losvd_25, datatype: float64}
# - {name: losvd_26, datatype: float64}
# - {name: losvd_27, datatype: float64}
# - {name: losvd_28, datatype: float64}
# - {name: losvd_29, datatype: float64}
# - {name: losvd_30, datatype: float64}
# - {name: losvd_31, datatype: float64}
# - {name: losvd_32, datatype: float64}
# - {name: losvd_33, datatype: float64}
# - {name: losvd_34, datatype: float64}
# - {name: losvd_35, datatype: float64}
# - {name: losvd_36, datatype: float64}
# - {name: losvd_37, datatype: float64}
# - {name: losvd_38, datatype: float64}
# - {name: losvd_39, datatype: float64}
# - {name: losvd_40, datatype: float64}
# meta: !!omap
# - {dv: 80.0}
# - vcent: [-1600.0, -1520.0, -1440.0, -1360.0, -1280.0, -1200.0, -1120.0, -1040.0, -960.0, -880.0, -800.0, -720.0, -640.0, -560.0, -480.0,
#     -400.0, -320.0, -240.0, -160.0, -80.0, 0.0, 80.0, 160.0, 240.0, 320.0, 400.0, 480.0, 560.0, 640.0, 720.0, 800.0, 880.0, 960.0, 1040.0,
#     1120.0, 1200.0, 1280.0, 1360.0, 1440.0, 1520.0, 1600.0]
# - {nbins: 618}
# - {nvbins: 41}
# schema: astropy-2.0
binID losvd_0 losvd_1 losvd_2 losvd_3 losvd_4 losvd_5 losvd_6 losvd_7 losvd_8 losvd_9 losvd_10 losvd_11 losvd_12 losvd_13 losvd_14 losvd_15 losvd_16 losvd_17 losvd_18 losvd_19 losvd_20 losvd_21 losvd_22 losvd_23 losvd_24 losvd_25 losvd_26 losvd_27 losvd_28 losvd_29 losvd_30 losvd_31 losvd_32 losvd_33 losvd_34 losvd_35 losvd_36 losvd_37 losvd_38 losvd_39 losvd_40
[from data line 458]
459 0.0 0.0 0.0 0.0 0.0 0.0 0.0 1.2215391540592752e-07 3.330722056702272e-07 6.477193856212236e-07 1.8884520181694663e-06 4.824318203244877e-05 0.0007906180432051942 0.0058955267874431505 0.014381615438433477 0.026441589484851792 0.04464097703980571 0.07129859335519878 0.10169604792731433 0.12826564836263823 0.1334031718398021 0.13931742365268357 0.12148682753856806 0.09076000563854023 0.059919534809101616 0.035992221210326206 0.018389027834959593 0.006035208830144355 0.0010514620131892355 0.00012526522135822111 5.466487941484914e-05 1.30771502881371e-06 4.595699430788072e-07 1.1575506600383314e-07 0.0 0.0 0.0 0.0 0.0 0.0 0.0
460 0.0 0.0 0.0 0.0 0.0 0.0 0.0 4.280363609989552e-07 1.6742283952859992e-06 3.09892203796968e-06 1.2418022415932441e-05 5.016849334208048e-05 0.0002791015467529024 0.002953236857779334 0.012861046640769461 0.027999312026092783 0.05047198736601944 0.07809971583731225 0.10886185017124947 0.1379257442367614 0.14794316144884498 0.13897394717835032 0.11359183558087683 0.08275489582992485 0.05357449117101671 0.028785780237553793 0.012304780532648297 0.002199006507869917 0.0002210822264121008 7.477013384463385e-05 4.16870453476929e-05 6.315021084739927e-06 1.512324563253219e-06 4.850021353438464e-07 0.0 0.0 0.0 0.0 0.0 0.0 0.0
461 0.0 0.0 0.0 0.0 0.0 0.0 0.0 7.700200006031864e-08 2.0973098706021686e-07 4.3152490246224995e-07 5.923328230437557e-07 4.2984057988693675e-05 0.0009371433435002431 0.0064071218979992375 0.013931574569991454 0.026071484191921096 0.04533012242349655 0.07042588361150157 0.09809799199030413 0.1225403452756213 0.12687611586370479 0.13493115965043515 0.12422896603098087 0.09568268872254497 0.06627988209951974 0.040161106803170095 0.019678089849988117 0.006879954566118858 0.0013675642976115076 0.00010233456240610579 2.446382603612964e-05 6.648082470800109e-07 1.9512155257177996e-07 7.434763184424259e-08 0.0 0.0 0.0 0.0 0.0 0.0 0.0
462 0.0 0.0 0.0 0.0 0.0 0.0 0.0 4.335530802793954e-07 1.6988443758114314e-06 3.2547944001703914e-06 6.444685263988497e-06 4.1154958829626325e-05 0.0002220615560818608 0.0019596878380409768 0.01113343822812371 0.027959043014047856 0.051789615445128216 0.07909246471601192 0.11097260817776738 0.1386516610111218 0.14838176827043414 0.1392543712111529 0.11366662865784273 0.08244143497380306 0.05381396572209118 0.028249652596848748 0.010618621762195402 0.0014462114287711399 0.00019846535913865378 6.162199257558222e-05 2.0045561249524874e-05 4.116495913964166e-06 1.8563865884927938e-06 5.244293116301612e-07 0.0 0.0 0.0 0.0 0.0 0.0 0.0
463 0.0 0.0 0.0 0.0 0.0 0.0 0.0 4.603586996926326e-07 2.145875243766168e-06 3.6638202140620975e-06 1.0508416486438394e-05 5.016661607444044e-05 0.00017537179687344729 0.0011730052987658955 0.00932473818968615 0.02807605555815814 0.053888664538744836 0.08172155064173851 0.11357721058623639 0.13928826788201362 0.1476218592029683 0.1389967587049166 0.11289493431226996 0.08075168062846828 0.05322693843858849 0.028054802741600684 0.009561247491569594 0.0013528174044685095 0.00018833901109235074 3.759351754931809e-05 7.1623606078421966e-06 3.643699722789158e-06 1.8527056364788313e-06 5.479106490952669e-07 0.0 0.0 0.0 0.0 0.0 0.0 0.0
464 0.0 0.0 0.0 0.0 0.0 0.0 0.0 2.545361526610181e-07 1.2152256368210835e-06 7.1951551585997835e-06 7.019894500382463e-05 0.00010269027923583764 0.0005123620306633912 0.005190786610798593 0.016616873595221328 0.03210971390718195 0.055116989464087725 0.08535366888318902 0.11752861735004362 0.14069781464808934 0.14326858248351299 0.13133073372821558 0.10405584708393965 0.07390221645890205 0.046097957765534124 0.02725307814418834 0.015257951446332515 0.0049872906960279385 0.00046365907723134757 6.263597422268301e-05 3.8967617512771945e-06 1.9887460533821374e-06 1.2085667387628874e-06 3.025834429798854e-07 0.0 0.0 0.0 0.0 0.0 0.0 0.0
465 0.0 0.0 0.0 0.0 0.0 0.0 0.0 3.853965459439984e-07 1.3472240527832418e-06 4.574747990890255e-06 4.459275046279612e-05 8.177564365247924e-05 0.00023488021758699782 0.0025159944501506864 0.012742388342154071 0.028804806231051572 0.0532389426414306 0.08333212081224035 0.11421912308172921 0.1394092388462212 0.14817014716959434 0.136989842685872 0.1077990122166989 0.07778857899704847 0.04971937643228314 0.02790243049582372 0.013372158695255008 0.003270422593265959 0.00029023555343366306 5.065466817245385e-05 7.2820086598007876e-06 2.2464629414167073e-06 1.5098725098386912e-06 3.775132959071697e-07 0.0 0.0 0.0 0.0 0.0 0.0 0.0
466 0.0 0.0 0.0 0.0 0.0 0.0 0.0 1.4157938209117003e-07 6.093928443401435e-07 7.114475414323848e-07 2.769614321289359e-05 0.00011691783481101768 0.0013913062168626584 0.006864488081131437 0.01968294341284078 0.039440762850920685 0.06502979610848356 0.09472968461140564 0.12344716174323651 0.1346299882715358 0.12759516711943505 0.12298490884462644 0.09884115202935019 0.07108130245794002 0.04567932578527152 0.026801276982388874 0.014186011069444317 0.006424477639889314 0.0009804392844879534 5.6643056844634014e-05 4.0554358654489945e-06 7.135551939330732e-07 4.10469917587139e-07 8.085274083233084e-08 0.0 0.0 0.0 0.0 0.0 0.0 0.0
467 0.0 0.0 0.0 0.0 0.0 0.0 0.0 3.505439788452198e-08 1.7196296268822503e-07 2.872356875488233e-07 2.364981328902486e-06 7.788518053637615e-05 0.0015601003263713787 0.007047506965070418 0.020545072489052234 0.0477959015793086 0.08271286500338028 0.11355606608191997 0.13064329868681507 0.12720774507306096 0.11578952737212624 0.11002522414079662 0.09027147290581139 0.06666075167655106 0.04356033681050072 0.023845729396976188 0.012326225250357535 0.005406560854147661 0.0009399686938960257 2.3324859380988164e-05 4.681627973236797e-07 2.82301169520188e-07 1.5066656831226773e-07 5.360936647568577e-08 0.0 0.0 0.0 0.0 0.0 0.0 0.0
468 0.0 0.0 0.0 0.0 0.0 0.0 0.0 6.147290752729858e-08 2.6872544316289437e-07 3.9538779142672353e-07 3.3848599926034294e-06 8.247990026409e-05 0.0016292569682020092 0.007161474629039374 0.020594465911874034 0.04724495027953854 0.08014078178678284 0.11022014474817497 0.1287482669365117 0.12735017044956573 0.1171866377016198 0.11121936233386569 0.09185149493614196 0.06784048079508609 0.044596159761145365 0.024565880131929972 0.01281758776510509 0.0057178670971464425 0.0009960598393896091 2.9555848055781172e-05 1.3325668548521084e-06 3.46178241939809e-07 2.1955012026758476e-07 2.0226280246724e-08 0.0 0.0 0.0 0.0 0.0 0.0 0.0
469 0.0 0.0 0.0 0.0 0.0 0.0 0.0 6.212099118259224e-09 6.45764555980644e-08 8.17925030350657e-08 2.6612288064963746e-06 4.79294397006932e-05 0.0014273396397411603 0.007207504798168553 0.020868642832779467 0.04622662462789729 0.07882103598231299 0.10812796857870245 0.12999026734740343 0.12995419868806105 0.11827347037358961 0.11289157492085355 0.09176883191520964 0.06758321710637148 0.04365220210105393 0.023946084781761225 0.012736908897681665 0.005636692329155194 0.0008220609484691008 1.3982934462327267e-05 1.7833417552913922e-07 9.493963060932031e-08 5.336043826219035e-08 2.296709151273316e-08 0.0 0.0 0.0 0.0 0.0 0.0 0.0
470 0.0 0.0 0.0 0.0 0.0 0.0 0.0 3.428737652168758e-07 1.459647390126479e-06 2.5380913712523794e-06 6.7193706279297185e-06 3.7002536063917325e-05 0.0001817047456878169 0.001480759783610225 0.009868415034705074 0.027629360092112115 0.05239913722214371 0.08015787961914136 0.11195006377058968 0.139175026921596 0.1487802776994598 0.14001338996202134 0.1139688647524006 0.08240232848476435 0.053712967779288384 0.02739927776596451 0.009418397032273564 0.001167938882057848 0.00017042141090814302 5.279347722968363e-05 1.2639738937698076e-05 2.4448685027317886e-06 1.6664984290201795e-06 4.122922902549848e-07 0.0 0.0 0.0 0.0 0.0 0.0 0.0
471 0.0 0.0 0.0 0.0 0.0 0.0 0.0 5.104865203362532e-07 1.577743084871675e-06 3.6557084847425483e-06 2.8745252695472037e-05 7.824875838826559e-05 0.00020281108382844072 0.001815763533283627 0.011396021815882748 0.02812703529774102 0.053596599359281114 0.08295801971102945 0.11390661086437552 0.13970138223690687 0.14882860302578926 0.13804316514671333 0.1092907640564203 0.07841291112391124 0.05077242826251998 0.027776128058205413 0.012201089914835478 0.0025494454063049133 0.00025013953797896663 4.279583519675935e-05 5.8327856483083826e-06 2.2352072717795698e-06 1.5118481123840252e-06 3.777285540961369e-07 0.0 0.0 0.0 0.0 0.0 0.0 0.0
472 0.0 0.0 0.0 0.0 0.0 0.0 0.0 1.3687694857641403e-07 4.4325977521963976e-07 7.742142762382852e-07 1.8829362862546864e-06 4.384816596770151e-05 0.0005272951433406484 0.005099672781526471 0.014690467524607035 0.02643235076427083 0.04399972143338736 0.0716569091624032 0.10347415682600683 0.1310594011801135 0.1401524336331252 0.14256926259117672 0.11940798151299323 0.08766056668777944 0.056307401021277625 0.03342480347359928 0.01717635003382921 0.00540536819095429 0.00066732748644082 0.00011916484931122771 0.00011547656150129063 4.602202357344492e-06 4.6871302922499376e-07 9.500004317276486e-08 0.0 0.0 0.0 0.0 0.0 0.0 0.0
473 0.0 0.0 0.0 0.0 0.0 0.0 0.0 3.511796575953461e-07 1.1750532548382522e-06 2.2057288001282575e-06 9.482483211323173e-06 4.247032735403409e-05 0.0001797145113916613 0.0011494638388332337 0.008894566318504571 0.027361553330433237 0.0530245726965778 0.08132489382841313 0.11354686458887017 0.139810744239157 0.14862374152143254 0.1399356183012446 0.11375395422951981 0.08163005600680151 0.05330039969878806 0.027302108532619173 0.008790609818814563 0.0010831964925598855 0.000167215330257884 4.642754722622928e-05 9.536500562082273e-06 2.3161416422088574e-06 1.3423655603065006e-06 2.845154290093879e-07 0.0 0.0 0.0 0.0 0.0 0.0 0.0
474 0.0 0.0 0.0 0.0 0.0 0.0 0.0 2.91058232406702e-07 9.712534320901262e-07 5.356119404863624e-06 7.430911752787889e-05 0.00010214340000609753 0.0002826395490094239 0.0034480234152077737 0.013637843463788156 0.02918670258033701 0.053180776620952705 0.08415235929197479 0.11596210916891973 0.14107862462001056 0.1478416547967298 0.13489873214588233 0.10559411501678721 0.07659226452663337 0.04775025819974149 0.02760329412325898 0.014282004890370686 0.0039060110357290755 0.0003380416629748318 6.526724557229526e-05 9.567900608430878e-06 1.5824210126219167e-06 8.634821702604082e-07 2.589834399293118e-07 0.0 0.0 0.0 0.0 0.0 0.0 0.0
475 0.0 0.0 0.0 0.0 0.0 0.0 0.0 9.180680467463513e-08 2.8636200418391896e-07 4.3508481196621317e-07 8.703911070411132e-06 0.00010603094115623429 0.0016131716123315408 0.0072753265909928965 0.0206332029743705 0.04437091218964458 0.07328937345056834 0.10226706611158622 0.1262942915932692 0.13034054220067556 0.1211828819467564 0.11578229520741326 0.09483765957159923 0.06971590975056434 0.04570840096731012 0.025671731665160704 0.0135545366835394 0.006275362297819745 0.0010315130243893492 3.769372433639292e-05 8.241021603942022e-07 4.791076302241622e-07 2.3069288653666268e-07 5.0254041355135025e-08 0.0 0.0 0.0 0.0 0.0 0.0 0.0
476 0.0 0.0 0.0 0.0 0.0 0.0 0.0 1.7429319271557388e-07 4.5985561499425645e-07 8.956567952259915e-07 3.7416074117879056e-06 5.531278579272614e-05 0.0003775003871565728 0.004471206081338649 0.014788797942216304 0.026879504246508038 0.04502446392809521 0.07316127535199164 0.10388024497996463 0.132307840449833 0.14509113970146767 0.14311826410634423 0.11827167562802615 0.08554207269918708 0.05461128094394451 0.03122252171257132 0.01574269305738342 0.004798016714082956 0.0004124464094225025 0.00010376717464458041 0.00012526042067670758 6.409498693240463e-06 6.515229606770443e-07 1.6115741800305654e-07 0.0 0.0 0.0 0.0 0.0 0.0 0.0
477 0.0 0.0 0.0 0.0 0.0 0.0 0.0 4.3837740938921763e-07 1.2676278899831158e-06 2.930575637531946e-06 2.196906944205574e-05 6.378321789177257e-05 0.00017589548578953725 0.0013046398496315869 0.009884463705436471 0.027539765211235245 0.053638002855294506 0.08283239377762366 0.11416093115950253 0.14002241689213527 0.1494187996465175 0.13871917880393328 0.11107081064943941 0.07933825634114305 0.05155809468141627 0.02760750612492932 0.010590354248246994 0.0017882478393584996 0.00021290279015516894 3.411415706192663e-05 3.971062166351713e-06 2.1916899403392677e-06 1.2923962919145454e-06 3.5315501858155186e-07 0.0 0.0 0.0 0.0 0.0 0.0 0.0
478 0.0 0.0 0.0 0.0 0.0 0.0 0.0 7.890671004304665e-09 6.890524677050962e-08 1.243719856461038e-07 2.848889088378441e-07 2.2940689195613435e-05 0.0009291747993032309 0.006194926736410996 0.013347919543511534 0.024877498425414694 0.04482146253855518 0.06892326586458755 0.09434157958092505 0.11644181775135534 0.12130543589213705 0.13198834974670298 0.12745826658901435 0.10230180685237183 0.0735329902781572 0.04401595965177545 0.02053069051109274 0.0073630196974367994 0.0015053475803859947 9.248153282190908e-05 3.973235851084727e-06 1.5300533960868343e-07 8.098933860068085e-08 3.9025591239359745e-08 0.0 0.0 0.0 0.0 0.0 0.0 0.0
479 0.0 0.0 0.0 0.0 0.0 0.0 0.0 3.357157520430699e-07 9.148287926525428e-07 1.537304906076933e-06 6.010581988988514e-06 4.41740700725086e-05 0.00023986907851325886 0.002172621889605498 0.011482165455522657 0.027299393576028876 0.05032473290709018 0.07839591847396432 0.10949597869752976 0.13851548809357941 0.15000307596419424 0.14111130927077012 0.11506858763619955 0.0832550856648818 0.05321601419500794 0.027001394859724585 0.010487661855371111 0.0015360965975414998 0.00019876324703538991 9.279320700445435e-05 4.176744024231332e-05 3.6635956448320835e-06 9.199587954836711e-07 2.1393268679320052e-07 0.0 0.0 0.0 0.0 0.0 0.0 0.0
480 0.0 0.0 0.0 0.0 0.0 0.0 0.0 1.7145186917638137e-07 7.242878248847913e-07 1.127498899828079e-06 5.897433081244613e-06 5.688983880134931e-05 0.0002990275446462539 0.0035683299623033185 0.013887081469759055 0.027427760682203886 0.04777806695435913 0.07675008640941475 0.10592044518780142 0.1353245485704826 0.14857872598586436 0.14220103515798896 0.1165042698119764 0.08437061897440155 0.052843883270281534 0.028230520786037393 0.012769907826562385 0.0030164356105381865 0.0002616557049750614 0.00010250234441894695 9.03433517713647e-05 6.366614381112965e-06 6.863433405983186e-07 1.9025781035774053e-07 0.0 0.0 0.0 0.0 0.0 0.0 0.0
481 0.0 0.0 0.0 0.0 0.0 0.0 0.0 0.0 4.178099273726159e-09 1.3176993285020024e-08 3.936914045811058e-08 3.831260152938452e-06 0.0005785459514997489 0.005234309766319248 0.012139463798827065 0.02318509116590233 0.042200703689254514 0.06702253430983307 0.09114397683530134 0.11229157748771676 0.11775308601928605 0.13082727201071245 0.1322098054238754 0.11016650234629022 0.07979287590493568 0.046232002881673985 0.020940669838535077 0.007061746827815708 0.0011710952122007598 4.316286781699683e-05 1.5718257284144518e-06 3.0959631870465795e-08 2.0616979800903207e-08 4.390700309900777e-09 0.0 0.0 0.0 0.0 0.0 0.0 0.0
482 0.0 0.0 0.0 0.0 0.0 0.0 0.0 1.670287850542011e-09 1.1523809741958297e-08 9.183479818460652e-09 2.0895379750963084e-08 7.884606554383328e-07 0.0004946424095913437 0.00563901388630194 0.012921452319144185 0.024252156039647487 0.04336710159185225 0.06791277627237795 0.09425845747112206 0.11906793294739902 0.12448598220244225 0.13579047495051433 0.12932281054299272 0.10084663122676106 0.07191174874007632 0.042209675229802755 0.019677412968994137 0.0068488347518017405 0.0009414930191682471 4.591133259733371e-05 4.608963628362514e-06 1.3843029445935369e-08 3.3231317241119468e-09 2.8505323097560212e-09 0.0 0.0 0.0 0.0 0.0 0.0 0.0
