data/processed/NGC4621-mock-iso/histograms_set_o.ecsv
# %ECSV 1.0
# ---
# datatype:
# - {name: binID, datatype: int64}
# - {name: losvd_0, datatype: float64}
# - {name: losvd_1, datatype: float64}
# - {name: losvd_2, datatype: float64}
# - {name: losvd_3, datatype: float64}
# - {name: losvd_4, datatype: float64}
# - {name: losvd_5, datatype: float64}
# - {name: losvd_6, datatype: float64}
# - {name: losvd_7, datatype: float64}
# - {name: losvd_8, datatype: float64}
# - {name: losvd_9, datatype: float64}
# - {name: losvd_10, datatype: float64}
# - {name: losvd_11, datatype: float64}
# - {name: losvd_12, datatype: float64}
# - {name: losvd_13, datatype: float64}
# - {name: losvd_14, datatype: float64}
# - {name: losvd_15, datatype: float64}
# - {name: losvd_16, datatype: float64}
# - {name: losvd_17, datatype: float64}
# - {name: losvd_18, datatype: float64}
# - {name: losvd_19, datatype: float64}
# - {name: losvd_20, datatype: float64}
# - {name: losvd_21, datatype: float64}
# - {name: losvd_22, datatype: float64}
# - {name: losvd_23, datatype: float64}
# - {name: losvd_24, datatype: float64}
# - {name: losvd_25, datatype: float64}
# - {name: losvd_26, datatype: float64}
# - {name: losvd_27, datatype: float64}
# - {name: losvd_28, datatype: float64}
# - {name: losvd_29, datatype: float64}
# - {name: losvd_30, datatype: float64}
# - {name: losvd_31, datatype: float64}
# - {name: losvd_32, datatype: float64}
# - {name: losvd_33, datatype: float64}
# - {name: losvd_34, datatype: float64}
# - {name: losvd_35, datatype: float64}
# - {name: losvd_36, datatype: float64}
# - {name: losvd_37, datatype: float64}
# - {name: losvd_38, datatype: float64}
# - {name: losvd_39, datatype: float64}
# - {name: losvd_40, datatype: float64}
# meta: !!omap
# - {dv: 80.0}
# - vcent: [-1600.0, -1520.0, -1440.0, -1360.0, -1280.0, -1200.0, -1120.0, -1040.0, -960.0, -880.0, -800.0, -720.0, -640.0, -560.0, -480.0,
#     -400.0, -320.0, -240.0, -160.0, -80.0, 0.0, 80.0, 160.0, 240.0, 320.0, 400.0, 480.0, 560.0, 640.0, 720.0, 800.0, 880.0, 960.0, 1040.0,
#     1120.0, 1200.0, 1280.0, 1360.0, 1440.0, 1520.0, 1600.0]
# - {nbins: 618}
# - {nvbins: 41}
# schema: astropy-2.0
binID losvd_0 losvd_1 losvd_2 losvd_3 losvd_4 losvd_5 losvd_6 losvd_7 losvd_8 losvd_9 losvd_10 losvd_11 losvd_12 losvd_13 losvd_14 losvd_15 losvd_16 losvd_17 losvd_18 losvd_19 losvd_20 losvd_21 losvd_22 losvd_23 losvd_24 losvd_25 losvd_26 losvd_27 losvd_28 losvd_29 losvd_30 losvd_31 losvd_32 losvd_33 losvd_34 losvd_35 losvd_36 losvd_37 losvd_38 losvd_39 losvd_40
[from data line 51]
52 0.0 0.0 0.0 0.0 0.0 0.0 0.0 4.647447000446751e-06 1.7962774153245833e-05 3.242736555064077e-05 5.6779453152987695e-05 0.0001907075599646159 0.0015423420474255428 0.007236905883734789 0.01968092111342536 0.03687906682518627 0.058705057878383836 0.08302845228703598 0.10726374015825198 0.12205439429909226 0.12492221004448181 0.12157069378324799 0.10719234566591147 0.08398847625326353 0.060592646788839306 0.03558581551239827 0.01908482201887825 0.00808101295108451 0.0019302156008271691 0.0001905057140987401 5.1181524506784613e-05 2.850295700325622e-05 1.6243619601708716e-05 4.612690711185408e-06 0.0 0.0 0.0 0.0 0.0 0.0 0.0
53 0.0 0.0 0.0 0.0 0.0 0.0 0.0 3.6162112510276226e-06 1.328847715686715e-05 2.338313903189438e-05 4.285318944834229e-05 0.00014834383336707747 0.0010095389025332547 0.005645614358269616 0.017572521691784602 0.033332513711401314 0.05531415595609104 0.08102158435500983 0.10816224765738999 0.12951911701362168 0.13486666933054967 0.12895024540667865 0.10831713922265747 0.08071526185594544 0.055800391890348446 0.0329887931851848 0.01808088630316948 0.006936142534389023 0.0012725190362866893 0.00013816591987444164 3.856719422388212e-05 2.0084294266458558e-05 1.3144526637809623e-05 3.409247975987735e-06 0.0 0.0 0.0 0.0 0.0 0.0 0.0
54 0.0 0.0 0.0 0.0 0.0 0.0 0.0 3.1160437872933834e-06 1.2323023950196974e-05 2.112850113282678e-05 3.8147491187886316e-05 0.00015372316191428046 0.0014052495776400867 0.006945434909415043 0.020173171797013115 0.03818287042908112 0.06019472437955686 0.0854280348268309 0.1099167713227617 0.12390632585463768 0.12505067984864426 0.12094070809700348 0.10485838560544965 0.08156518986662618 0.05845809803340502 0.03434276244557495 0.018544630610226934 0.007836903888097576 0.0017596533404897975 0.00014907148819360365 3.7218480355444e-05 1.831872528945701e-05 1.0924250922568662e-05 2.9631467942192348e-06 0.0 0.0 0.0 0.0 0.0 0.0 0.0
55 0.0 0.0 0.0 0.0 0.0 0.0 0.0 8.107821300156867e-06 2.967546201341932e-05 5.057077402605269e-05 8.678283886903967e-05 0.00022259831655852742 0.0010830727822379942 0.00501132253078913 0.015247525237534811 0.03252825983998531 0.05797018596717243 0.08289215096854198 0.10883939648875936 0.12947712135301948 0.1352125140964428 0.12936598027896629 0.10874689291357123 0.08265479790374954 0.05746398148227286 0.03187268850768733 0.01493714201811066 0.0047424640337489585 0.0010371275671577586 0.00022398753601945865 9.111650724744685e-05 5.204672704144064e-05 3.033994161904046e-05 7.925519361673295e-06 0.0 0.0 0.0 0.0 0.0 0.0 0.0
56 0.0 0.0 0.0 0.0 0.0 0.0 0.0 5.393613145427538e-06 2.1930704965743044e-05 3.5606074723774935e-05 6.341472660423061e-05 0.00015458081255861065 0.0007789287435670113 0.003923765935803133 0.01388433117036668 0.031176070025104974 0.05720502896984303 0.08267321581937556 0.10960654837850604 0.131770102462452 0.13746345289838754 0.13156296634899686 0.10934006824694283 0.08249099688837858 0.057244279438728084 0.031412816760800225 0.013983916557037155 0.004043219281258017 0.0008021823466817166 0.0001551543613276219 6.23531365990054e-05 3.4620698734858944e-05 2.0464654765053234e-05 5.372822303562036e-06 0.0 0.0 0.0 0.0 0.0 0.0 0.0
57 0.0 0.0 0.0 0.0 0.0 0.0 0.0 1.228989879754323e-05 4.611873170839033e-05 7.608053334650508e-05 0.00013249974658693302 0.0003602223315781691 0.0019650425928698597 0.007699381546758648 0.01866422003746843 0.036245485766972216 0.06113368294936894 0.08465854174136656 0.1086886656879414 0.12466457519327223 0.12885202420600464 0.12271157595534404 0.1050624552833088 0.08102261117562728 0.05717010801486361 0.03354431448857027 0.01765092003629674 0.007027161399205452 0.001761723220552158 0.00037001186505957546 0.00014985259707893134 8.401257551232914e-05 4.9257706865112795e-05 1.2911409471286934e-05 0.0 0.0 0.0 0.0 0.0 0.0 0.0
58 0.0 0.0 0.0 0.0 0.0 0.0 0.0 1.550556551131024e-05 5.8270627932111184e-05 9.482854116679159e-05 0.00016279915062708723 0.0004501094955164589 0.002413503533963237 0.008669523262998526 0.01973727492906369 0.038323227980465384 0.06368580805786013 0.08609727307640248 0.10796979772864669 0.12149845441288036 0.12486303721315051 0.1195468202216444 0.1035110596300593 0.08050366756999806 0.057571394113343534 0.03472535620526981 0.0187506638638169 0.00810402917705926 0.002181311917121035 0.0004639526632415533 0.00018844811987596397 0.00010622117207494095 6.236639717838471e-05 1.613165491102874e-05 0.0 0.0 0.0 0.0 0.0 0.0 0.0
59 0.0 0.0 0.0 0.0 0.0 0.0 0.0 8.627786966886789e-06 3.2577891402789476e-05 5.350784342119476e-05 9.40663293728196e-05 0.00025338106716261396 0.001427121761895191 0.006397422130996136 0.017084805337416686 0.033952526677549576 0.05861648128597391 0.0832075451820257 0.10920821353588239 0.12796207498938278 0.13300442885726807 0.12685657183339463 0.10739525546384876 0.08166198151296522 0.056687913426109834 0.03225112586217308 0.01628142727692131 0.0056932767380229905 0.0012812510053045083 0.0002567612741744378 0.0001031344282392656 5.8619701494457814e-05 3.447480570583957e-05 8.537302086129985e-06 0.0 0.0 0.0 0.0 0.0 0.0 0.0
60 0.0 0.0 0.0 0.0 0.0 0.0 0.0 1.6021913946775104e-05 6.0623691321416066e-05 9.959815568253889e-05 0.0001709966092313433 0.0004802302905936129 0.0026451410483148774 0.009113894628743893 0.020326260458956233 0.03950548415907539 0.0654416036697524 0.08710672764862369 0.10748082262144942 0.11934989545126151 0.12219272241070032 0.11783309786732922 0.10281266996483275 0.08031223143047421 0.05791683185263243 0.035496803957131444 0.019419688655147985 0.008682221537901047 0.002398574235460559 0.0004969688774534292 0.00020077055328706673 0.00011232809503675437 6.656951119157637e-05 1.721945454308773e-05 0.0 0.0 0.0 0.0 0.0 0.0 0.0
61 0.0 0.0 0.0 0.0 0.0 0.0 0.0 3.562279848866094e-06 1.382975659620315e-05 2.4054910028275664e-05 4.3538957370688194e-05 0.00011358420743304476 0.0006556546831060385 0.003997646067258134 0.015239917926326398 0.03144298015872148 0.055236359556314875 0.0812282796803958 0.10983206541492731 0.13355756369217026 0.13917002942978468 0.13260952518319802 0.10861212021954435 0.0804562161645499 0.05529673659985924 0.03148989304344313 0.015337730046849095 0.004640293664305235 0.0007577135950468053 0.00011296119689114115 3.900942225672805e-05 2.1603990710099576e-05 1.285959848887829e-05 3.2930118017115106e-06 0.0 0.0 0.0 0.0 0.0 0.0 0.0
62 0.0 0.0 0.0 0.0 0.0 0.0 0.0 3.1078281614259526e-06 1.3032024596293528e-05 2.1360153287045822e-05 3.921567142312475e-05 0.00011251353871706356 0.0007404001947443824 0.004586815358004211 0.016379789139543743 0.03202249221559229 0.05474105910812783 0.08114634203386727 0.10956253546763593 0.13282270008526945 0.13839197917374682 0.1316032718262079 0.10819709083555344 0.07986469021182845 0.054658647995746774 0.031829033299031376 0.016588254604189587 0.005561888815265628 0.0008908389351783951 0.00010783108348853028 3.534776616426272e-05 1.9545648121204126e-05 1.1579523692711243e-05 3.351709545716369e-06 0.0 0.0 0.0 0.0 0.0 0.0 0.0
63 0.0 0.0 0.0 0.0 0.0 0.0 0.0 3.6248161051833084e-06 1.4858943826249847e-05 2.41633275815702e-05 4.7145390621354954e-05 0.00011414420236330577 0.0006026648697025413 0.0034746379547204278 0.0139978472053691 0.031104059226493133 0.0557184066489801 0.08187559615879739 0.11038278635230721 0.13394496378595294 0.1394431845077151 0.13314877470727413 0.10920417619752677 0.08125748062891722 0.05578081797171459 0.031184484519134078 0.013914855957043193 0.003846708218456004 0.0006653098634391904 0.00011248345575863846 4.182506890159845e-05 2.3659427476964293e-05 1.4035623173525055e-05 3.6895256947410825e-06 0.0 0.0 0.0 0.0 0.0 0.0 0.0
64 0.0 0.0 0.0 0.0 0.0 0.0 0.0 2.7643737009548993e-06 1.0343154394106856e-05 1.8144181944462868e-05 3.447924540638535e-05 0.00013949424631719674 0.0010969569849026337 0.00594224252410067 0.01834069949626849 0.034654044759102054 0.05654253213533133 0.08251739526431916 0.10899451651995994 0.1291474573852436 0.1330468689320586 0.12695841896872553 0.10695890750850097 0.08000460122837 0.055573384585804374 0.032816623612701976 0.018364346290443024 0.007252561245757451 0.00135444780189924 0.0001278857225064958 3.282940623080008e-05 1.6286594007746483e-05 1.0034014087721367e-05 2.7280651566634915e-06 0.0 0.0 0.0 0.0 0.0 0.0 0.0
65 0.0 0.0 0.0 0.0 0.0 0.0 0.0 4.742966857384156e-06 1.748356445647919e-05 2.957598399203902e-05 5.430958395320731e-05 0.00013504619759885302 0.0007274749424004245 0.003769997150990091 0.013658240208715842 0.031150952156995055 0.05680690025599853 0.08238746649604317 0.10951681072457847 0.13239202384448934 0.13825860920268182 0.1326001241126453 0.10993108173731732 0.08253535890731291 0.056814118196873944 0.030980092384118377 0.013591126228576424 0.0036190428890328914 0.0007077086551914759 0.00013575397653022069 5.3722986704523004e-05 3.0495418592103588e-05 1.8167899824338864e-05 4.831847750056006e-06 0.0 0.0 0.0 0.0 0.0 0.0 0.0
66 0.0 0.0 0.0 0.0 0.0 0.0 0.0 2.5090020034164922e-06 9.609939245283372e-06 1.692405643307221e-05 3.322669511593541e-05 0.00014840388677820425 0.001299094272246431 0.006556307752577037 0.01959027410848646 0.037309120704985814 0.0597429895255733 0.08519102821775443 0.10999120500204831 0.12650676564852478 0.12792135577567834 0.12302274163262357 0.10506575655676115 0.08012268028936465 0.056603540193848875 0.03322298920108848 0.01822593204956482 0.007600119187742837 0.001585493196750849 0.0001372374152838334 3.1475242767947095e-05 1.5368886803845762e-05 9.154737815208964e-06 2.5678849749287707e-06 0.0 0.0 0.0 0.0 0.0 0.0 0.0
67 0.0 0.0 0.0 0.0 0.0 0.0 0.0 2.712594545113572e-06 1.0319049626705822e-05 1.8203534516843407e-05 3.480529918689427e-05 0.00011001351550943274 0.0008529410509058187 0.005151952966401365 0.01722915267362109 0.0331086685523796 0.05485318989157693 0.08153579682266142 0.10948351997477432 0.1322786730949096 0.13711894294295277 0.12979839124683826 0.107359674857636 0.07933162990489588 0.05436513325593577 0.03215704400564603 0.01755787250842796 0.006410241609836492 0.0010208356835968717 0.00010985972583496016 3.157949517958304e-05 1.65614689191157e-05 1.003530096772613e-05 2.8890997103966833e-06 0.0 0.0 0.0 0.0 0.0 0.0 0.0
68 0.0 0.0 0.0 0.0 0.0 0.0 0.0 3.4948323416360513e-06 1.3476875760761145e-05 2.37789662735753e-05 4.508840748189061e-05 0.00011037332528773438 0.0005592785362301572 0.003085088362760911 0.013082884317591498 0.030765873694651537 0.056304376458722064 0.08230093337951579 0.11027242002660358 0.1342669508701818 0.1395342179518292 0.13383013137728006 0.10962493753184559 0.08201685821416832 0.05631390306371867 0.030783632594403344 0.013034352607841368 0.0032099278629255023 0.0005727876192695542 0.00010915032009133305 4.270612987195791e-05 2.3101822426793725e-05 1.4397307691556092e-05 3.473788119888788e-06 0.0 0.0 0.0 0.0 0.0 0.0 0.0
69 0.0 0.0 0.0 0.0 0.0 0.0 0.0 5.406049065162724e-06 2.1252987688252426e-05 3.550929269714515e-05 6.219585296220003e-05 0.00016574239318644773 0.000986720562012017 0.004999834422819094 0.01544746971871674 0.03218401087192312 0.05686709505469187 0.08195732811414487 0.10918595635874664 0.13079871135710178 0.1367682954886873 0.1309950659217899 0.10944213301760371 0.08179563120631242 0.056258562137279734 0.031332879473594304 0.014999541597697483 0.004435912636829001 0.0008750037382735795 0.0001648398263991906 6.70848365003136e-05 3.8076459050366824e-05 2.1897015099149738e-05 5.4623826648961695e-06 0.0 0.0 0.0 0.0 0.0 0.0 0.0
70 0.0 0.0 0.0 0.0 0.0 0.0 0.0 2.2945858401222365e-06 8.533526057410487e-06 1.480501728390467e-05 2.8117705377889333e-05 0.0001374079951353424 0.001208853059680393 0.006199880200388209 0.018928263396475863 0.03599380191491485 0.05876790042801753 0.08513496229145505 0.11080917090263864 0.12897589298575712 0.13088442101204867 0.12477426013589774 0.10520245755856898 0.07887540516045666 0.0548943482734377 0.0322429800130796 0.01800265487579515 0.007325994105508287 0.001381879033123687 0.00012143164093566516 2.8483023834926178e-05 1.3290250555801413e-05 8.404785240758797e-06 2.1134523555017953e-06 0.0 0.0 0.0 0.0 0.0 0.0 0.0
71 0.0 0.0 0.0 0.0 0.0 0.0 0.0 2.133264538515282e-06 9.594814956790182e-06 1.54720578318197e-05 3.438884125532619e-05 0.0001322210890773649 0.0009791932176426352 0.005635469361089015 0.017877743232988963 0.033813931942775405 0.056112424305704345 0.0828744109698432 0.11021782129289953 0.13178614174148195 0.13539456304021874 0.12804947123102164 0.1062926035152718 0.07853100397728191 0.05413953219832356 0.031889245970112376 0.017972893116081457 0.006881995285628604 0.0011509785394028178 0.00011705060012318763 3.151189617075996e-05 1.3919102748509618e-05 8.50296581196123e-06 2.1032416944390365e-06 0.0 0.0 0.0 0.0 0.0 0.0 0.0
72 0.0 0.0 0.0 0.0 0.0 0.0 0.0 2.808026102279674e-06 1.058592940081674e-05 1.7610638957163942e-05 3.9521485631310274e-05 9.971704786904103e-05 0.0005580021158297822 0.0035642444773867103 0.015265987384083055 0.03174772858634722 0.05510491546408282 0.08138793232412915 0.11023698041536692 0.1344006821431258 0.14038625283919795 0.1336886751097935 0.10859675366605896 0.07981678112170373 0.05460131099711488 0.03099675507265217 0.014591031159941887 0.004058253188687556 0.000634371948484157 9.033269040424904e-05 3.3303348775952546e-05 1.666432383988605e-05 1.0625815381187905e-05 2.565301997404281e-06 0.0 0.0 0.0 0.0 0.0 0.0 0.0
73 0.0 0.0 0.0 0.0 0.0 0.0 0.0 2.4424703859375104e-06 9.358853751538837e-06 1.5929031385456787e-05 2.973296897770686e-05 0.000142352516938761 0.0014659096413334825 0.007061252576480107 0.021012676586778068 0.04043782702845772 0.06281217931845981 0.08890821092938272 0.11275416101564888 0.12357559873472597 0.12192213123054699 0.1180579438991479 0.10214940087196797 0.08011246192637665 0.05785751423762285 0.03397625551459742 0.0180400177007829 0.007708921357613725 0.0017262007721007332 0.00012881845269049812 3.105428469412338e-05 1.521450740390533e-05 8.548591119905637e-06 2.3117801828477965e-06 0.0 0.0 0.0 0.0 0.0 0.0 0.0
74 0.0 0.0 0.0 0.0 0.0 0.0 0.0 2.4497549509649913e-06 9.573301501368515e-06 1.6938909066523778e-05 3.556355848359175e-05 0.00010569862648436229 0.0006315579642987223 0.004245784725251824 0.01639338324586452 0.032426030128378996 0.05467933547254748 0.081372613976289 0.1100602130565987 0.13393314218578306 0.13986814702339137 0.13236898776014872 0.10788923899007125 0.0790369791984774 0.053784778726848004 0.03127595573669669 0.015937934437997337 0.005007223432563053 0.0007280542027009946 9.489931057879207e-05 3.161970321075857e-05 1.5586618356997845e-05 9.079035335364184e-06 2.626002362650188e-06 0.0 0.0 0.0 0.0 0.0 0.0 0.0
75 0.0 0.0 0.0 0.0 0.0 0.0 0.0 2.1258704867814003e-06 8.25040164823937e-06 1.4315457533968323e-05 2.7007602566234675e-05 0.00014380338670334493 0.0014196391625311774 0.006943481351453135 0.02070119706304882 0.0402062633637307 0.06294244246856323 0.08917613366539791 0.11324639650780077 0.12478661175171467 0.12305476285081461 0.11908733900544975 0.10209978578593626 0.07928439005148942 0.05654468094705385 0.03321678814970471 0.017653520532376937 0.007595297400661228 0.0016379539269472105 0.00012357899785841252 2.9301919484494464e-05 1.3213835970903214e-05 8.271727082871125e-06 2.08117741995787e-06 0.0 0.0 0.0 0.0 0.0 0.0 0.0
76 0.0 0.0 0.0 0.0 0.0 0.0 0.0 2.679959050724507e-06 1.0649418134216598e-05 1.790105358695872e-05 3.349382855485325e-05 9.344311439423567e-05 0.00048500572433753217 0.0030190294339617323 0.013953705542702274 0.031249437827281786 0.05566742055907107 0.08171419820457021 0.11039224338181244 0.13478798588171656 0.14043699252497802 0.13450974819113604 0.10947288456172534 0.0809076645565183 0.05524512859323385 0.03066480612054519 0.013328786030053512 0.003283710124936403 0.0005312447370135096 8.760879632973939e-05 3.167447771834214e-05 1.7863487350547896e-05 1.0661741471055209e-05 2.652049502766623e-06 0.0 0.0 0.0 0.0 0.0 0.0 0.0
