data/processed/NGC4621-mock-iso/histograms_set_o.ecsv
# %ECSV 1.0
# ---
# datatype:
# - {name: binID, datatype: int64}
# - {name: losvd_0, datatype: float64}
# - {name: losvd_1, datatype: float64}
# - {name: losvd_2, datatype: float64}
# - {name: losvd_3, datatype: float64}
# - {name: losvd_4, datatype: float64}
# - {name: losvd_5, datatype: float64}
# - {name: losvd_6, datatype: float64}
# - {name: losvd_7, datatype: float64}
# - {name: losvd_8, datatype: float64}
# - {name: losvd_9, datatype: float64}
# - {name: losvd_10, datatype: float64}
# - {name: losvd_11, datatype: float64}
# - {name: losvd_12, datatype: float64}
# - {name: losvd_13, datatype: float64}
# - {name: losvd_14, datatype: float64}
# - {name: losvd_15, datatype: float64}
# - {name: losvd_16, datatype: float64}
# - {name: losvd_17, datatype: float64}
# - {name: losvd_18, datatype: float64}
# - {name: losvd_19, datatype: float64}
# - {name: losvd_20, datatype: float64}
# - {name: losvd_21, datatype: float64}
# - {name: losvd_22, datatype: float64}
# - {name: losvd_23, datatype: float64}
# - {name: losvd_24, datatype: float64}
# - {name: losvd_25, datatype: float64}
# - {name: losvd_26, datatype: float64}
# - {name: losvd_27, datatype: float64}
# - {name: losvd_28, datatype: float64}
# - {name: losvd_29, datatype: float64}
# - {name: losvd_30, datatype: float64}
# - {name: losvd_31, datatype: float64}
# - {name: losvd_32, datatype: float64}
# - {name: losvd_33, datatype: float64}
# - {name: losvd_34, datatype: float64}
# - {name: losvd_35, datatype: float64}
# - {name: losvd_36, datatype: float64}
# - {name: losvd_37, datatype: float64}
# - {name: losvd_38, datatype: float64}
# - {name: losvd_39, datatype: float64}
# - {name: losvd_40, datatype: float64}
# meta: !!omap
# - {dv: 80.0}
# - vcent: [-1600.0, -1520.0, -1440.0, -1360.0, -1280.0, -1200.0, -1120.0, -1040.0, -960.0, -880.0, -800.0, -720.0, -640.0, -560.0, -480.0,
#     -400.0, -320.0, -240.0, -160.0, -80.0, 0.0, 80.0, 160.0, 240.0, 320.0, 400.0, 480.0, 560.0, 640.0, 720.0, 800.0, 880.0, 960.0, 1040.0,
#     1120.0, 1200.0, 1280.0, 1360.0, 1440.0, 1520.0, 1600.0]
# - {nbins: 618}
# - {nvbins: 41}
# schema: astropy-2.0
binID losvd_0 losvd_1 losvd_2 losvd_3 losvd_4 losvd_5 losvd_6 losvd_7 losvd_8 losvd_9 losvd_10 losvd_11 losvd_12 losvd_13 losvd_14 losvd_15 losvd_16 losvd_17 losvd_18 losvd_19 losvd_20 losvd_21 losvd_22 losvd_23 losvd_24 losvd_25 losvd_26 losvd_27 losvd_28 losvd_29 losvd_30 losvd_31 losvd_32 losvd_33 losvd_34 losvd_35 losvd_36 losvd_37 losvd_38 losvd_39 losvd_40
[from data line 153]
154 0.0 0.0 0.0 0.0 0.0 0.0 0.0 1.2663127587215047e-07 5.746054006293903e-07 8.929398901705638e-06 0.00010596622215086167 8.952582156749574e-05 0.0006071287047855424 0.005379425198153574 0.017134957631957583 0.033176812030105536 0.05604383207570112 0.08717271448200453 0.11927451033795765 0.14258513324863298 0.14045204593935134 0.13120034356034635 0.10357173226685418 0.07200043007033823 0.04419808781542125 0.026533006078058752 0.014892439954514568 0.0050391520571400564 0.0004910855515338357 3.3399989716967164e-05 4.906707830773123e-06 9.723326824968703e-07 5.4559472728273e-07 1.2635016235597605e-07 0.0 0.0 0.0 0.0 0.0 0.0 0.0
155 0.0 0.0 0.0 0.0 0.0 0.0 0.0 6.271279399654304e-07 2.207157829312436e-06 3.840033720443484e-06 1.3198400360126483e-05 0.00013194316341027466 0.001717579242626867 0.007019646606525777 0.020256613338152922 0.04582244284721351 0.07422418455669474 0.10124410446092982 0.12190633358507369 0.12503849547688572 0.1176481389406315 0.11365748118479115 0.09744729715908997 0.0749382920792042 0.04952869037572728 0.027607309258502716 0.014306917694622244 0.006187949249236419 0.001201420590556039 7.200751876436217e-05 9.555475612414133e-06 3.2760129274152787e-06 1.9922839964091207e-06 5.313096237604435e-07 0.0 0.0 0.0 0.0 0.0 0.0 0.0
156 0.0 0.0 0.0 0.0 0.0 0.0 0.0 1.936978580954628e-07 9.091841516348797e-07 2.662157250858474e-06 4.1532690177935306e-05 0.00010758761167172278 0.0013173177107035615 0.0065989252468114604 0.019424248668077307 0.03832571926985431 0.06302865783443022 0.09346326053080806 0.12254227856413585 0.13508777382527534 0.1292088702938522 0.12411502135763432 0.09964199515484884 0.0719730440286658 0.04593784954481219 0.027395279150310068 0.014536657730315443 0.006245127111345759 0.0009279182276630485 6.519235412666076e-05 5.906661621403809e-06 1.5572649782644762e-06 8.81998244359473e-07 2.0102485636501834e-07 0.0 0.0 0.0 0.0 0.0 0.0 0.0
157 0.0 0.0 0.0 0.0 0.0 0.0 0.0 1.6591481689573617e-06 6.206117429284232e-06 1.0460103472392972e-05 2.5241374170889606e-05 0.0001438483942917604 0.0014804552318013074 0.006850833742923884 0.020325454504503092 0.04010615104061491 0.06470904162377587 0.09134309601574388 0.11577998474155163 0.12703055037871722 0.12342572928891099 0.11989949472815757 0.10139434321592238 0.07701594042445287 0.053892355724443564 0.031091289297514348 0.016642685258787874 0.0072097353977029505 0.0014407967328590049 0.0001102963639364163 2.336381845079153e-05 1.0202207211613548e-05 5.930694301928887e-06 1.464775689381817e-06 0.0 0.0 0.0 0.0 0.0 0.0 0.0
158 0.0 0.0 0.0 0.0 0.0 0.0 0.0 7.62829539723941e-07 2.8573567985881942e-06 4.5507626707953275e-06 1.5407933261108652e-05 0.0001424767713531863 0.0017163800110730678 0.007031553455040502 0.020345717008197525 0.04639097145614526 0.07459351607261483 0.10072719307428889 0.12113543859510097 0.1238832384915316 0.11597741067297579 0.11310258024622794 0.097830712687538 0.07631906262780132 0.05073307944408655 0.027983262775012056 0.014490657553780742 0.006240489832024226 0.0012260452462534437 7.605162698214984e-05 1.2520922710661797e-05 4.19079467734422e-06 2.7335627128109043e-06 6.354560913068908e-07 0.0 0.0 0.0 0.0 0.0 0.0 0.0
159 0.0 0.0 0.0 0.0 0.0 0.0 0.0 1.2290741347467961e-06 4.133237061343943e-06 7.652761552925941e-06 2.025912009520481e-05 0.00014844451814122146 0.0016176901458500319 0.0070848714762832745 0.020511384657017465 0.043412802533217096 0.06927220913717635 0.09599379820549515 0.1191038697737288 0.1257578131437198 0.11904770591176901 0.11675759846081031 0.09929292635671766 0.0763638638314408 0.05233805064226762 0.029628222941024525 0.015410301538047885 0.006766657324720758 0.0013167056252857499 9.476437361103273e-05 1.8042011793314444e-05 6.718532523064453e-06 4.272534711462107e-06 1.1210213204103044e-06 0.0 0.0 0.0 0.0 0.0 0.0 0.0
160 0.0 0.0 0.0 0.0 0.0 0.0 0.0 2.146800824313305e-06 8.11109280588887e-06 1.440059041174645e-05 3.066499564349009e-05 0.00014634572089353541 0.0012986684728121013 0.0065246520979324275 0.01951847952932327 0.03712721448568704 0.06024989665007466 0.08653415268308529 0.11163446499881981 0.12787364638418608 0.1284639058288766 0.12330101647956088 0.10421420078825336 0.07864416634110927 0.05508911770863212 0.03222404473557974 0.01790817612518317 0.007498256693794411 0.0014831662750561577 0.00012485337231774512 3.1196611559029306e-05 1.3798694402854983e-05 8.1142897760029e-06 2.106672327054755e-06 0.0 0.0 0.0 0.0 0.0 0.0 0.0
161 0.0 0.0 0.0 0.0 0.0 0.0 0.0 7.60258140287543e-08 4.47293563851833e-07 4.037748589432406e-06 0.00010697830793508687 0.00010014355401812422 0.00020885002776335976 0.0023277050369427035 0.011397633656983515 0.0268448224880204 0.05191922051738044 0.08443289796811614 0.11691583297763623 0.1437320989198587 0.14999906651009284 0.1365385684698614 0.10598711267992218 0.07736660085771277 0.04810173216867311 0.027232625304724305 0.0133782374297098 0.0030653903676071863 0.00028568499473589963 4.7724542548793245e-05 3.663319632805189e-06 6.263167066244957e-07 5.105789154341961e-07 1.1779520551868849e-07 0.0 0.0 0.0 0.0 0.0 0.0 0.0
162 0.0 0.0 0.0 0.0 0.0 0.0 0.0 1.7726877670075616e-07 6.205062369417824e-07 2.0624405470453825e-06 5.69603059890842e-05 9.28165419291769e-05 0.0001769554305544364 0.0016094557965045395 0.010381361780585277 0.02632629283810849 0.05276818485802949 0.08394812380576944 0.11604651173699458 0.14250835550738566 0.1507908874080155 0.13810096427746152 0.10803285980098337 0.07807048330524909 0.04967485655779722 0.026879513718611095 0.011901782531157095 0.002338232449789775 0.0002545579757333487 3.1953427391830216e-05 2.3411281143973407e-06 8.342921679211521e-07 5.23757589447717e-07 1.3534722041852584e-07 0.0 0.0 0.0 0.0 0.0 0.0 0.0
163 0.0 0.0 0.0 0.0 0.0 0.0 0.0 3.916805851802653e-07 1.3424014046002491e-06 2.2934487305438433e-06 8.251133897538662e-06 6.073153674703241e-05 0.0001569162501797243 0.0010856545539148035 0.008788792519115704 0.027302951447358285 0.053188550652625566 0.08165636244274331 0.11379263782957555 0.13991223136173903 0.1490602662795607 0.13960464558289212 0.11346793196032245 0.08130348926770073 0.052922706049489364 0.027407285039849356 0.008913324513333069 0.0011268207151048945 0.00016107810086624287 5.9094439529067216e-05 7.035134913722481e-06 2.2073594587080674e-06 1.5329213663023084e-06 4.6117903342429865e-07 0.0 0.0 0.0 0.0 0.0 0.0 0.0
164 0.0 0.0 0.0 0.0 0.0 0.0 0.0 2.3088204109489374e-07 8.839237120702893e-07 1.5431855008766817e-06 1.5765048399143067e-05 6.46356453730931e-05 0.00015730585225083875 0.0010783619799398956 0.008980819164697989 0.026457720737241924 0.05340341337055449 0.08289864061804805 0.1149202007127556 0.14074571809008485 0.15034445743200822 0.1394778701209369 0.11167629726824906 0.07981747741737667 0.051678174279788824 0.027044361777390724 0.009646757225468313 0.0013585679590821013 0.00018408856120369962 3.558676311496078e-05 4.931319391887096e-06 1.580407829637174e-06 8.886580792232113e-07 2.35542541633093e-07 0.0 0.0 0.0 0.0 0.0 0.0 0.0
165 0.0 0.0 0.0 0.0 0.0 0.0 0.0 1.0447229060343267e-07 4.791851269881729e-07 1.7476759117840385e-06 3.6560874704155314e-05 0.00010391700086482893 0.00016116506195355113 0.001213442244202802 0.009352651210489468 0.025661993844541615 0.05298599578669626 0.08425298754510879 0.11591092524027988 0.14231010436148156 0.1518950302203133 0.1392078373539155 0.10958704705219104 0.07887805099836609 0.050119271225570625 0.026251773916733955 0.010194496222297315 0.001631818271963564 0.00020440719865831407 3.330709109812324e-05 1.8391979952808555e-06 8.113903954490319e-07 4.619056277404697e-07 1.8841089975604375e-07 0.0 0.0 0.0 0.0 0.0 0.0 0.0
166 0.0 0.0 0.0 0.0 0.0 0.0 0.0 1.1918877431418826e-07 2.644022524499996e-07 7.315810179532657e-06 0.00014267306845590984 0.0001250693503239701 0.00036790793604573783 0.004707423158407972 0.01571512174079661 0.031116685705081353 0.054466679058305184 0.08638690950950283 0.11905688631182641 0.14448254115232423 0.14512268979862655 0.1322904978251441 0.10354433114904622 0.07267232022323748 0.0439847668889637 0.02655628339140541 0.0145404431926422 0.0043501107415205974 0.00032025697436039997 3.836210900792626e-05 2.406380139947755e-06 4.6365729618817615e-07 3.14256510158514e-07 8.311713415067623e-08 0.0 0.0 0.0 0.0 0.0 0.0 0.0
167 0.0 0.0 0.0 0.0 0.0 0.0 0.0 4.756361841703499e-08 1.2988791100085926e-07 6.341267217603434e-06 0.00015853741953518352 0.00011106672577603463 0.0002781324959114034 0.003388558414537756 0.012970835767291931 0.028393173288970168 0.05252062934331207 0.08641705016027751 0.12042773674984829 0.14747009620206095 0.14894683497905017 0.13374700813084942 0.10267522017959772 0.07389504510382812 0.04436444496250689 0.026606949494636198 0.013888887805724434 0.003401607232282286 0.0002885442242783422 4.0466078646335086e-05 1.8839542824606026e-06 2.10415459848512e-07 8.35431111827666e-08 3.0070468400604796e-08 0.0 0.0 0.0 0.0 0.0 0.0 0.0
168 0.0 0.0 0.0 0.0 0.0 0.0 0.0 1.389083267994883e-07 4.729049182202749e-07 4.06916451058841e-06 8.18860418588783e-05 0.0001145775439734625 0.0010175404729712888 0.006018860561016483 0.01843993034325499 0.0358750167989139 0.05995813066409202 0.09074476568763397 0.12160594591616612 0.13928541515118223 0.13341261416764116 0.128276159639813 0.10162455467630506 0.0713172077173832 0.04457225618289233 0.02644885778492774 0.014500204413169826 0.005897507441601017 0.0007477706856226374 4.7300114447442345e-05 6.114178399874381e-06 6.491218378701082e-07 3.683311904248537e-07 8.569674531564511e-08 0.0 0.0 0.0 0.0 0.0 0.0 0.0
169 0.0 0.0 0.0 0.0 0.0 0.0 0.0 2.4927988604246534e-07 8.684822201109596e-07 1.7420796750590182e-06 1.6228461149683772e-05 0.0001224009379626507 0.001665795592966771 0.007101384765147173 0.020383083249806217 0.04385432481799518 0.07174363724116095 0.10074036393130655 0.12402504383076648 0.1287102416785644 0.12151523443022469 0.11600497345345122 0.09637937597300376 0.07179151107068552 0.047251420082405626 0.027105276770814337 0.014075434097425746 0.006301794849823332 0.0011343472533962185 6.55898081868616e-05 3.1832536681172426e-06 1.4635124460031292e-06 8.436915636837802e-07 2.8436832313218373e-07 0.0 0.0 0.0 0.0 0.0 0.0 0.0
170 0.0 0.0 0.0 0.0 0.0 0.0 0.0 1.635002558195513e-07 5.195336946527248e-07 1.4751414557132799e-06 3.394373810652536e-05 0.00011105393048487823 0.0014010617667259047 0.006886431525853642 0.01983582975818756 0.03973421884846878 0.06537187861145398 0.0953198062008835 0.12346211271006317 0.13393116390357576 0.1270609933726919 0.12236168088892868 0.09851479942422678 0.07133702060285795 0.04589151559443728 0.026993545227514796 0.014269862204107593 0.00644841338874116 0.0009764112741622041 4.984000842784584e-05 2.2937472790122407e-06 9.448633899594145e-07 5.039537160383447e-07 1.7574950537393995e-07 0.0 0.0 0.0 0.0 0.0 0.0 0.0
171 0.0 0.0 0.0 0.0 0.0 0.0 0.0 3.29327602229632e-07 1.4845584671036264e-06 2.4729016204405516e-06 1.1886249013512615e-05 0.0001139942489961919 0.0017621686302349722 0.00703670488666005 0.02025822012314091 0.046759816253684375 0.0770545253734201 0.10435777519638044 0.12308338310119801 0.12445501376134281 0.11681333644329653 0.11179895849213717 0.09645801578011472 0.07357028149515592 0.04840051695627281 0.026846949025748273 0.013960164083775194 0.00600495571280151 0.001174667200644084 5.844667544522662e-05 6.739876151467774e-06 2.2175465973442193e-06 1.331707154781042e-06 3.6663718962415007e-07 0.0 0.0 0.0 0.0 0.0 0.0 0.0
172 0.0 0.0 0.0 0.0 0.0 0.0 0.0 3.795575978509086e-07 1.2414151363422838e-06 2.0454594523430865e-06 6.202565726692913e-06 4.451350003638886e-05 0.00015765870706832812 0.0012196634674770752 0.009197573105333074 0.027419847819103095 0.05263273125305264 0.08073665466806002 0.11277563430905176 0.13949430808787394 0.14918336292587364 0.14031935910585336 0.11416449025481158 0.08199352979142481 0.053392901715496766 0.027091988373088235 0.00883763303912761 0.001089036884605177 0.00015724445335789546 6.407292764805493e-05 9.509888390125987e-06 2.0299559975005194e-06 1.1649666575645654e-06 2.7129407420287016e-07 0.0 0.0 0.0 0.0 0.0 0.0 0.0
173 0.0 0.0 0.0 0.0 0.0 0.0 0.0 4.0510148374074146e-08 1.9650584566380987e-07 2.8962488525553924e-06 0.00013005239988449793 0.0001366898122827051 0.00022562216000328176 0.0023211618876745723 0.011086829874077104 0.02640480963888156 0.05132728237433892 0.08529892120513488 0.11945115911733549 0.14709843271242773 0.1504042035456414 0.13547436078300681 0.10432847506576627 0.07634639795472939 0.04662784481520721 0.02662078607175901 0.013541837474737101 0.0028307713295519696 0.00028650084221996377 5.331379997350662e-05 5.481198911278807e-07 1.796611530519383e-07 1.6365294171908464e-07 6.772196981220072e-08 0.0 0.0 0.0 0.0 0.0 0.0 0.0
174 0.0 0.0 0.0 0.0 0.0 0.0 0.0 1.4590375773697675e-06 5.25324118110735e-06 8.836320071425466e-06 1.8069939134167388e-05 6.807829645109106e-05 0.00045554914669618935 0.0038073635284873193 0.014263854505322733 0.029485283204819263 0.05229676534692625 0.07852609976263157 0.10868028967897418 0.13529080259591073 0.1431423806953859 0.1346802274644192 0.11076050183947415 0.0822699604649576 0.05464645061297231 0.03196318388098662 0.015703416429716573 0.003395171462400443 0.00039399282236447406 7.415109173916351e-05 2.5094841319602632e-05 9.29394792402282e-06 5.887643821253798e-06 1.3096362104158222e-06 0.0 0.0 0.0 0.0 0.0 0.0 0.0
175 0.0 0.0 0.0 0.0 0.0 0.0 0.0 1.563937391504816e-06 6.505206709113309e-06 1.078850898279545e-05 2.023218764110925e-05 7.918571106609111e-05 0.0005716738022026471 0.004538454138454899 0.015317147549537695 0.030198465412611362 0.052576578612804806 0.07814769654659631 0.10762956260916755 0.13338759029844283 0.14170267205288506 0.1344067151914152 0.1106032697006184 0.08210375167340254 0.054768057786391655 0.0326151354752084 0.016621857656076943 0.0040207499537996206 0.000501479454980283 9.335128093345522e-05 3.118215890501472e-05 1.3016253006836954e-05 6.439563292930168e-06 1.7480041040613446e-06 0.0 0.0 0.0 0.0 0.0 0.0 0.0
176 0.0 0.0 0.0 0.0 0.0 0.0 0.0 4.3047219552297777e-07 1.6076819612209735e-06 2.7304656752898285e-06 7.273443357700165e-06 3.689520545464742e-05 0.000195906000544682 0.0016326411151448858 0.010346568314753194 0.02782994392314851 0.05207116120682506 0.0796385950916277 0.11159342211183632 0.13891726978039845 0.14891078664533164 0.1398529506073823 0.11377512580937162 0.08240929197751341 0.053706476330370095 0.027737972295212417 0.009815245990257916 0.001263917184728034 0.00016968426806298454 5.3963255040416335e-05 1.9005327672065085e-05 2.8799898086172124e-06 1.5999910983331542e-06 4.0546080706516674e-07 0.0 0.0 0.0 0.0 0.0 0.0 0.0
177 0.0 0.0 0.0 0.0 0.0 0.0 0.0 1.1473722579318344e-06 3.858928516210557e-06 6.676702527224299e-06 1.2022606260463425e-05 5.5605466587807596e-05 0.0003205371663886209 0.0027362792211478443 0.012609384590628861 0.028936230574458176 0.05243575765259923 0.07939028145734618 0.11041275384330675 0.1375952792094843 0.14494222703823095 0.13602005725717528 0.11114605443509956 0.0821445929487331 0.054369104160421594 0.03078570724977825 0.013377760308195463 0.0023054573908313867 0.00027004002435411707 6.996134342724024e-05 2.4325510115084557e-05 7.621186695942939e-06 4.4551022998785255e-06 1.0854446461987806e-06 0.0 0.0 0.0 0.0 0.0 0.0 0.0
