data/processed/NGC4621-mock-iso/kinematics_set_o.ecsv
# %ECSV 1.0
# ---
# datatype:
# - {name: flux, datatype: float64}
# - {name: v, datatype: float64}
# - {name: sigma, datatype: float64}
# - {name: h3, datatype: float64}
# - {name: h4, datatype: float64}
# - {name: h5, datatype: float64}
# - {name: h6, datatype: float64}
# schema: astropy-2.0
flux v sigma h3 h4 h5 h6
[from data line 217]
0.00013359058250697825 -1.3658186075039995 240.52109506129054 0.002143578528513896 -0.020790006065451595 -0.0026628028083301907 -0.0009086462362057224
7.87759706142135e-05 6.580072015188659 230.89025469011554 -0.009254139200967798 -0.008429102734385097 -0.0010478076338345764 -0.010117539727667756
9.795691453779556e-05 -0.18390578904367266 200.3987554148369 0.0013480586052029267 -0.02056869095029861 -0.000335820653741727 -0.0029171720149884055
0.00017832358832984261 -7.669987790200313 248.94448166129942 0.006044161785144108 -0.029896609716983786 -0.00048530276455684 0.005909011182747166
0.00012154870604322086 12.077072433128276 228.70243655639484 -0.015370245275827095 -0.005351700185874013 0.002921191556651484 -0.011633127214466804
0.00010574599576510863 7.900977934629163 208.2974647087354 -0.015685484863194474 -0.014142548412915483 0.00042239546917452464 -0.009211634040677761
0.00011106916834601724 4.397237195958063 238.7330975526048 -0.0047564976437534205 -0.019631745052139788 -0.000252497155257768 -0.0034855026244298487
8.737454039380862e-05 8.379302654008873 232.44965796420092 -0.009704800230050518 -0.01279193252176818 0.0006589563198048287 -0.007678783068994629
0.0002220145452673786 -10.114048582006516 253.9498258084885 0.006371096341634588 -0.03247551513547918 0.0008155200975773101 0.009276205726301046
0.00014242527101683347 -0.755678624866592 246.8072547386224 0.0025706971435806155 -0.02927394000761568 -0.00018060879941353094 0.0033518675471423086
0.00013348140535161216 13.233996620829592 231.56885788592055 -0.01600649753222494 -0.010575282002361998 0.000937725539074131 -0.006799353951951264
0.0001080175729463638 9.740167048234948 216.49941503484 -0.013064372625422533 0.0022062251134313737 -0.0024138143160088643 -0.012805447028979774
0.00012530147554272217 7.830387822910835 212.271168502839 -0.014618743225869476 -0.003998159728381667 0.0034976982651029566 -0.012551348313732474
0.00012875522617879876 12.255065694389598 220.6534172865118 -0.008255789534894259 -0.0008473693947746814 0.0003481060872700649 -0.008292447306203382
0.00010908734672301744 9.645178669693932 211.17214699611344 -0.023865355996162387 -0.011133113082986847 0.005535991305586819 -0.009641277267754664
0.0001762412455766765 -5.25027367406463 251.274615952008 0.005561849052772055 -0.03350678761776452 -0.0026525345412490814 0.008324750283732144
9.505827923277305e-05 10.484418006699455 239.93086237762145 -0.009832953924115682 -0.021753207150306285 0.0022957153842206677 -0.0021169743489504386
0.00014549962294416953 15.101486051332978 235.4584845481866 -0.014782703369507325 -0.01714545064225799 0.002393736052041156 -8.032034209692115e-05
0.00011786323271563083 7.108464852294347 244.96255090505505 -0.005865207782061064 -0.02829570076576818 0.0014653444391998268 0.0016039486925461376
0.00023478036889148344 -8.722542288962725 252.19454687844606 0.005519014168616479 -0.028464934368787997 0.00034695189583489614 0.006634833114382394
0.0001417248048916067 3.577337973876883 200.51115157915626 -0.008168150870904407 -0.019224619779725182 0.003366040636816166 -0.0038756903811217333
0.00010753836451435636 8.66807892037687 201.88773140759443 -0.014563434029531003 -0.018047134696695603 0.0022463020756360516 -0.005547420887176626
0.00010182146170508246 14.636854102419077 225.80603064744275 -0.012016711473768819 -0.004472445201428109 0.0027650683014788834 -0.00874943096506611
0.00010333161650381182 11.877939043779728 216.0833978637239 -0.011238126102141744 0.0032010961360494973 0.0023208912056178503 -0.011014833331043129
0.00014281571126056755 1.83456650889408 249.31046025324764 -0.0023242214006252916 -0.03355328810337121 0.0002867409764020757 0.0064331255097909035
0.00011559218225361094 14.37490135502214 219.14267842976253 -0.009741195326572328 0.0038145277988416355 0.0026100805597307273 -0.009831200600921044
0.0001146035412367521 10.059758230269225 204.7075365125157 -0.018030164208985223 -0.013156854309346308 0.004464028326139954 -0.007083369726802007
8.310038731842398e-05 16.30722741003136 240.10408042000788 -0.01454498834503955 -0.023727069188655237 0.0018781075847801693 0.0028494676692330284
0.00019596682254695348 -8.68277556921766 250.30250816549224 0.00667632630140107 -0.029891955512889395 3.946036594711164e-06 0.003675113777790645
0.0001006278134206646 14.634288953222887 244.31958064270543 -0.013492861119374389 -0.02885004739970119 0.0026463012238864955 0.001458813338575162
0.00011901311739178445 20.106876527381388 232.42381380936166 -0.018423481526700182 -0.01443080397173321 0.005585579118403703 -0.0012408889898264358
9.413529339281358e-05 17.102879660545614 225.057543964744 -0.012597785145617406 -0.003593671225051186 0.001970030582735944 -0.0071775719909031276
0.00011948220811636887 10.655585183121044 248.46621460330186 -0.011595835574781443 -0.0346518851662499 0.003991744253386571 0.004992053320999376
0.0001614843771007219 -3.2122533462909635 249.35208868799748 0.0037340699997093474 -0.03190085945552542 -0.001200496768281284 0.006599045016498441
0.00014098402168118165 12.514150979993149 211.42566026514257 -0.022396842659159304 0.0012524214420929632 0.0063342775450829355 -0.010942727332898644
0.00015535633992887617 -0.9452564444062899 197.8365453885512 0.003395533174825496 -0.022508794198141786 -0.0012953598532329414 0.002023052158953919
0.00015131877185019143 23.82679721488995 241.5725168713069 -0.020055752249505048 -0.02930818048606284 0.00432084185828816 0.0062262827357083455
8.778176094484231e-05 20.557414577218026 245.36434669863425 -0.017872089007589822 -0.032992495930166336 0.004104228491712737 0.00625551955544432
0.00020767923723229547 -2.440378346154748 245.99186129437555 0.00035498076496404466 -0.027029709348212756 0.0005483719470368326 0.0011933378310263372
0.00019587058487701488 0.3127489401051034 243.60110637545202 -4.112758458251761e-05 -0.0261855362792788 -0.0001286250469927914 0.0018242160751490645
0.0002031741120902716 -5.576969579640733 245.26816708263104 0.0011138470209014217 -0.02413757503223224 0.00073509515721866 0.0021197672916660956
0.00013506826705803873 4.548290673416431 249.1029004957485 -0.005044698321549924 -0.033588284306092 0.0010830832284605347 0.006077518677184704
0.00012117662217614862 11.19141646984769 207.6438213518733 -0.02357126588836678 -0.00730218411427566 0.009767229049283168 -0.009488820074889912
0.00010277870559625781 18.792241604705083 249.64903266450963 -0.018278755554813033 -0.03684790949637213 0.0050424226981707464 0.00882255592462184
0.0001854475494335961 -7.120695352782983 244.19388889685646 0.003966578787776674 -0.02304698610285484 -0.0008220607817651707 0.0022335822889828667
0.00017221076064100058 2.1462334414046174 239.46108495982844 0.0001500850369402104 -0.023769379935280503 -0.00029124482741153384 -0.0011202914309442588
0.0001072093699231532 2.0770892477992646 197.86729553597158 -0.005330598430322286 -0.020757757392201107 0.001794772783093593 -0.0016878735131488612
0.00010835472075516905 22.818843968472482 231.09636571203677 -0.018154576838946414 -0.013825816791405286 0.0033160619722328727 0.00037360355802237085
0.00012685958512317102 18.801876971871206 223.21714148652023 -0.012142789174206374 -0.0005589181604942523 0.0005144628320139749 -0.006434024303447581
0.00012402524140600897 16.336703463473416 214.29220171853817 -0.016069265363334674 0.007003368287025091 0.002651909950196347 -0.011640686541063254
0.0001621143007464268 -6.3754252166150165 243.46213427891715 0.003234576613811365 -0.023825529087429204 -0.0012263359187597174 0.0011444709603075547
0.00011560155961508517 13.565547154256118 248.9713547248201 -0.014595441459796644 -0.03805014888010324 0.004347752892997177 0.00655618630196113
0.0001354342132770556 28.570241550137904 241.08443607144565 -0.023890451157536952 -0.030868008054546894 0.005639480547908728 0.00919096972159109
0.00010701022393042442 17.710955154326964 218.52293603966396 -0.011341749639752808 0.004105925171987576 -0.0009854019181478985 -0.009704041545741058
9.016145690070864e-05 24.66791665115101 249.06517265927113 -0.02218942259525092 -0.040317910134341 0.006182180613905275 0.012953136254541253
0.00018176054929228388 9.027812522640067 197.63626923094267 -0.013006047998663532 -0.014624517302991327 0.0034905273777905282 -0.0037656061295748573
0.00021674395589771963 13.5512238435429 202.54183291381972 -0.0226814205400779 -0.008511189979034182 0.0029693211982632414 -0.008663737214586926
9.260398907264812e-05 23.468437963992034 228.31889596102303 -0.01643088762840098 -0.009929342737845062 0.0013069272918232303 -0.0014076553245738134
0.00014010430770859794 -1.5901019964479948 240.2750636156777 0.0016301032422626313 -0.01731835283903483 -0.0017671102288955892 -0.00012263067460333598
0.0002039087897317951 20.22751387227346 209.46352869697347 -0.0242267913769678 0.0063466470301847735 0.0044173523553540945 -0.01002474451668478
0.00010100685898234837 21.536813797075776 250.35163943336022 -0.021404472008338234 -0.03947262671542837 0.008052806841694233 0.00964121424463371
0.00012223454059003623 31.954077686876673 241.559029921115 -0.02659509679069172 -0.03259397961119652 0.00805310058375839 0.009440247051331304
0.00020201841925197067 15.679564952338136 205.25257889248135 -0.02717457358693497 0.001483439340559307 0.008781040667060322 -0.009721007948269442
0.00012679304809485407 20.06375157782628 216.0739222131741 -0.014039679205447613 0.005512941102238897 0.0005793533987602699 -0.009662083742710822
0.00011815656023106892 21.062093442287107 223.47101031884023 -0.012728100874732938 -0.0036508510645373265 -0.0004480049738881685 -0.004423652605310586
9.825704002248534e-05 27.461367745732602 232.23799369709062 -0.020083454962894834 -0.016256898524341753 0.003088464179903989 0.0013938162057185182
8.012189684667986e-05 29.972862763256888 248.66093842711877 -0.025509115755067372 -0.04289219293134166 0.008419580102701484 0.017465065472559507
0.00012189515684956603 6.3281492175363 246.23303820788098 -0.004316366642424862 -0.02959412445460057 0.0015962814478506972 0.0026180585819365184
8.965705689106689e-05 27.670613657252723 250.52924053246775 -0.025596335069017897 -0.0436273160493623 0.009754798608208045 0.015427268669489938
0.00010738485877189252 14.967051786888206 247.64462787560115 -0.015084014782502481 -0.03326084739945914 0.004713604197758971 0.0038596802569365353
0.00014543727012487713 3.2605250818129603 234.4909861871015 1.6647963659916206e-05 -0.019164413319779115 6.261485179698299e-05 -0.004248067340484355
0.00010392043680105696 32.78940548094368 238.0912410942817 -0.025960881005034225 -0.024873356690858293 0.006462348258953895 0.00711207562493304
0.00014461503900634935 36.10281796935733 249.6753554290298 -0.03132687672076992 -0.04939896428537679 0.011790022777239895 0.022722104480945405
0.00014264743061908908 -4.021087083416894 235.422457197799 0.002149428254386285 -0.01615434225893447 -0.000997666267705278 -0.0037043675975911264
0.00015100628918335147 -3.307801792179159 235.52098287919875 -0.000905003870152877 -0.01921832908748298 -0.00041102979193214756 -0.0018706490855923772
0.00013057797608256454 -2.1646317293330286 235.9061574498476 0.0029032270409342954 -0.015273374066344986 -0.0033593933953595693 -0.005110803845118869
0.00015202570023315406 -1.7580439206148069 235.40854610173588 -0.0008943234740352676 -0.02231994507824939 0.001356025373919259 -0.0005964234602030469
9.577183147419355e-05 22.45206792989676 251.5065969484821 -0.02115949283160051 -0.039999731033972426 0.00780250417133961 0.01355022599111334
0.00019006701356635071 24.16314951616477 212.26594851157174 -0.019344492040612126 0.006500690326417837 1.59695768113808e-05 -0.008730188824158833
8.038556370783155e-05 32.76989997659628 251.262117109537 -0.028798520579012065 -0.04956846936500607 0.01127581342161705 0.023084908060726512
0.00011812273542467381 0.8607678665549854 237.9341245915034 -0.0010974287794868539 -0.017411838736137233 -0.0028058436749476847 -0.0045317055659089165
0.00014469895748678207 -0.0946436828407475 234.23357913090612 -7.615797709687458e-05 -0.024226338530582148 -0.001047751066142394 -0.0001105479381232718
0.00012184896049980831 2.209304729521615 230.34500000969965 0.0004001507006604385 -0.012693768628200312 0.000362613376724451 -0.006911601020971854
0.00010668315315074032 7.36043113126321 241.76906066352078 -0.008824565860365008 -0.023301125176844295 6.011908597488949e-05 -0.0017187043689317416
0.00010088093463304084 -2.9651046269911197 233.07531286875513 0.0036255390985987733 -0.012463630394896816 0.0012133760232564729 -0.008534376620858092
8.631257788264532e-05 28.768444315473324 250.73729815513482 -0.025950511861143805 -0.045397874479986916 0.010814384144678576 0.01908934634803172
0.00016405271275862418 27.642265151794373 229.4364291939227 -0.01770893813901787 -0.01333354981603046 0.000871656261348199 0.002184308701008348
0.00013102878659445607 40.09041380876201 249.728257610611 -0.035333343788386026 -0.05191680333886068 0.014949415008875576 0.025392372459309063
0.00010910373325082638 38.5187008346795 241.11638935782645 -0.03206991378235816 -0.033261402582806535 0.009278638443236306 0.012257424905235093
0.00013124355651888394 0.26681859998051594 231.6934460794679 0.00037607316503847224 -0.023011916113850193 0.0009191599308391056 -0.0017428075823437657
9.671648397304838e-05 15.029865402209694 244.90175965773673 -0.014446019695148131 -0.029076353460277655 0.002616959243258667 0.005658058643572916
0.00013858600973055775 23.376084551699158 222.256517069715 -0.013927889158083573 -0.002826737330087868 -0.0019460031558085251 -0.003671193680899447
0.00010338178444122308 0.05541642615355256 229.58562704809597 0.0011553509828949257 -0.00874431681879213 0.0006197757601532489 -0.009639415059750205
7.833319502931077e-05 34.381590657535995 251.42816473714385 -0.030147322960491798 -0.05104804891011301 0.012009699832796315 0.023154042896156704
0.00011559278236908532 0.8086467868553332 228.12588169192412 0.0026935709833570782 -0.017521070419897877 -0.0006145315854302812 -0.005800964913651073
8.815993473378753e-05 22.302285673152475 246.2899947255085 -0.01938494249324598 -0.03491651778339274 0.0049103175713463764 0.008233063520524728
0.00011134612231635912 -1.0935989942657742 228.90234550965891 -0.001527909981233352 -0.011071729704880672 -0.0014719291189219572 -0.008757690983457554
0.00011476583653994999 -0.6401729706521059 227.91931933104976 -0.0020714438768049755 -0.014350486417089567 0.00012060210086013777 -0.00722659185239298
0.00010557820783955953 1.052525075849759 230.4336634304792 -0.00253456575149732 -0.009796311281573813 -0.0008814444219744741 -0.009163256360728315
0.00011440683321050683 0.030405373608934194 227.78935517574334 -0.0004022981072294325 -0.019320190580476647 0.0005610212604142241 -0.005251781790949589
9.890052232067489e-05 2.91640360616027 232.25833889020925 -0.002935021673767771 -0.01204482135304636 -0.0013944633074151934 -0.009580458835322856
8.310853784508636e-05 -16.37485464263056 239.8113390251411 0.014619005438203667 -0.023706121615770282 -0.000653669681544857 0.003002953826020993
0.0001132381183779469 43.80040929289946 245.40495541736868 -0.03871836187983318 -0.04302027755089159 0.013012930506921342 0.021726209247484946
8.732870271905333e-05 -7.931075083420949 233.32700743553912 0.008845611955495304 -0.012759183720736861 -0.00028847779190731455 -0.006920800452605263
7.773131203483373e-05 -25.817680102292368 244.88762287771635 0.021548342363240103 -0.03475314065093078 -0.00553900560834018 0.009662469400964994
0.0001099894498566311 -0.10534137903536273 227.92907019718902 -0.0019906898543673047 -0.02347836524127127 0.001417383199798273 -0.0037541113727545495
9.208599970167708e-05 8.110671998562664 237.48898862740418 -0.008808708914491994 -0.01734658316138245 -0.0003007171804012609 -0.0028623226207255634
0.00010096102401478541 0.5223708104105994 225.1314970290372 0.0031881851222003194 -0.01086081119955981 -0.0004804105219793025 -0.009497193442023693
