data/processed/NGC4621-mock-iso/kinematics_set_o.ecsv
# %ECSV 1.0
# ---
# datatype:
# - {name: flux, datatype: float64}
# - {name: v, datatype: float64}
# - {name: sigma, datatype: float64}
# - {name: h3, datatype: float64}
# - {name: h4, datatype: float64}
# - {name: h5, datatype: float64}
# - {name: h6, datatype: float64}
# schema: astropy-2.0
flux v sigma h3 h4 h5 h6
[from data line 109]
0.00010652351110874083 0.1279437348043382 219.1945092437605 0.0009126588275543214 -0.02311574426361727 -0.0013994065666408722 -0.009346306289499449
0.00010983897251843929 -14.649622114071033 227.7865329786993 0.01409678393611899 -0.006249995597154749 -0.0020713688445225253 -0.007123661606986863
9.651719486017994e-05 -3.6632987881825927 219.06998776291056 -0.0024313792056399972 -0.007340551248808798 0.004530518212977644 -0.01334543400774906
0.0001001847881625008 -11.291172811930327 223.60426631437676 0.008779603447835533 0.00213975848261848 -0.0006591724662126247 -0.008750104742512496
9.604436235089727e-05 -7.87413693750972 221.48116181901082 0.004670309944228247 -0.0038382622206268 0.0021830529529250527 -0.010593646746798982
9.443819628551235e-05 -1.0049094021496598 216.72766481998408 -0.0032963086729556426 -0.01646263721264211 0.0028612727394303522 -0.012727261791771418
8.077583483688904e-05 -28.9525070786003 247.91798963887896 0.02474887966620841 -0.04126307680791885 -0.00791236197513842 0.014646599757924355
0.0001428833081517576 -30.802879723096524 244.84807315611292 0.025643802725862773 -0.03804722124498054 -0.007311857001909634 0.013709889976261243
8.627450202326055e-05 -28.8615616807474 251.0967776471201 0.02597391329129142 -0.04607694797734781 -0.00954590133667602 0.017494081544008774
0.00010628493543543788 -18.267048833413543 228.81813176739593 0.01619224442568378 -0.007874203431088623 -0.004221251261174158 -0.004142132204873122
0.00012677040841307238 -25.754093984691206 237.31426004050164 0.021849407528017742 -0.02390701778005688 -0.005834032266597053 0.004736100005716578
8.961942430243014e-05 -27.62494662068211 250.86167125438806 0.025580267359628022 -0.04449141078073855 -0.011120488333036853 0.016842397981304696
0.00010062814827044215 -14.468281274330447 246.50974240734294 0.013957399132218083 -0.03080098999887729 -0.0036790739301159397 0.006726478686848165
0.00011107302859611655 -4.458820630204002 239.22149574739814 0.0037627932844069858 -0.019696048337027802 0.0006321387425878096 -0.003394594100515442
9.013215089934706e-05 -24.75583342519905 249.25174113418998 0.022309883499096565 -0.04029812670352518 -0.007589962923238164 0.014806540664349218
0.00011937455375728327 1.240386276161379 233.6819074278431 -0.0009284995117770209 -0.01283852815483344 0.0016739683895905977 -0.007022440406191592
0.00012490324216761918 -4.167857397235198 216.73221129725442 0.0010404339200123036 -0.008597106568813264 0.006302224381438708 -0.013731925923618252
0.0001247319539685246 -8.458830003673718 218.50961222575174 0.006892289921449142 -0.004358138756771606 0.001475704547188845 -0.010340433482523571
9.164760414143542e-05 -15.600177335264936 223.75479842563792 0.011568906414960296 0.0016928378234910206 -0.0018031075884935466 -0.00879576955123109
0.00010253487901548157 -21.81414174620995 229.55578909448727 0.017638115795681253 -0.010469869329564493 -0.002358944439335004 -0.00317919658858961
7.425251842575855e-05 -34.77121303125414 249.36086867235207 0.029904525387588168 -0.04798672340869124 -0.010948879273921972 0.021206554662045803
0.00012249225890032499 -1.9040647115896354 213.05476343541048 0.00065719052498684 -0.013220383771663681 0.0033330300029962186 -0.013252756996475322
8.981017458195747e-05 0.14305225970572105 216.86763401762622 0.0001863830352346463 -0.022787823704509245 0.0005745660397221806 -0.010043939646591718
0.00011914951450370286 -11.843462029997475 218.97143964423955 0.008576706582603635 0.0031047181338696764 -0.002817472090863476 -0.008596633496260926
0.0001199556745355187 -30.997926244399423 239.1180970475726 0.02535640947988479 -0.027739352205415877 -0.00643252149482849 0.00937012251329223
7.835409613735265e-05 -34.287507517846834 251.54196783672546 0.030076518297280537 -0.05174756789823893 -0.013008216938325198 0.025179257303888723
0.00010184304512248123 0.311712522335832 217.53191831881523 0.002356909198001625 -0.019242628939430795 -0.002195531223086733 -0.011869950399139299
0.0001098156810448851 -7.634847330512911 215.48088355220852 0.009871878461187564 -0.0019614176157759715 0.0024031711839459244 -0.011693331638414094
0.00012075763229550347 -15.248998773404441 220.92519132367295 0.009920626703799371 0.0020121579951176915 -0.0016064908064573218 -0.01023427773839299
0.00010926640119152037 -4.640205213264451 213.29724329397132 0.00473505050621657 -0.008188095727176829 0.0010159186289558017 -0.013058175621894215
0.00011723486561587963 -0.05391757413835019 213.2835709505229 0.0012461876705672943 -0.02072013540085962 0.0014503379603498815 -0.01157281474197469
7.614057886608606e-05 1.9572579681722955 223.9631331524607 -0.002538418268320028 -0.007544260961021893 -0.0001970402141358367 -0.012252434012833293
0.0001237639386935543 1.54168923720618 220.8066827513577 0.0022830286953566966 -0.010697254056101443 -0.0036613336042903826 -0.013137944225443232
8.863031241826274e-05 1.5007665199943738 225.91748243265621 -0.004289369243249728 -0.006085552253350174 0.001528331203725631 -0.010914790859482229
0.00010662714236430139 -2.2236168245485377 209.89788637222847 0.00447189416780304 -0.01363166263173119 0.001867273771205863 -0.013377976141371897
9.870231575231125e-05 -25.22736168341578 230.37674883830647 0.018544858856527086 -0.014778775124857126 -0.002723572160286357 -0.0002674921698475187
0.00012629508886190374 -20.331742021946532 224.37865025493144 0.013139044787668705 -0.004047034051734089 -0.00020809860256412678 -0.0037133462322299906
9.688075181956989e-05 0.9911557693803122 218.5200819987802 0.004063188083699477 -0.01571093652141077 -0.004071423584592589 -0.013036427794786781
0.00012232188661507535 1.095344387702216 213.83512630667167 0.0005880040778474397 -0.019571056793666705 -0.0013477346964884645 -0.01201204736650707
0.0001034026036369457 0.4077031920966335 229.04646897191645 -0.0013173636447533783 -0.008634804978666045 -0.0003775562083275609 -0.009409613887095537
8.041917281034208e-05 -32.80473908841674 251.20890283046305 0.028840907528023478 -0.049364260624242845 -0.011255873299084194 0.022019875323018464
0.00011936461995119026 -1.780066401857652 234.2449505055509 -0.0012820526312814647 -0.012931972085068437 -0.001411640832017988 -0.007334076472122779
0.0001346771340718624 -12.189474623539533 215.53054453079898 0.012700252263295042 0.003767264443258608 -0.0024162796525057403 -0.011210152161582165
0.00011362546656314956 -36.33829138902918 241.06923435484998 0.03012379040455585 -0.03255682946974352 -0.008286114709253015 0.01201093090343212
0.00011341831866188795 -19.30077445914217 220.55836695062442 0.013361507327689546 0.00154953011570522 0.0008358584229663735 -0.00800153899209272
0.00013291885563619088 -39.492406391675885 249.98514195342156 0.03469394037390921 -0.05221670319354625 -0.014640877166769808 0.025742530079336454
9.49160373407108e-05 -28.69868071425204 232.35494649525907 0.020183938307974818 -0.016994822381486682 -0.003735355984067359 0.0029380610087262667
8.779313837099354e-05 -20.68206805158045 244.4965422107037 0.01814594724886977 -0.03163384699006778 -0.002820930867671015 0.007060077434205331
0.00014414074848930657 -38.52107818273771 251.48869079933735 0.03416086318239758 -0.054493666951647486 -0.013170990183486476 0.02823179232445858
8.015532888675193e-05 -29.895076401314967 248.59136751878063 0.025775093955676013 -0.04306318096222129 -0.009342121019562983 0.017468243800570094
9.504936050201345e-05 -10.715221831902804 238.34475105301743 0.009958991744549544 -0.019997877724755617 -0.0001848859360382186 -0.0029147763701367346
0.00012497615838642236 -8.677713278843871 212.84044938653878 0.017393696539575277 -0.002576283389732971 -0.0024640966970198774 -0.011904676002390924
0.00012420080719212145 -6.413274817478018 210.17748216626828 0.013023063987654272 -0.009275989414266383 0.001316018521209399 -0.012112255624181355
0.00010044076776483553 0.051637325015108204 211.12281784366957 0.0015515440389502414 -0.021411403241529185 -0.00013235783648972085 -0.011270863248116911
9.560671571474152e-05 -2.7724612680898004 211.03964347431412 0.006538552949628681 -0.018637733089403596 0.0005918608643402049 -0.011475663098392068
0.00011724117507510053 -5.177809448497307 210.269733151746 0.008049348498529065 -0.01521757272101333 -0.0017513994149780463 -0.011344698205223271
0.00010046301868922178 -16.777236855976923 216.75146017376642 0.013069024930393455 0.006689032989849647 -0.0013703584485452126 -0.010775940760697593
0.00011418841750641866 -16.811231320041383 210.16352835250692 0.025139205264777222 0.00420145226093095 -0.0037108289698449975 -0.011292900293486674
0.00012018216674584598 -24.506238307905875 226.59182269083087 0.015012481146832223 -0.008368649335748182 -0.00010826334580502908 -0.0010836179531081376
0.00010773587955089837 -41.11635223360705 242.41743638195723 0.03502520520287038 -0.036432619723593254 -0.010850661454058448 0.017112472312520575
9.128307136961333e-05 -32.5952968011749 234.8094199007944 0.02348214013077672 -0.02111753976747716 -0.003973906679491634 0.006320447475390263
0.00012351130467467037 -45.249341762514824 249.3577860194578 0.04156501717874334 -0.05304061676591943 -0.016073855502078325 0.028743000096936335
9.989384672907756e-05 1.2422174841667997 210.89419110518332 -0.0026079725794155148 -0.020315149279320516 8.119227253196564e-05 -0.011746981807113087
0.00011113723356499268 -12.052946630149265 210.84777318313579 0.02532484325611973 -5.58468568725907e-05 -0.006344637817088564 -0.010820533395219937
0.00010449788407724193 2.5799158125121853 220.81292942289375 0.0019119624889976717 -0.006822055075752275 -0.00586493129707504 -0.012901906252392445
0.00011700917235644016 4.603237877800901 223.68556656492703 -0.0006409832482717798 -0.004810191994788096 -0.002280808287808959 -0.01302654953888594
0.00010622078160158177 2.2467732966789113 212.2412421517734 -0.003892261159536109 -0.016546500723135755 -0.002303700308316077 -0.013049981764991095
9.187754552600527e-05 1.0803605220393115 216.90012983808987 0.002684647691995012 -0.011203091112666907 -0.004936111423918983 -0.013944679635810838
0.00013184903128244207 4.750662917795924 225.75217858920433 -0.004534663339646592 -0.005322366133715874 -0.00040969448858121726 -0.011900480517025408
0.0001490748536977657 4.937034166990182 227.47098629978188 -0.006696030362956865 -0.0046933408857341655 0.002072736270105275 -0.011289458122269884
0.00011199172768989462 3.4612211164300586 214.09195463697648 -0.0033191338471405523 -0.011670229226457357 -0.0025151247007452722 -0.015576656330666806
0.00011405047755649362 -1.1809215374765574 207.93847994276794 0.001327419628705413 -0.020478512092245937 -9.072716968283309e-05 -0.01048538269399008
0.00010704159326447079 -3.6932894545178825 208.2534228831605 0.007939952959682492 -0.019386378229231203 0.0008548103930212704 -0.009148249290198389
0.00013007053562840763 -8.6794697672753 207.33160986030956 0.01747004661741169 -0.010567191081022088 -0.005428068776019193 -0.007621845922172042
0.00010319439654433066 -9.897076462948197 208.97676468714295 0.022533644894807935 -0.009390735324550554 -0.006412841238848153 -0.010041734540173581
0.00014756403509394542 -20.174531981068135 214.25954140339516 0.01712950882429837 0.006769584931095437 -0.0012778848874247413 -0.010632079439221885
0.00010153879416620809 -21.245695959971354 219.24224679118595 0.01308693314017457 0.001473462374778745 0.0008133641474066468 -0.006836451084174777
0.00012640119108764608 4.787502402109283 216.5403073685722 0.0007968188437059705 -0.007051823917071741 -0.0030507391395880514 -0.012677856420509325
8.94671678130795e-05 2.861442864263394 230.82318146917686 -0.0039020721527705093 -0.007483223044371945 -0.0013508790795563504 -0.011319528949165724
0.00014141540299999746 -25.827229184315627 225.0501924454646 0.015724427945179687 -0.006961944254774444 0.0003732114144035005 -0.0018613760402945347
0.00010911792576241191 1.5632300863954725 208.3759139432124 -0.006045576411030277 -0.02114333893100631 0.00048042176365334046 -0.008993974069905129
0.00011652653710590113 -8.983924673733789 204.69953392488807 0.015610310378028089 -0.01597736294804325 -0.004615910391105126 -0.006960107702895764
0.00014789417198545038 -18.21432312095557 208.46918328206087 0.026656613284534572 0.004411663220364991 -0.007510041603720897 -0.010104341629934569
0.00011728363219385367 -5.800882910220444 204.2624081085615 0.010056171503141682 -0.020417279443011485 -0.0024275361555409223 -0.006554032157212801
0.00011918375261609901 4.0711742971253875 210.1450268048646 -0.007051319651882482 -0.017041142771183983 0.001152312904603046 -0.011442876948683362
0.00016733681039073607 -12.60329880929691 204.2601059390975 0.023629519314519603 -0.010474000125106207 -0.003743258957697843 -0.008468954137467507
0.0001535254493498746 -24.99243961073626 211.10191183014055 0.020848857685173684 0.008335649054605546 -0.0010136190984632856 -0.00936249889334786
0.00017752680099941782 -24.099361913958337 216.73872248658918 0.015972785466845357 0.0031031620676294377 0.002344027244523626 -0.007366147381429681
0.0001152135614767116 -13.922698481739184 206.071108896862 0.028523279995294255 -0.0017943169634456826 -0.010211624509676104 -0.010315121292785775
0.00014195928835670555 -0.7598024752117456 204.74075790542375 0.001607740880341665 -0.02088948407813172 0.0003020057299531402 -0.006291094156255865
0.00012769865567064385 -3.394763542756956 201.7785123934417 0.006192720641369076 -0.01928352803482453 -0.0013674250619043777 -0.00506222003770988
0.0001228945569225848 -28.506170251113073 222.63393301019354 0.018260784076260965 -0.0039370621907711895 0.0011125299980065302 -0.00355887318730534
0.00012623641910683634 -38.783551194163 236.94958664281054 0.028650727626949365 -0.026567553829788943 -0.006079450626622461 0.008475691632955138
0.0001116753988199906 -32.33228262127275 231.30176226515337 0.021596421050086138 -0.017112154767665744 -0.0015240129517836497 0.003322269574262497
9.465751292365114e-05 -41.94254240231252 240.18595655030654 0.03420162322648628 -0.032204637252900445 -0.008183839372019693 0.01163953961538185
0.00010276451147092977 -50.08701111155542 245.18920946078757 0.04616162982540592 -0.045034964349278485 -0.017428964214890125 0.024161834232285878
0.0001088142767528801 -52.688859610082616 247.11081934585428 0.050729760770354355 -0.05092819416302205 -0.021293723100443702 0.02778336467824612
0.00013159011777271525 -43.53151818023386 250.69586630583666 0.039833882982548516 -0.05544682984631388 -0.016060870442910553 0.030480663438113672
0.00017342943206089057 -6.582241285126001 201.16554120592266 0.011247049101877724 -0.01901620572324044 -0.002913338641795489 -0.00012419213748828765
0.00013637809119862367 5.832931039016163 212.9368186312163 -0.009755536247875835 -0.010666004453138662 3.910629337538834e-05 -0.014614748352556052
0.00012114552246043416 6.659202708859308 217.18287741609453 -0.005299359749126954 -0.003661742879985926 0.0006256932724821042 -0.011856777202627742
8.955006641398123e-05 5.800204769625274 210.9140063388678 -0.011092190136213428 -0.012795091356151105 -0.0009093053351003533 -0.010317399122613587
9.151822810998869e-05 7.883960439816643 220.83962994567122 -0.004501632170609763 -0.0014899414479059097 -0.003644923622089355 -0.011705116029747602
0.0001141273130776359 2.4210443048071575 203.5429805440077 -0.004278060719887241 -0.01956920968235224 0.0012881982940676703 -0.006068352913439502
0.00012468620795968543 5.589752719210991 205.37085611724737 -0.009761982617240633 -0.019597288107323717 0.0012511031765000385 -0.007503560486067124
0.00010035161580097494 9.228500353999197 223.31498135906403 -0.007282439879133886 0.001232491260239629 -0.0005284800237550728 -0.010957169853147547
0.00011048440803892999 9.972448287354974 224.97005731084252 -0.009304944504525809 -0.0031364576492908807 0.003120038386361073 -0.009304222661899123
