data/processed/NGC4621-mock-iso/kinematics_set_o.ecsv
# %ECSV 1.0
# ---
# datatype:
# - {name: flux, datatype: float64}
# - {name: v, datatype: float64}
# - {name: sigma, datatype: float64}
# - {name: h3, datatype: float64}
# - {name: h4, datatype: float64}
# - {name: h5, datatype: float64}
# - {name: h6, datatype: float64}
# schema: astropy-2.0
flux v sigma h3 h4 h5 h6
[from data line 545]
0.00013880532122540786 68.83489973019812 237.0706226505842 -0.06580359338851867 -0.0427307301600876 0.02974928041589867 0.02541990348982297
0.00010805042191730548 70.40298429051951 236.80912858185778 -0.06759797336887631 -0.042651735162234056 0.030359799344884038 0.025854438936634135
9.200282752559363e-05 2.009955165163468 203.51612282380293 -0.0047644709205186 -0.019694416462462824 0.0007984856657429902 -0.006430716400811486
0.0001155848583888058 -8.618700610082138 204.2866202754535 0.014720202463251843 -0.016791586753021333 -0.0012912381514852285 -0.005491170011772296
0.00015319169901975503 -12.015913718536133 204.84770534342724 0.022266808196828237 -0.008933586715145915 -0.007038085409838785 -0.004811116760609541
0.00023270981030382813 -64.56842368718021 237.78923659008558 0.06039927407278482 -0.041969705619903416 -0.026727707662956166 0.023102063678609022
0.0001704257594793118 -71.66635647394217 235.719561791744 0.06909847528839061 -0.04256372243179316 -0.03097944017936549 0.02542885654975704
0.00014493614624570513 -50.0422372126779 234.74284059208262 0.04109072107272734 -0.030953645743666002 -0.012976434868150363 0.01292031164368172
0.00012456647912835667 -6.052576348540763 202.80638419058275 0.010265016326396825 -0.020821912549877024 -0.00225934471445993 -0.0011002085514252831
9.889981884992769e-05 16.794094709150407 208.16362277368938 -0.026893532180822556 0.002942459160730636 0.00844155718989356 -0.00927416682160912
0.00010993604524117955 8.77696167377037 204.7883680108685 -0.014110299742610676 -0.018271140343853267 0.0031154558219308906 -0.0008152025750391778
0.00010073581775984204 54.30482217036244 238.7408556269174 -0.04758011938187262 -0.037476498938809145 0.018157388752612053 0.0180307505016723
0.00013073583749535132 27.24323394523132 213.1989566365577 -0.018741707491016796 0.006004373069218179 -0.0018132199203562249 -0.007626889171468345
0.0001041162195235379 -1.5377503859823207 201.51591000237738 0.004996354604345957 -0.020142130330674468 -0.0007609689104896663 -0.003654465796067808
0.00011380842962022895 13.390687359897727 205.73997574874846 -0.026556115160777126 -0.0032680697869430404 0.011007016714984476 -0.009064928746734362
0.0001582273855261831 -11.310386067042387 201.57206722370472 0.016816287215433465 -0.014038234944647595 -0.0005202885268078042 -0.005115444591218734
0.00011697580402955394 22.17135119422746 207.2599903032635 -0.026061419428248835 0.0075711460446790365 0.006578477122051731 -0.009364169166216064
8.783525364009462e-05 37.863415754706 228.8611496478138 -0.026956684771838664 -0.015233980366526026 0.0035897184057183764 0.0014196685023912152
0.0001338624762783119 73.21695333189601 234.9151126764066 -0.0704514227182572 -0.04286177060837001 0.031445113440781366 0.02596291254412199
0.00010934866139330596 30.365896913392277 218.94110530748674 -0.01960594612665749 5.236196877518093e-05 -0.0024621995426810754 -0.005234038526671429
0.00010146875040171714 1.0696238417967492 202.01676212131477 -0.005776131807143399 -0.02219335486260653 -0.000286473715874033 -0.0025873866345182666
0.00012139878068647141 46.67046391377876 234.76994342240718 -0.0372572666904594 -0.0282889093818532 0.01056691127032559 0.0108771936139745
0.00018442746812889576 68.25126517421397 235.84564575552304 -0.06474691697841907 -0.043169103653313945 0.02906692609540058 0.024678967203247172
0.00013197425277692898 66.27443075862932 237.33164160601854 -0.06254625443460755 -0.04259077658563797 0.02779069023630646 0.024590298168946652
8.271920502617484e-05 4.288904646332543 201.25568401277107 -0.0085190162114458 -0.019604173240936964 0.0006040059730764136 -0.0030656915509440375
8.399452198149314e-05 12.676117294159944 203.49314204348104 -0.02243921130065223 -0.007583827972427371 0.007595958883851871 -0.0041516249950923016
9.76012921411827e-05 72.24291280062668 234.9415618723536 -0.06915251659885005 -0.04285378668709521 0.030759346685502884 0.025316315900533643
0.0001390520409204639 26.738030122842126 207.95582798698774 -0.022548041019231975 0.009712999749620744 0.002152520750461219 -0.00823026015719222
9.827289326527456e-05 -70.94084423632351 235.81410227710052 0.06803149575949786 -0.043322700896823135 -0.030579763309251804 0.025507106910944502
0.00018531571968307138 18.79012562731817 203.2376152624562 -0.027750485760146423 0.0018731350913741055 0.009588911227205846 -0.007336625635918238
0.00011987392160288767 59.32504418193681 237.18192005496266 -0.05367995528088036 -0.04009451880309332 0.022367002413253987 0.020298260330785012
0.00010433602148915593 35.99528236850881 222.60746333837267 -0.024260463555671085 -0.006690460631675808 6.436826470066332e-05 -0.0018469859335511212
0.00011759756435703298 11.942183564891256 201.10689333541742 -0.017413596349294524 -0.012644572995230549 0.003223672259882341 -0.003932504912474321
0.00014954674994726967 8.069703316590418 198.84999546567252 -0.012007616006526839 -0.016995832815754154 0.0009836477889354957 -0.0006964075180709312
0.0001187079112129068 31.084657905111325 212.81377209834156 -0.020252876554871003 0.00522654813584462 -0.002875795514603808 -0.006568389892625929
0.00014853008566572713 30.356160924376898 207.84861377003543 -0.02090695876108334 0.008715277182007694 2.4253190504884992e-05 -0.006301632668249656
0.00014897967116012502 15.193049573935188 200.45020506388164 -0.02132443791158709 -0.004759598896814654 0.005740097693142609 -0.006280868324566445
0.0001759119392023273 24.566893459899575 203.64611279274914 -0.024551428010273303 0.006915639390570212 0.00742811023444904 -0.007144961541237289
0.00010792995452510376 49.45137668700591 232.78545426212392 -0.03997237655395085 -0.028281725787959927 0.011338990067020653 0.01034205027977819
0.00010926386654244667 -2.00997835485941 198.58558526952223 0.0066419220602823206 -0.02081064007202925 -0.0023819698642856724 -0.002787642379138042
0.0001733610267054894 -8.034079596940288 197.2387452621025 0.01175929131442536 -0.016240817892643308 -0.0012882655751673207 -0.0010636757327486895
9.108511122249096e-05 -0.21811123606814992 198.7000804016927 0.0005496610982115206 -0.02166786082660265 -0.0004275022090160722 -0.0013627258833502534
0.00012334434369102099 1.0508483383740583 199.76617852339194 -0.009220209070107632 -0.0246423883848579 -0.00081923035697233 -0.0029382988745867682
0.00012068930326008707 75.05781147816612 233.04124133347534 -0.07130985872791581 -0.04384429806719073 0.03173230895513019 0.027432491987547814
0.00011582178015409423 69.3458830219764 235.0390538972026 -0.06604870408103358 -0.044114972151469346 0.03040934126826723 0.025853417265055748
0.00015658398419344204 34.371627584493986 214.49280249272041 -0.02145128691074505 0.0007634605132903257 -0.0024281672812570864 -0.004310829688599496
9.933530967184707e-05 42.78511519305749 226.718777483865 -0.030556648363358634 -0.016589344004570374 0.003686672506124973 0.0027527260154952718
0.00022266046276984695 76.75625051526673 231.6301406946924 -0.07316828895265441 -0.04480202400719683 0.03205382210397695 0.02801408498874849
0.00013186163768619637 59.825361048351276 234.95190382712036 -0.054937477877170605 -0.03991800722934841 0.022943133817059872 0.02061865615935173
0.00016699308131891505 11.423415747725722 196.63853333079467 -0.012801003878101862 -0.011272738936175173 0.0011112942998603777 -0.002072913180971334
0.0001046802200917325 70.1453479376046 233.3227847861688 -0.0678981906049924 -0.045073251891374094 0.030862728298737017 0.026232137966985283
0.00014942226687194988 -62.40985376110839 236.93143012304586 0.05827175396535741 -0.041891831558895753 -0.025390925882414445 0.02308337725838303
0.00019395511656343143 39.87920542519143 219.96470755161235 -0.025659359726420847 -0.008730512561239034 -0.0007579396164445328 -0.0014417522816158957
0.0001603238165005999 76.18372482705057 231.48957564572137 -0.0726935377451713 -0.04549443640309391 0.032379371666611076 0.02794918363731519
9.424095565048892e-05 50.148956622464816 230.1495769809915 -0.04046152283730078 -0.027432833861279707 0.010479601151652003 0.009854503869783792
0.0001709944117317475 6.613376061292381 195.1502621340498 -0.01054317331457012 -0.016152387819783 0.00038439060129808725 0.002753428080254076
0.00012765496986671227 0.10256455152737601 196.97056378852636 0.001484534739023424 -0.0242564338265772 -0.0010596773873801644 0.0004956895646781334
0.0001785640565322059 -1.549222302455188 194.89243706526455 0.006156035316165651 -0.020533720102465625 -0.0014307807264439523 -0.00012743808402900523
0.0001360513702153088 1.0045545995073673 195.46421833167523 -0.003977456153987874 -0.02252753764883571 0.0017515463400529683 0.0013750268992557247
0.00012716415197859738 -74.29744784251609 233.9509932779899 0.07087495779366487 -0.043275402276690654 -0.03166358432678112 0.02678354173862128
0.00014571906604537484 -70.2286302663878 234.72246620441675 0.06716106768434389 -0.04447891343221553 -0.030404936215148164 0.02595995920426817
0.000177457071511085 -75.2299075233517 232.83962242612841 0.07125131638157167 -0.04404525583161571 -0.031571042140989575 0.027552794011170455
0.0001311805745756468 -54.84317541762691 234.13907361610046 0.048073940526884996 -0.03505987890411742 -0.016841125928512314 0.01603553955992511
9.368441773889494e-05 59.73452706396755 233.03091116102325 -0.05632467585728005 -0.040291014773978354 0.02339267109911596 0.02095296556362395
0.00012610752243943105 49.704448784086594 227.48896551077712 -0.04063999291871167 -0.027023949765842284 0.009989448625269029 0.008471154013508727
0.00014129866532499482 68.30346862814399 232.35458344626588 -0.06846206230309841 -0.04482488747145643 0.03143446726122788 0.02526227462762306
0.0001982346922630284 -0.12175399281962326 194.94429711944707 0.00027224387061305466 -0.02474226776707901 0.00030164472226142894 0.003509359982031209
0.00022691974152194732 74.41704418890156 230.1846266825829 -0.07402430960343905 -0.04607504570620496 0.0337968664568492 0.027454569676861943
0.00021406596979588836 3.840501552394511 194.79407916472042 -0.008336923183405096 -0.01714226752327204 5.7337612779709106e-05 0.00030725274028727944
0.00016839524437486304 -0.041240227195648876 196.08102295664378 -0.002281257165582489 -0.023538233403824414 0.0015147210324529844 0.0009984604851230794
0.00015042022531382894 -64.82167255647705 233.94320696958076 0.06247849673005529 -0.04347962448327285 -0.027801736196114774 0.024389364438988547
0.0002361949503292078 -74.67523307896981 231.95869416107803 0.07206059719023342 -0.04587492491323545 -0.032588437465794325 0.02766182055623954
0.00012627840717636696 60.27499588591022 231.19773972746813 -0.059484908897553285 -0.040575808943235106 0.02542706201659039 0.019981218637958095
