data/processed/NGC4621-mock-iso/kinematics_set_o.ecsv
# %ECSV 1.0
# ---
# datatype:
# - {name: flux, datatype: float64}
# - {name: v, datatype: float64}
# - {name: sigma, datatype: float64}
# - {name: h3, datatype: float64}
# - {name: h4, datatype: float64}
# - {name: h5, datatype: float64}
# - {name: h6, datatype: float64}
# schema: astropy-2.0
flux v sigma h3 h4 h5 h6
[from data line 326]
8.951273571518638e-05 -2.7861297818321944 229.65402722480704 0.005118878422940697 -0.0068620821617219495 -0.0012462130050063993 -0.011126267213963696
0.0001401439659233511 39.845602164326884 251.24364288994323 -0.03557829979348491 -0.05471191687755159 0.013595711182192122 0.028877995124020145
0.00010242379042085251 -0.10473838190808121 226.9610779149241 0.0010270860675546107 -0.022970437851528313 -0.002150094803314025 -0.005093198034266511
8.559238939841047e-05 14.690978819724497 239.41872432707996 -0.01335214678541502 -0.022017216129159838 0.002580174068892908 0.00015896751190810858
0.00010774090857393494 30.350967893647294 229.04502745513295 -0.019877474233169583 -0.012531026824865718 0.000818568586883116 0.001044437075852661
9.383817893031878e-05 38.03097968149952 236.97998137695774 -0.029402882999554472 -0.027803414241469423 0.006279873014780496 0.010036851555573502
0.0001726989804192946 26.133894804810456 217.13606907275877 -0.017017099538404048 0.003302816895541214 -0.0022327721250680545 -0.006900783541190286
0.00014313292083881923 34.408535335979586 247.97536202397174 -0.02925554726073875 -0.044495938708246724 0.010126076332656457 0.020986504262963994
7.948768099121031e-05 21.573300007523436 242.9463935353407 -0.01834219131480747 -0.03011916660690837 0.00548160612995264 0.006199389811463253
0.0001156189744342335 48.41881877230943 248.14032173389842 -0.04530187359949262 -0.05112717161484266 0.019150859015434243 0.028078201406254066
7.18979650296067e-05 -34.58412797106968 247.86566494607743 0.02950852908398792 -0.045097560918902116 -0.01036160081264526 0.019485608171565888
8.86453658061818e-05 -1.6845145534762564 226.5780625369036 0.005311422848999234 -0.0074377861411246355 -0.0008939274413641376 -0.011087949792262294
0.00012903035398628305 45.122719871084016 250.85890907912915 -0.04187705559466961 -0.0567335730100865 0.017159671881521284 0.03189762290968327
8.964413612622041e-05 1.1185933978020053 225.74281806421348 -0.004324655080311653 -0.006699272304765304 -0.000910734773481311 -0.011420644567018606
9.339533922375316e-05 -0.7268869241335543 225.9776626573546 0.00251738998120591 -0.019363247347887073 0.0005724249647510867 -0.007364724926832987
8.694452453669723e-05 2.583406424779379 229.1450058248746 -0.005893624691107714 -0.006542493305255041 0.0008566051053192263 -0.011888856096897661
9.089644880901163e-05 1.3156873142320356 223.20177557607892 -0.0031245999900270634 -0.011952236839052955 -0.0003744088367448675 -0.011156509867513634
8.336869675150219e-05 5.078249364631466 229.57243679095433 -0.0076608136641242875 -0.0073946812440110555 0.0007779018746094414 -0.009216915330777942
9.018040176286491e-05 0.766563065528894 223.36311552059817 -0.002162073250143639 -0.016907150371532356 0.0009438619372011242 -0.009157106859706582
7.396619583948427e-05 27.965722933800066 244.38242977039502 -0.02321091943032028 -0.03507205627302757 0.0062255039235265056 0.010651671086036645
7.938764075896129e-05 9.197095747831664 232.39130470380513 -0.010933251832021896 -0.011889846268820522 0.0022625737982523747 -0.006984677816140027
7.692394341713288e-05 -13.114986779198922 234.48595815087458 0.013656462850844231 -0.016518016162882888 -0.0006512038209454032 -0.0033031908341403177
7.881406205546815e-05 -6.690995206875031 230.68268387029534 0.00924466303735616 -0.008389496739390004 -0.0026543889242128674 -0.009706663396610289
0.00014227604519363287 -19.608073664588062 237.48312396822658 0.017582836769363775 -0.022165201149309758 -0.0021769882674586684 0.0014959934294913307
8.732843087364895e-05 0.3755289385246702 223.37853627550416 -0.0011236226063377594 -0.021056737366142404 0.0007747839755437398 -0.008032588755253622
8.435515461807219e-05 -2.4922911910647887 222.17975705584814 0.002536738784196301 -0.011751761864426663 -0.0005407941855233358 -0.011145431711195074
7.509655617089997e-05 14.488877601882162 236.02129601388228 -0.014320742913313034 -0.017492780447897434 -0.00019464887393386924 -0.0011203689537707816
7.860953365063356e-05 -3.5646207927575846 227.53911640957338 0.005883848277291673 -0.0049415399720893465 0.0015083179245335549 -0.011111004572737214
0.00013548943450846965 -28.4243411892428 241.25562834217902 0.023513845867888048 -0.030464927284472688 -0.005870141645646803 0.008423908972074129
8.281233174898337e-05 -0.23548177510057688 222.85715448822307 -5.83267317530846e-06 -0.02197321279765645 -0.00014383432566090272 -0.008086383635392734
0.00012631600270113268 38.905931878463576 237.49086841589153 -0.029487377915191362 -0.027303798875292915 0.006557923525041375 0.009594459446467765
0.00011572340863205524 51.78293086981893 248.68959106151394 -0.05013447977393791 -0.054837237959405774 0.02281312629973308 0.031835360966101026
0.00013382078930147215 20.11657778949807 235.25692197107267 -0.018149682958431192 -0.019344734223956533 0.0030827801316702244 -0.00025657057846596157
0.00010059555732346319 50.250771641879886 245.11926110161698 -0.0460519800168464 -0.044660124966936804 0.017760496686590566 0.02297640247866481
7.612506404368602e-05 -2.266149512738799 225.02999053778433 0.0019437234062917015 -0.008343651686003015 -6.978252800787994e-05 -0.013836154505212287
0.00011331244919089389 -53.47358912948767 248.43712250207292 0.0525647586201369 -0.05490781141525044 -0.022856006724278195 0.0316908190637885
7.736204729754016e-05 -0.31431301004391266 221.64259534654295 0.0007952545429046465 -0.018899923740688964 -0.000495201710029422 -0.010060553370285445
7.441347305989542e-05 2.8165356671655086 225.2351772029495 -0.0012430102662518393 -0.006267730612871401 -0.0004190645265852523 -0.012675775563869321
7.309755820638245e-05 4.228061179266482 229.50665665743102 -0.005051636986027918 -0.005856214739180906 0.003171535641809193 -0.015981708720509004
7.474293671316088e-05 1.8090127870923225 222.41723376129232 -0.0018984379904983238 -0.010175855806856237 -7.700828416819824e-05 -0.012256516001941652
0.00013349994880391088 -13.082864816948947 230.96429759669152 0.015583995635278217 -0.010872473476931146 -0.0008127535583100504 -0.0064252924659314505
0.00012770367345996326 -36.70104861409285 245.12941432102585 0.030999947838031627 -0.04005715646127222 -0.009822780976195747 0.016648073951127183
0.00013987032403384636 8.346106862015372 229.24845421829576 -0.010638884766051286 -0.006783905671359228 0.0018104062795780565 -0.010120129808108318
7.401600927914325e-05 1.1276460182007124 221.78041063573383 0.0008633531912844135 -0.015781177403007204 -0.00019709562775857879 -0.011911101977102953
0.00013338264735979295 -6.143784890416536 226.9580274547248 0.007141169989030083 -0.003907784586657536 0.001556574792169106 -0.010903898770601385
0.00012969477529639834 29.418221666393723 240.1393307352661 -0.024399484971304782 -0.02905579657753913 0.006085868041368229 0.010399936045650782
0.00012441896856643628 42.18279880679692 247.67718414019947 -0.03758472285957641 -0.04766691600868459 0.014173103767954694 0.025083340239530114
7.20910836408316e-05 0.1381539329063144 221.39018151358857 6.31215442577026e-05 -0.020217521934936842 -6.540410058688818e-05 -0.010256293600127194
7.158354000184209e-05 -1.567265576613977 220.75078935364687 4.927900470693856e-05 -0.014359838784987696 0.00023385859825228724 -0.012056396866477867
0.00011572965413960727 -51.894284910637005 248.80215075738846 0.05048621074203256 -0.05502240245361392 -0.021920353104559347 0.03178445358883677
0.0001298609684069598 -3.4440468533192323 224.32544986869468 0.0017043369132905268 -0.0055421146669856515 0.0017299708785776845 -0.012449122027291256
0.00012406451219468663 14.905353351745761 229.93735717771108 -0.01593647199838748 -0.011722927139189912 0.0012996975769661995 -0.0036574168152535896
6.915319851188074e-05 0.03960611537873704 222.34994387609683 -0.0009175876698160342 -0.022883213085239926 -8.063067574688029e-05 -0.008774427349533077
0.00011337983635817834 53.321739479952996 248.36836644638964 -0.052292298699095144 -0.05486731315231534 0.022877467390440834 0.0326517250762132
0.00011564451797972818 -48.51958261167883 248.15898934606494 0.04538762255100371 -0.05105385250171684 -0.018401133662403306 0.028662649092438916
0.00012376370865609392 -1.4348027805765982 220.87460221047368 -0.001062012326144326 -0.010923617473573122 0.002811340559521646 -0.013115407221270305
9.12061804102246e-05 -51.00103736200143 243.26758098248223 0.04603088518104264 -0.0410663413204119 -0.01627531502766414 0.0201319533328914
0.00012163396649512501 -12.063819092931704 228.76973849875745 0.015429768309834495 -0.00495568840130724 -0.0032877359922632698 -0.01142880960216628
0.00012741011173509758 -0.6098411918399496 222.09197786280694 -0.001547584188125758 -0.02016605149371464 -4.373757133634159e-05 -0.010284596050281923
0.00011902174825350772 -20.20908527672412 233.63073298777005 0.018854722540754834 -0.014476499089075029 -0.002443090728088847 0.00017810290041246363
0.00011819999621976404 3.5070781053469773 222.94517601079588 0.0002287855745422405 -0.00637386162793461 -0.004478689154092745 -0.012766475937599364
0.00011808857122165555 1.921594661600841 221.80888866516804 0.0017756340544045398 -0.01076413989683197 -0.0030548883033072734 -0.014389753666913568
0.00011725982309997245 5.681479638253968 224.2717696926605 -0.0037122780803628447 -0.004673661329870669 -0.0002337108283290831 -0.011217021965753497
0.0001168302175945578 1.5005958984555767 218.77814764571076 0.003988600728106603 -0.014468553761760561 -0.002577483510276171 -0.013162633638511783
0.00011544858406380265 8.429333417015759 225.17003651845877 -0.00865790200825922 -0.000891585002836222 0.0005538122024007255 -0.009923557369172411
0.00011705302830809567 27.04673750734808 236.65529506920643 -0.02244017981060655 -0.022227253136172513 0.005204647887284659 0.0033125834908645704
0.0001136724307868743 36.177853917382606 240.84411059224834 -0.029492027835455424 -0.03183191648217348 0.008136318548651218 0.013562310602636393
9.291460787341535e-05 52.3682125732128 243.58940731462485 -0.048115671976574 -0.04293413805326151 0.01716354304382185 0.021516655690709898
0.000112972760977125 11.981354234029169 228.1253981698561 -0.013592949246714189 -0.0023175709934288207 0.0025935184094447953 -0.011100274292344491
0.00011436223062149362 0.3029317016445529 220.56640409431856 0.0014034162797836231 -0.020776763149869974 -0.001651221555994076 -0.010562881506142457
0.00021044849097846862 30.551578809073895 223.52357787111978 -0.019991869357321904 -0.006114514823559446 -0.0005112139628276901 -0.0029921448803996685
0.00011554828412878365 -27.37797974685699 235.9875090801701 0.022730635037495363 -0.022078031999906322 -0.005354662076111417 0.004287108158196352
0.00011330967821076367 -43.8781047526389 245.49266458882667 0.03855870568120292 -0.04288940655889179 -0.013525291435980781 0.019893852244413923
0.0001108173508870608 0.34654683624391963 220.11243042928186 0.0010036756297054409 -0.023903347733309627 -0.0012648176118275156 -0.009004594052440336
0.00010873274162569482 52.64372391358344 247.14122771271565 -0.050699772209141035 -0.05096865401051245 0.02146663779367422 0.02890523958964031
0.00010193313294262406 58.66938061067815 245.39521739968922 -0.05798696850147187 -0.04934616647124326 0.02510720727994576 0.029827987951312977
0.00012191086944144056 46.941772394776564 240.31581486788141 -0.03879266736732694 -0.03420169459796545 0.011612892924155235 0.015215215113670258
0.00010773252233822304 41.001489070812724 242.18479440311847 -0.03459214447838148 -0.03609997960586295 0.010382199399752764 0.014283757157491323
0.00015792722527168223 17.089219748637632 227.98247776434047 -0.015241971058771552 -0.006003261813414633 0.004140821484379515 -0.0050430135357244915
0.00013990123780973856 37.92138553264177 233.81348243599803 -0.02774109423568479 -0.02269770850332985 0.004803525502900207 0.006489971865029352
0.0001065786363392705 -0.20061422965425485 219.56549251347016 7.386827905072886e-05 -0.0232521730642313 0.0006450233443304454 -0.009581484471370605
0.00011044271642895534 -10.310170844217533 225.84947175882309 0.010342736047291136 0.0008338465326762808 -0.0012704252364422832 -0.011279572011083329
0.00010562815860208718 24.817353304159955 232.47221801171167 -0.019957847477481593 -0.014552854857510594 0.0036816792123642197 0.00042897056412731635
0.00010664379514448335 -4.83084356218591 222.4145701777622 0.0005107044224897002 -0.0044776399104416225 0.0035970949894986465 -0.01260407087520148
0.0001090532704853743 -38.207014009912434 242.37069302383824 0.03127902419141951 -0.0342303471542393 -0.009373867420162956 0.014442462110973251
0.00010181626101092518 -0.9194752657238984 219.7481436612767 -0.00310027023845752 -0.02128583921375391 0.0018776427453953762 -0.010271103445772707
0.00010233271460180534 -2.215554623109232 219.00734058846444 -0.0035949004110485175 -0.009885728785343106 0.003011289797953296 -0.013100527224676773
0.00010280814189412229 50.60006759963933 245.30707571361486 -0.04728814144674187 -0.04495381127378046 0.018491322675615766 0.023223618524498117
9.464402031924955e-05 61.3410979055701 243.4431614975512 -0.0604301782611361 -0.047203264746681274 0.026224047148957458 0.02824471198562511
0.0001280648380097541 59.167638373878084 241.8223598566701 -0.05541628737938856 -0.04300402996466228 0.023247298185577026 0.023942631382338986
9.689827404767527e-05 -1.0938148255443927 218.80426162947472 -0.003252658440640416 -0.016593846706664743 0.004510156009998941 -0.012582740271220779
0.00010047105041853066 -9.269399422959594 223.65293824531963 0.007191026299742047 -0.0012634688662742973 0.0001943156975764015 -0.012450924300699157
0.0001018889926472316 -15.430200351112324 226.73957511524296 0.014275508629989492 -0.003233081306407826 -0.004764562045083614 -0.00809216974112185
0.00010386883839313371 -32.831312603532474 236.9175271262785 0.025361156445750016 -0.02421990946215264 -0.00567275638932686 0.007853561652396524
9.491009720995066e-05 28.77204974549757 232.29295664718782 -0.02035895385314277 -0.016983980482081867 0.0030295247785660714 0.001959259391846371
9.63948114361858e-05 2.2669258878583705 219.16917331199846 0.0011210872636286885 -0.008391922795121678 -0.005088708475842695 -0.013906454325666033
9.604442697222094e-05 7.93941986896917 221.89874756241963 -0.00490980518293573 -0.004343607363529371 -0.0016989858937606322 -0.012016589641876966
9.526931769747816e-05 61.083852965254934 243.34801059769038 -0.05948567888547469 -0.04666131440072766 0.025173720003590475 0.02787493628826302
0.00013850646025675132 22.286202021938585 227.55049345836358 -0.015880517905687543 -0.007595978593728294 0.001478922420115646 -0.0019570250194804076
0.00010104687606530925 -19.555958195406944 227.95907548986824 0.015585256386567867 -0.007185568047008095 -0.0030167150679982426 -0.005412819391673002
9.442658395378723e-05 1.0881561427186734 218.46989620975603 0.00429333119003251 -0.017413061448724843 -0.0029674362389636734 -0.012188118696198073
9.595181595577898e-05 45.97145485351965 242.05434443791685 -0.03893681643785324 -0.036712009717128874 0.012558556246533764 0.018351861376666286
0.00017787510027280834 12.432929660723495 221.52310711988812 -0.008173453115158819 0.0023682127263150573 0.0007523452156209471 -0.0081755124664253
0.000112141149341246 51.66058188443934 240.16947763733353 -0.044706585081534994 -0.03759440933060227 0.015132174334461875 0.018103819940755255
9.124938721037447e-05 32.53286664975108 234.4611271180701 -0.02304940639822397 -0.02060508057519173 0.003714464425598203 0.00606863936711965
8.98212634608113e-05 0.11433444333869602 218.32958282077183 0.0013999408286761296 -0.02400563886134212 -0.00038563140436207154 -0.008926554224751342
0.00017092119420873626 17.60726673598892 222.9520212832773 -0.011442727933970526 -0.0004626211454635905 0.0005943200738164011 -0.007690669818829618
9.824135534696034e-05 -27.545203047585744 232.32707963695157 0.02036564994691227 -0.016282842899416422 -0.0034229537796547256 0.003100748135956895
