data/processed/sauron_mge.ecsv
# %ECSV 1.0
# ---
# datatype:
# - {name: galaxy, datatype: string}
# - {name: j, datatype: int64}
# - {name: I, unit: 'L_sun,I/pc^2', datatype: float64}
# - {name: sigma, unit: arcsec, datatype: float64}
# - {name: q, datatype: float64}
# - {name: pa_twist, datatype: float64}
# schema: astropy-2.0
galaxy j I sigma q pa_twist
NGC221 1 1538154.6403030357 0.017298163592151014 0.79 0.0
NGC221 2 594292.1586155727 0.07194489780036994 0.741 0.0
NGC221 3 583445.1042737447 0.14487718535447616 0.786 0.0
NGC221 4 410204.10298660723 0.3647539469256078 0.757 0.0
NGC221 5 204644.4636724674 0.7870457896950986 0.72 0.0
NGC221 6 59429.21586155727 1.7060823890031236 0.724 0.0
NGC221 7 22855.9880337543 3.630780547701014 0.725 0.0
NGC221 8 12217.99660164871 6.839116472814292 0.743 0.0
NGC221 9 4808.393484497285 14.454397707459272 0.751 0.0
NGC221 10 2070.1413487910413 25.941793621188136 0.838 0.0
NGC221 11 554.625712957911 50.46612975635284 0.835 0.0
NGC221 12 41.495404263436306 177.41894808901662 0.72 0.0
NGC3156 1 1267651.865857845 0.017298163592151014 0.7 0.0
NGC3156 2 172186.8574986006 0.034355794789987466 0.7 0.0
NGC3156 3 97948.99854086981 0.09660508789898135 0.7 0.0
NGC3156 4 10641.430182243164 0.1803017740859569 0.7 0.0
NGC3156 5 7194.489780036998 0.2488857318282391 0.4 0.0
NGC3156 6 18836.49089489802 0.2999162518987651 0.7 0.0
NGC3156 7 3775.72190925416 0.9204495717531713 0.579 0.0
NGC3156 8 1025.651926251408 2.3659196974857584 0.7 0.0
NGC3156 9 498.88448746001217 5.970352865838369 0.491 0.0
NGC3156 10 292.41523778433367 10.256519262514074 0.582 0.0
NGC3156 11 171.79083871575875 18.879913490962934 0.404 0.0
NGC3156 12 57.67664633922506 38.018939632056124 0.59 0.0
NGC3377 1 1101539.3095414145 0.02167704104819695 0.74 0.0
NGC3377 2 277971.32677592884 0.10162486928706957 0.741 0.0
NGC3377 3 68548.8226452662 0.2488857318282391 0.469 0.0
NGC3377 4 68706.84400142317 0.2570395782768864 0.713 0.0
NGC3377 5 14893.610777109154 0.47424198526024464 0.9 0.0
NGC3377 6 41495.40426343633 0.7014552984199712 0.402 0.0
NGC3377 7 14157.93779957081 1.3121998990192032 0.464 0.0
NGC3377 8 2654.605561975539 1.9633602768360467 0.807 0.0
NGC3377 9 5754.399373371566 2.904022654464451 0.345 0.0
NGC3377 10 2870.780582024692 4.539416166502032 0.461 0.0
NGC3377 11 1682.6740610704674 7.638357835776907 0.523 0.0
NGC3377 12 650.1296903430909 17.179083871575884 0.455 0.0
NGC3377 13 301.3006024186122 26.485001386067008 0.546 0.0
NGC3377 14 78.52356346100719 48.5288500162121 0.559 0.0
NGC3377 15 42.85485203974394 64.71426157485831 0.8 0.0
NGC3377 16 14.621771744567184 148.59356422870076 0.899 0.0
NGC3379 1 18365.383433483476 0.0485288500162121 0.9 0.0
NGC3379 2 16218.100973589299 0.16943378004473283 0.9 0.0
NGC3379 3 15205.47529732497 0.6353309318517437 0.926 0.0
NGC3379 4 14689.262776438662 1.109174815262401 0.895 0.0
NGC3379 5 8689.60429286302 2.1877616239495525 0.85 0.0
NGC3379 6 8072.350302488382 3.1117163371060177 0.929 0.0
NGC3379 7 2259.435770220978 6.0534087475391365 0.852 0.0
NGC3379 8 2851.0182675039096 7.413102413009175 0.967 0.0
NGC3379 9 797.9946872679768 12.91219273613534 0.85 0.0
NGC3379 10 534.5643593969719 26.915348039269155 0.866 0.0
NGC3379 11 193.6421963946607 48.41723675840994 0.85 0.0
NGC3379 12 44.157044735331255 101.85913880541169 0.901 0.0
NGC3379 13 12.823305826560219 251.18864315095797 0.861 0.0
NGC3414 1 839459.9865193982 0.01976969640111861 0.801 0.0
NGC3414 2 97723.72209558112 0.09375620069258803 0.8 0.0
NGC3414 3 46025.65735813563 0.23550492838960096 0.817 0.0
NGC3414 4 22542.39212152428 0.5470159628939716 0.791 0.0
NGC3414 5 8053.784411990669 1.367728825595849 0.711 0.0
NGC3414 6 4073.802778041126 2.8119008303989403 0.741 0.0
NGC3414 7 1285.2866599436154 5.874893525297767 0.791 0.0
NGC3414 8 473.15125896148027 9.594006315159332 0.855 0.0
NGC3414 9 221.30947096056389 20.32357010936222 0.664 0.0
NGC3414 10 109.90058394325209 35.892193464500515 0.846 0.0
NGC3414 11 18.113400926196025 93.9723310564638 0.98 0.0
NGC3608 1 24378.108183687502 0.04570881896148749 0.9 0.0
NGC3608 2 24322.04009073816 0.12823305826560213 0.892 0.0
NGC3608 3 23768.402866248784 0.2716439268839083 0.89 0.0
NGC3608 4 17538.805018417603 0.5794286964268811 0.834 0.0
NGC3608 5 8790.225168308842 1.1939881044642733 0.844 0.0
NGC3608 6 1972.4227361148535 2.113489039836647 0.807 0.0
NGC3608 7 2387.8112829131783 3.4119291162192855 0.798 0.0
NGC3608 8 1294.1958414499863 6.77641507610675 0.815 0.0
NGC3608 9 251.18864315095797 14.92794409578996 0.75 0.0
NGC3608 10 188.79913490962926 28.773984147356696 0.781 0.0
NGC3608 11 35.48133892335755 94.84184633008974 0.881 0.0
NGC4150 1 170215.85083949502 0.03793149849736819 0.99 0.0
NGC4150 2 33728.73086588686 0.18535316234148114 0.99 0.0
NGC4150 3 26363.313858253816 0.3944573020752784 0.99 0.0
NGC4150 4 10000.0 0.9794899854086989 0.99 0.0
NGC4150 5 4742.419852602448 2.118361135248502 0.701 0.0
NGC4150 6 824.1381150130021 3.013006024186121 0.88 0.0
NGC4150 7 885.1156098308356 6.516283940608426 0.674 0.0
NGC4150 8 188.36490894898 16.94337800447329 0.65 0.0
NGC4150 9 164.43717232149325 23.173946499684785 0.65 0.0
NGC4150 10 10.543868963912587 61.235039172477336 0.66 0.0
NGC4278 1 140281.3704561959 0.02306747188720069 0.8 0.0
NGC4278 2 13995.873225726178 0.4786300923226383 0.8 0.0
NGC4278 3 10715.193052376071 1.0046157902783952 0.9 0.0
NGC4278 4 7533.55563733717 1.4791083881682074 0.8 0.0
NGC4278 5 6081.350012787177 2.6485001386067006 0.842 0.0
NGC4278 6 3499.451670283573 5.942921586155727 0.846 0.0
NGC4278 7 1104.0786199020736 11.455129414455355 0.898 0.0
NGC4278 8 295.80124665515467 27.542287033381662 0.9 0.0
NGC4278 9 55.97576014951102 58.34451042737448 0.9 0.0
NGC4278 10 15.452544395384141 152.05475297324955 0.857 0.0
NGC4374 1 14859.35642287006 0.017298163592151014 0.99 0.0
NGC4374 2 94188.95965228417 0.017298163592151014 0.99 0.0
NGC4374 3 25003.453616964296 0.08072350302488382 0.99 0.0
NGC4374 4 8298.507675144225 1.216186000646368 0.8 0.0
NGC4374 5 12022.644346174131 2.582260190634596 0.8 0.0
NGC4374 6 5432.503314924331 5.727960309858292 0.814 0.0
NGC4374 7 1581.2480392703826 11.04078619902073 0.838 0.0
NGC4374 8 703.0723198838334 21.428906011200585 0.874 0.0
NGC4374 9 266.0725059798809 39.084089579240214 0.935 0.0
NGC4374 10 89.74287945007487 78.34296427662116 0.99 0.0
NGC4374 11 32.284941217126345 181.5515662773135 0.99 0.0
NGC4450 1 242102.904673618 0.02535128630497907 0.6 0.0
NGC4450 2 52966.34438916581 0.09162204901219997 0.6 0.0
NGC4450 3 15170.503674593368 0.22750974307720706 0.6 0.0
NGC4450 4 11668.09617060963 0.31550046233746265 0.372 0.0
NGC4450 5 7780.365510398041 0.5834451042737447 0.6 0.0
NGC4450 6 2606.153549998895 1.6143585568264862 0.554 0.0
NGC4450 7 1111.7317272815908 4.436086439314326 0.6 0.0
NGC4450 8 1651.961798229015 6.531305526474723 0.289 0.0
NGC4450 9 703.0723198838334 11.297959146727976 0.385 0.0
NGC4450 10 588.843655355589 13.09181922999407 0.228 0.0
NGC4450 11 306.90219883911584 24.043628000069333 0.32 0.0
NGC4450 12 73.45138681571152 30.19951720402016 0.394 0.0
NGC4450 13 20.65380155810529 48.5288500162121 0.183 0.0
NGC4450 14 10.690548792226577 73.6207097494736 0.6 0.0
NGC4450 15 10.162486928706954 73.6207097494736 0.153 0.0
NGC4458 1 59156.16341754743 0.07943282347242814 0.25 0.0
NGC4458 2 93325.43007969906 0.11117317272815914 0.25 0.0
NGC4458 3 559.7576014951104 0.1406047524129914 0.643 0.0
NGC4458 4 45394.16166502032 0.22130947096056375 0.533 0.0
NGC4458 5 17100.15315090286 0.4187935651179184 0.604 0.0
NGC4458 6 5584.701947368307 0.7834296427662117 0.666 0.0
NGC4458 7 1981.527025805099 1.3963683610559376 0.752 0.0
NGC4458 8 1061.6955571987241 2.6061535499988953 0.834 0.0
NGC4458 9 665.2731562017412 4.977370849789359 0.87 0.0
NGC4458 10 230.14418174085088 10.471285480508996 0.873 0.0
NGC4458 11 107.89467222298286 22.080047330189004 0.95 0.0
NGC4458 12 9.727472237769652 93.9723310564638 0.95 0.0
NGC4459 1 390840.8957924017 0.01832314422371211 0.82 0.0
NGC4459 2 290402.2654464451 0.031117163371060186 0.82 0.0
NGC4459 3 88511.56098308356 0.11803206356517296 0.817 0.0
NGC4459 4 36307.8054770101 0.30690219883911574 0.929 0.0
NGC4459 5 31915.378551007583 0.6353309318517437 0.949 0.0
NGC4459 6 5382.697825162882 1.3031667784522993 0.933 0.0
NGC4459 7 5081.594425605605 2.344228815319922 0.822 0.0
NGC4459 8 1671.090614310707 2.488857318282391 0.99 0.0
NGC4459 9 2301.441817408509 5.821032177708714 0.879 0.0
NGC4459 10 928.9663867799363 10.495424286523221 0.83 0.0
NGC4459 11 427.562886151586 20.090928126087277 0.795 0.0
NGC4459 12 128.52866599436155 43.45102241715714 0.75 0.0
NGC4459 13 42.85485203974394 77.8036551039804 0.99 0.0
NGC4473 1 22181.964198002195 0.017298163592151014 0.55 0.0
NGC4473 2 7943.282347242814 0.07294575102545688 0.545 0.0
NGC4473 3 18923.43618644976 0.23823194693586902 0.555 0.0
NGC4473 4 16106.4563517827 0.4841723675840993 0.528 0.0
NGC4473 5 13614.44682465951 0.9527961640236519 0.491 0.0
NGC4473 6 5688.529308438413 1.6292960326397223 0.75 0.0
NGC4473 7 7638.357835776907 2.0230191786782714 0.4 0.0
NGC4473 8 4508.167045414601 3.4197944251370886 0.686 0.0
NGC4473 9 3380.6483620598156 3.8282474331682264 0.4 0.0
NGC4473 10 2355.049283896009 6.807693586937414 0.537 0.0
NGC4473 11 1196.7405313072431 7.06317554262962 0.75 0.0
NGC4473 12 835.6030182312483 14.223287871228198 0.541 0.0
NGC4473 13 304.088502567628 26.3633138582538 0.532 0.0
NGC4473 14 140.92887984218748 45.91980128368685 0.572 0.0
NGC4473 15 43.55118736855686 97.49896377173872 0.654 0.0
NGC4486 1 3475361.614432061 0.017298163592151014 0.95 0.0
NGC4486 2 54701.59628939722 0.1069054879222658 0.955 0.0
NGC4486 3 3258.367010020087 0.3845917820453536 0.944 0.0
NGC4486 4 1940.8858775927772 1.0162486928706955 0.99 0.0
NGC4486 5 2371.373705661655 3.311311214825911 0.99 0.0
NGC4486 6 2937.6496519615307 6.823386941416696 0.99 0.0
NGC4486 7 1618.0800376430661 13.001695780332906 0.967 0.0
NGC4486 8 727.7798045368243 24.490632418447454 0.949 0.0
NGC4486 9 288.40315031266056 53.826978251628844 0.886 0.0
NGC4486 10 46.88133821452653 80.53784411990665 0.99 0.0
NGC4486 11 46.88133821452653 146.55478409559115 0.7 0.0
NGC4486 12 14.223287871228198 327.3406948788383 0.7 0.0
NGC4526 1 290402.2654464451 0.0588843655355589 0.9 0.0
NGC4526 2 40738.02778041131 0.3622429984166986 0.9 0.0
NGC4526 3 16710.90614310707 0.8570378452303696 0.9 0.0
NGC4526 4 11194.378834671525 2.9512092266663856 0.474 0.0
NGC4526 5 5597.576014951104 4.2559841313374305 0.651 0.0
NGC4526 6 2393.3157564053877 9.311078754678302 0.678 0.0
NGC4526 7 1006.9316688518045 21.330449131465762 0.635 0.0
NGC4526 8 15.776112696993485 48.19477976251274 0.9 0.0
NGC4526 9 179.06058540352947 52.239618899911974 0.273 0.0
NGC4526 10 147.57065332758947 86.69618757582165 0.262 0.0
NGC4526 11 39.26449353995999 111.68632477805612 0.438 0.0
NGC4526 12 3.6140986263961334 183.65383433483456 0.9 0.0
NGC4552 1 115877.73561551262 0.017298163592151014 0.99 0.0
NGC4552 2 19142.55925021086 0.4017908108489399 0.8 0.0
NGC4552 3 21134.890398366475 0.45814188671453343 0.99 0.0
NGC4552 4 16180.800376430645 0.8770008211436348 0.957 0.0
NGC4552 5 14223.287871228184 1.6710906143107076 0.933 0.0
NGC4552 6 6081.350012787177 3.926449353995998 0.948 0.0
NGC4552 7 2606.153549998895 7.244359600749901 0.975 0.0
NGC4552 8 514.0436515824259 15.381546403030349 0.887 0.0
NGC4552 9 405.5085354483839 24.490632418447454 0.928 0.0
NGC4552 10 98.17479430199843 53.08844442309885 0.884 0.0
NGC4552 11 34.673685045253166 136.77288255958496 0.99 0.0
NGC4621 1 626613.864672335 0.04008667176273028 0.8 0.0
NGC4621 2 210377.84397664774 0.0933254300796991 0.798 0.0
NGC4621 3 90364.94737223024 0.1990673338987187 0.773 0.0
NGC4621 4 36057.86430216427 0.3845917820453536 0.95 0.0
NGC4621 5 15848.93192461114 0.6934258060165691 0.321 0.0
NGC4621 6 13740.41975012515 0.8669618757582166 0.893 0.0
NGC4621 7 6886.522963442762 1.741806873391614 0.819 0.0
NGC4621 8 7943.282347242814 1.9724227361148536 0.295 0.0
NGC4621 9 4045.7589169744288 3.8815036599064823 0.743 0.0
NGC4621 10 2074.9135174549106 4.528975799036208 0.302 0.0
NGC4621 11 2084.4908830972886 7.691304402866097 0.755 0.0
NGC4621 12 345.1437393358561 12.416523075924113 0.333 0.0
NGC4621 13 767.3614893618186 18.92343618644975 0.635 0.0
NGC4621 14 289.0679882365475 34.99451670283573 0.628 0.0
NGC4621 15 43.55118736855686 64.86344335482384 0.926 0.0
NGC4621 16 50.81594425605605 70.6317554262962 0.472 0.0
NGC4621 17 23.933157564053875 154.88166189124811 0.95 0.0
NGC4660 1 963829.0236239705 0.023988329190194897 0.9 0.0
NGC4660 2 137404.1975012515 0.0849180475036314 0.9 0.0
NGC4660 3 71285.30301265192 0.17258378919902034 0.533 0.0
NGC4660 4 51168.18355403073 0.2877398414735669 0.671 0.0
NGC4660 5 21677.041048196963 0.6180164001384159 0.546 0.0
NGC4660 6 9931.160484209335 0.6576578373554205 0.9 0.0
NGC4660 7 15381.546403030357 1.4256075936021881 0.45 0.0
NGC4660 8 8830.799004185632 2.218196419800219 0.59 0.0
NGC4660 9 2084.4908830972886 3.890451449942806 0.73 0.0
NGC4660 10 727.7798045368243 4.977370849789359 0.9 0.0
NGC4660 11 1455.4590805819653 9.571940712948445 0.45 0.0
NGC4660 12 141.90575216890926 14.060475241299136 0.9 0.0
NGC4660 13 261.21613543992055 18.407720014689556 0.45 0.0
NGC4660 14 85.11380382023764 28.248799749157076 0.779 0.0
NGC4660 15 17.498466886246575 63.973483548264824 0.878 0.0
NGC524 1 21677.041048196963 0.017298163592151014 0.95 0.0
NGC524 2 6412.095765851615 0.06324118513762193 0.95 0.0
NGC524 3 26977.394324449207 0.29853826189179594 0.95 0.0
NGC524 4 8203.515443298185 0.9183325964835809 0.95 0.0
NGC524 5 4345.102241715715 2.1232444620002195 0.95 0.0
NGC524 6 3388.441561392024 4.2559841313374305 0.95 0.0
NGC524 7 1183.0415557251647 12.078138351067803 0.95 0.0
NGC524 8 281.8382931264455 29.853826189179603 0.95 0.0
NGC524 9 67.92036326171846 51.05049999754062 0.95 0.0
NGC524 10 19.952623149688797 135.51894123510365 0.95 0.0
NGC5813 1 4415.704473533126 0.3491403154785861 0.98 0.0
NGC5813 2 8184.647881347895 0.5470159628939716 0.98 0.0
NGC5813 3 7046.930689671467 0.9418895965228413 0.9 0.0
NGC5813 4 5688.529308438413 1.7947336268325265 0.885 0.0
NGC5813 5 2517.676927758854 3.326595532940045 0.924 0.0
NGC5813 6 916.2204901220001 6.456542290346556 0.909 0.0
NGC5813 7 328.09529311311906 10.568175092136585 0.882 0.0
NGC5813 8 183.65383433483456 21.67704104819695 0.784 0.0
NGC5813 9 151.35612484362088 41.97589839910075 0.721 0.0
NGC5813 10 5.081594425605605 115.61122421920993 0.98 0.0
NGC5813 11 29.308932452503214 115.61122421920993 0.72 0.0
NGC5845 1 362242.99841669877 0.017298163592151014 0.8 0.0
NGC5845 2 169433.78004473288 0.053579665751334174 0.8 0.0
NGC5845 3 48752.8490103386 0.08933054837332954 0.462 0.0
NGC5845 4 25118.864315095823 0.2710191631890843 0.8 0.0
NGC5845 5 15739.828644662197 0.6546361740672749 0.768 0.0
NGC5845 6 17060.823890031243 1.035142166679344 0.263 0.0
NGC5845 7 7277.798045368242 1.1561122421920988 0.708 0.0
NGC5845 8 5128.613839913648 1.7258378919902035 0.668 0.0
NGC5845 9 4255.984131337431 2.8773984147356693 0.8 0.0
NGC5845 10 428.54852039743963 4.613175745603794 0.538 0.0
NGC5845 11 810.9610578538404 6.606934480075959 0.564 0.0
NGC5845 12 133.96766874259345 16.069412530128773 0.708 0.0
NGC5846 1 4436.086439314323 0.017298163592151014 0.99 0.0
NGC5846 2 6223.002851691595 1.4689262776438667 0.99 0.0
NGC5846 3 1333.521432163324 2.8119008303989403 0.99 0.0
NGC5846 4 2157.744409152667 5.3088444423098835 0.99 0.0
NGC5846 5 591.5616341754737 11.561122421920986 0.969 0.0
NGC5846 6 421.6965034285823 19.453600816226626 0.974 0.0
NGC5846 7 88.30799004185627 33.57376142429547 0.85 0.0
NGC5846 8 96.38290236239705 59.84115950603196 0.924 0.0
NGC5846 9 26.977394324449207 157.39828644662197 0.85 0.0
NGC7457 1 2032357.0109362209 0.017298163592151014 0.9 0.0
NGC7457 2 59979.10762555088 0.08729713683881117 0.9 0.0
NGC7457 3 11376.27285823431 0.20892961308540392 0.9 0.0
NGC7457 4 5035.006087879047 0.3767037989839089 0.9 0.0
NGC7457 5 4497.798548932879 0.737904230129101 0.696 0.0
NGC7457 6 2824.8799749157074 1.485935642287007 0.703 0.0
NGC7457 7 1492.794409578996 3.126079367123955 0.613 0.0
NGC7457 8 347.53616144320574 6.486344335482385 0.528 0.0
NGC7457 9 342.76778654645045 8.689604292863017 0.655 0.0
NGC7457 10 331.1311214825911 18.03017740859569 0.555 0.0
NGC7457 11 172.18685749860077 42.46195639463128 0.517 0.0
NGC7457 12 23.38837238659355 90.78205301781857 0.774 0.0
NGC821 1 209893.98836235245 0.029785164294291896 0.706 0.0
NGC821 2 83560.30182312474 0.11117317272815914 0.703 0.0
NGC821 3 40550.85354483835 0.2594179362118814 0.621 0.0
NGC821 4 19678.86289706843 0.5211947111050804 0.625 0.0
NGC821 5 11455.129414455361 0.9931160484209338 0.601 0.0
NGC821 6 7244.359600749898 1.8197008586099834 0.643 0.0
NGC821 7 2792.543841237339 3.749730022454835 0.586 0.0
NGC821 8 1177.6059735208078 6.123503917247735 0.776 0.0
NGC821 9 363.0780547701014 10.046157902783952 0.3 0.0
NGC821 10 550.8076964054036 15.488166189124811 0.585 0.0
NGC821 11 175.3880501841762 30.54921113215514 0.662 0.0
NGC821 12 30.338911841942704 54.20008904016238 0.758 0.0
NGC821 13 17.179083871575884 116.94993910198711 0.8 0.0
