data/processed/NGC5813-h6/gauss_hermite_kins_o.ecsv
# %ECSV 1.0
# ---
# datatype:
# - {name: vbin_id, datatype: int64}
# - {name: v, datatype: float32}
# - {name: dv, datatype: float32}
# - {name: sigma, datatype: float32}
# - {name: dsigma, datatype: float32}
# - {name: h3, datatype: float32}
# - {name: dh3, datatype: float32}
# - {name: h4, datatype: float32}
# - {name: dh4, datatype: float32}
# - {name: h5, datatype: float32}
# - {name: dh5, datatype: float32}
# - {name: h6, datatype: float32}
# - {name: dh6, datatype: float32}
# - {name: is_good, datatype: int64}
# - {name: n_gh, datatype: int64}
# meta: !!omap
# - PSF:
#     sigma: [0.3329209608324763, 1.5030246371924072]
#     weight: [0.8112598413714794, 0.18874015862852056]
# schema: astropy-2.0
vbin_id v dv sigma dsigma h3 dh3 h4 dh4 h5 dh5 h6 dh6 is_good n_gh
[from data line 174]
175 70.8549 11.1 206.6076 22.9372 -0.0192 0.069569014 0.1168 0.07555726 0.0 0.1 0.0 0.1 1 6
176 59.4551 9.292 219.8188 16.7741 -0.0922 0.050186366 0.0683 0.10468133 0.0 0.1 0.0 0.1 1 6
177 83.8473 8.8056 234.0183 14.2138 -0.026 0.0515522 0.0878 0.055842414 0.0 0.1 0.0 0.1 1 6
178 108.1445 15.193 211.6705 15.6153 -0.1014 0.067812495 -0.0126 0.16182448 0.0 0.1 0.0 0.1 1 6
179 77.8851 6.5088 229.2515 15.2436 -0.0628 0.055385813 0.0587 0.05740109 0.0 0.1 0.0 0.1 1 6
180 72.3062 11.2479 196.1895 24.0101 -0.0794 0.07729479 0.0366 0.08820794 0.0 0.1 0.0 0.1 1 6
181 44.7084 7.3203 213.8047 7.9357 -0.0231 0.05197111 -0.0328 0.053997546 0.0 0.1 0.0 0.1 1 6
182 14.2535 6.9157 224.9597 11.889 0.0049 0.04023983 0.0681 0.0559119 0.0 0.1 0.0 0.1 1 6
183 41.599 10.9482 230.6019 19.5631 -0.0005 0.058216568 0.0777 0.07415417 0.0 0.1 0.0 0.1 1 6
184 82.4801 7.2835 201.382 19.4834 -0.037 0.06055879 0.0995 0.06254191 0.0 0.1 0.0 0.1 1 6
185 30.7513 7.4589 233.0381 8.9561 0.0137 0.03870596 0.0187 0.040029664 0.0 0.1 0.0 0.1 1 6
186 46.5286 9.5458 210.5035 18.7184 -0.018 0.06667429 0.1135 0.067058556 0.0 0.1 0.0 0.1 1 6
187 24.0304 8.1749 229.0502 13.8469 0.0085 0.04689139 0.0656 0.042034883 0.0 0.1 0.0 0.1 1 6
188 82.9503 9.8563 236.915 20.5574 -0.0225 0.06610125 0.0986 0.068963796 0.0 0.1 0.0 0.1 1 6
189 74.7065 7.74 223.0388 9.9516 -0.0238 0.040433913 0.0216 0.042194627 0.0 0.1 0.0 0.1 1 6
190 70.5208 7.7969 217.0282 11.5036 -0.1143 0.050533146 0.0524 0.0549234 0.0 0.1 0.0 0.1 1 6
191 82.9113 9.6557 186.0603 15.8453 -0.0805 0.06272567 0.0829 0.056884073 0.0 0.1 0.0 0.1 1 6
192 34.7636 7.8979 244.1535 9.8607 -0.0071 0.03650829 0.0023 0.03391498 0.0 0.1 0.0 0.1 1 6
193 79.2556 10.3543 211.0938 14.7177 -0.1412 0.060285654 0.0573 0.061774015 0.0 0.1 0.0 0.1 1 6
194 80.1427 6.8237 251.8888 9.2192 -0.0874 0.036786143 -0.0128 0.040359013 0.0 0.1 0.0 0.1 1 6
195 60.3717 7.5044 234.5892 10.1125 -0.0679 0.04431033 0.0085 0.032096773 0.0 0.1 0.0 0.1 1 6
196 57.8721 7.2237 226.525 8.1384 -0.0164 0.038714126 -0.0206 0.045314763 0.0 0.1 0.0 0.1 1 6
197 60.5872 6.762 237.084 11.8257 -0.0925 0.039418694 0.0622 0.039328653 0.0 0.1 0.0 0.1 1 6
198 43.8584 6.6361 241.441 11.0997 -0.029 0.037188504 0.0452 0.049946614 0.0 0.1 0.0 0.1 1 6
199 64.1967 26.2267 145.3006 40.7876 -0.0597 0.1701422 0.0213 0.14191286 0.0 0.1 0.0 0.1 1 6
200 82.3398 12.2999 212.362 16.9347 -0.119 0.05564645 0.0413 0.075153165 0.0 0.1 0.0 0.1 1 6
201 67.3839 5.4146 223.6394 8.3754 -0.0654 0.032160565 0.0198 0.033986967 0.0 0.1 0.0 0.1 1 6
202 9.6063 5.1071 265.4205 6.5456 0.0058 0.020640977 0.0212 0.021297222 0.0 0.1 0.0 0.1 1 6
203 67.6348 10.2322 199.9094 14.5575 -0.0897 0.06758907 0.04 0.06078019 0.0 0.1 0.0 0.1 1 6
204 85.5731 7.7936 210.21 17.0407 -0.095 0.058420807 0.0656 0.05696807 0.0 0.1 0.0 0.1 1 6
205 88.4779 6.3385 218.199 12.7553 -0.0194 0.03803999 0.0398 0.04695483 0.0 0.1 0.0 0.1 1 6
206 57.1584 6.3932 220.6013 9.4733 -0.02 0.04783582 -0.0389 0.039845616 0.0 0.1 0.0 0.1 1 6
207 78.7421 9.5167 205.9891 14.9478 -0.0599 0.056291584 0.063 0.04733763 0.0 0.1 0.0 0.1 1 6
208 56.4128 7.1676 208.5712 20.4202 -0.0044 0.058422484 0.0933 0.074133396 0.0 0.1 0.0 0.1 1 6
209 53.1126 7.0699 224.0126 7.9522 -0.0319 0.046119723 -0.013 0.041773293 0.0 0.1 0.0 0.1 1 6
210 0.8909 7.2991 283.2055 7.748 0.0211 0.02118066 0.0524 0.027293764 0.0 0.1 0.0 0.1 1 6
211 52.7551 9.1038 250.4592 15.6701 0.0259 0.0328691 0.1095 0.048162375 0.0 0.1 0.0 0.1 1 6
212 45.0455 7.99 242.3269 13.3473 -0.0371 0.032369345 0.0814 0.03756434 0.0 0.1 0.0 0.1 1 6
213 56.5376 6.4184 226.2659 8.8332 -0.0333 0.03662363 0.0862 0.04234586 0.0 0.1 0.0 0.1 1 6
214 10.0488 7.2556 295.9098 8.2065 0.013 0.02326082 0.0144 0.03042165 0.0 0.1 0.0 0.1 1 6
215 23.1703 5.804 249.0072 6.3 0.021 0.021498132 0.0258 0.035747994 0.0 0.1 0.0 0.1 1 6
216 68.8147 9.5829 232.3 14.7265 -0.0914 0.05238608 0.0384 0.05683214 0.0 0.1 0.0 0.1 1 6
217 64.9396 9.9175 200.9277 18.2105 -0.0958 0.070502475 0.0929 0.06479311 0.0 0.1 0.0 0.1 1 6
218 42.4747 6.4251 259.8616 9.3157 -0.0026 0.02498047 0.0646 0.03117912 0.0 0.1 0.0 0.1 1 6
219 -14.5405 5.2442 262.5317 7.4572 -0.0179 0.018804213 0.0893 0.028018462 0.0 0.1 0.0 0.1 1 6
220 1.549 6.562 308.4462 7.3978 0.006 0.018445631 -0.0029 0.022235367 0.0 0.1 0.0 0.1 1 6
221 41.9027 5.6296 230.4539 9.7484 -0.0248 0.03694014 0.0818 0.04523513 0.0 0.1 0.0 0.1 1 6
222 38.6114 4.9426 244.3843 7.1913 0.0072 0.02740957 0.0124 0.033344027 0.0 0.1 0.0 0.1 1 6
223 40.8947 5.9713 225.8805 8.2775 -0.009 0.03696326 -0.0106 0.038603663 0.0 0.1 0.0 0.1 1 6
224 -14.6992 6.6869 280.2017 9.0214 0.0405 0.020855684 0.0769 0.032445226 0.0 0.1 0.0 0.1 1 6
225 -99.1202 6.1245 292.9946 7.0942 0.0525 0.019539949 0.0393 0.020970276 0.0 0.1 0.0 0.1 1 6
226 -86.6571 5.4613 301.8779 7.7435 0.0658 0.019997483 0.0514 0.022764336 0.0 0.1 0.0 0.1 1 6
227 -71.1294 5.0349 243.9026 8.3276 0.0645 0.024979984 0.1073 0.02801331 0.0 0.1 0.0 0.1 1 6
228 22.6093 6.683 251.2255 7.8134 -0.0117 0.021548035 0.0593 0.029038524 0.0 0.1 0.0 0.1 1 6
229 -33.6664 7.3967 288.3239 6.4618 0.036 0.026332082 0.0132 0.02704178 0.0 0.1 0.0 0.1 1 6
230 -59.4377 6.1509 269.0648 6.4639 0.0093 0.025822448 0.0118 0.027713161 0.0 0.1 0.0 0.1 1 6
231 50.4522 6.2878 232.7969 15.0175 0.0026 0.03489606 0.1291 0.05187856 0.0 0.1 0.0 0.1 1 6
232 -29.5674 6.5437 238.9085 9.9486 0.0026 0.039153244 0.0483 0.032675155 0.0 0.1 0.0 0.1 1 6
233 -3.4504 6.4179 298.0376 6.9462 0.0381 0.023864763 -0.0074 0.025511146 0.0 0.1 0.0 0.1 1 6
234 36.2992 9.0636 215.5392 15.6955 -0.0511 0.06427111 0.0333 0.06839485 0.0 0.1 0.0 0.1 1 6
235 17.5613 5.1788 212.6275 11.0269 0.0287 0.04254873 0.0221 0.05561501 0.0 0.1 0.0 0.1 1 6
236 23.014 6.392 246.4743 12.7683 -0.0555 0.036836345 0.0896 0.036651857 0.0 0.1 0.0 0.1 1 6
237 -70.7229 5.1071 267.2262 6.178 0.0648 0.02036841 -0.0056 0.028764594 0.0 0.1 0.0 0.1 1 6
238 -97.9836 7.1139 296.2806 7.9635 0.1232 0.020988468 0.0354 0.025576964 0.0 0.1 0.0 0.1 1 6
239 -81.377 5.4036 275.8127 5.8034 0.0608 0.016637163 0.0155 0.024316324 0.0 0.1 0.0 0.1 1 6
240 30.3965 7.048 261.4588 10.1968 0.021 0.030837465 0.0481 0.032782204 0.0 0.1 0.0 0.1 1 6
241 -25.5034 6.0814 265.5287 10.2137 0.0206 0.025575602 0.0878 0.037734773 0.0 0.1 0.0 0.1 1 6
242 -64.1079 5.6839 278.9512 6.9731 0.03 0.017452497 0.065 0.019938596 0.0 0.1 0.0 0.1 1 6
243 -28.7086 5.1359 284.2426 6.3275 0.0897 0.021967793 -0.0107 0.022424785 0.0 0.1 0.0 0.1 1 6
244 46.2534 6.6442 255.11 12.9356 -0.0008 0.03579035 0.092 0.04696474 0.0 0.1 0.0 0.1 1 6
245 41.7999 7.257 237.0164 10.2255 0.0244 0.032416064 0.0358 0.03937568 0.0 0.1 0.0 0.1 1 6
246 -76.5789 6.2995 252.5605 5.2183 0.0049 0.030444894 -0.0584 0.02941361 0.0 0.1 0.0 0.1 1 6
247 -54.8514 5.9624 252.6534 9.9937 0.0826 0.023134084 0.0833 0.031869575 0.0 0.1 0.0 0.1 1 6
248 -19.6528 6.2964 262.9031 10.8358 0.0334 0.02554222 0.0798 0.044579294 0.0 0.1 0.0 0.1 1 6
249 -19.6826 6.1653 265.7968 6.1561 0.0179 0.02077998 -0.002 0.022372466 0.0 0.1 0.0 0.1 1 6
250 -39.8446 7.497 238.321 11.999 -0.0651 0.039149143 0.0637 0.039249264 0.0 0.1 0.0 0.1 1 6
251 -26.2072 5.492 222.1196 10.5128 -0.0259 0.035971604 0.0265 0.03807403 0.0 0.1 0.0 0.1 1 6
252 -9.2408 6.2815 226.9527 8.3564 0.0282 0.03769086 0.0283 0.038025882 0.0 0.1 0.0 0.1 1 6
253 -12.5519 5.844 232.3104 6.6736 0.0145 0.039744586 -0.0358 0.029108346 0.0 0.1 0.0 0.1 1 6
254 -106.191 5.2527 271.0325 7.3911 0.0348 0.02124949 0.051 0.03248633 0.0 0.1 0.0 0.1 1 6
255 -82.1182 6.8467 283.1275 8.8832 0.1269 0.022648448 0.092 0.03136838 0.0 0.1 0.0 0.1 1 6
256 -63.3662 5.8609 261.5664 9.0215 0.0801 0.030205658 0.0213 0.032316457 0.0 0.1 0.0 0.1 1 6
257 -68.1782 7.0913 277.745 7.9002 0.0713 0.023205506 0.0221 0.023751771 0.0 0.1 0.0 0.1 1 6
258 -30.0781 5.6664 213.9148 9.8063 0.0621 0.040378325 0.0357 0.03785707 0.0 0.1 0.0 0.1 1 6
259 -2.9446 7.1674 251.6243 9.7077 -0.0768 0.04413332 0.0064 0.03988539 0.0 0.1 0.0 0.1 1 6
260 7.6978 6.8143 212.8239 10.3901 -0.0262 0.049282726 0.0704 0.054654177 0.0 0.1 0.0 0.1 1 6
261 -76.035 6.0428 245.6106 7.1257 -0.006 0.030778306 -0.0155 0.028635394 0.0 0.1 0.0 0.1 1 6
262 -20.4958 7.93 271.0477 8.0496 0.0168 0.026738726 0.0187 0.028843468 0.0 0.1 0.0 0.1 1 6
263 -33.7213 6.1048 268.4246 8.4223 0.0967 0.023712013 0.0417 0.033017654 0.0 0.1 0.0 0.1 1 6
264 -9.9846 9.1709 224.8731 13.4204 0.0071 0.049866237 0.0572 0.05396492 0.0 0.1 0.0 0.1 1 6
265 -44.6293 5.0358 232.4398 8.1692 0.0893 0.026057195 0.029 0.03701077 0.0 0.1 0.0 0.1 1 6
266 26.5504 9.0384 197.5418 17.9982 0.0316 0.05261336 0.1229 0.044922974 0.0 0.1 0.0 0.1 1 6
267 -92.7022 5.4149 249.9546 5.8091 0.0452 0.026287317 -0.0045 0.030718615 0.0 0.1 0.0 0.1 1 6
268 -5.942 7.8314 263.7139 10.0229 0.0659 0.03324617 0.0432 0.035357606 0.0 0.1 0.0 0.1 1 6
269 -109.9376 7.2488 251.7231 13.1171 0.0795 0.028830014 0.1367 0.03801494 0.0 0.1 0.0 0.1 1 6
270 -16.9958 7.347 260.9289 7.3668 -0.0039 0.026212472 0.0771 0.03554279 0.0 0.1 0.0 0.1 1 6
271 -97.6017 7.4701 258.3859 7.5759 0.0438 0.027036855 0.0154 0.032552306 0.0 0.1 0.0 0.1 1 6
272 -45.2393 5.7628 248.6878 7.9403 0.0703 0.030402636 0.0313 0.029147191 0.0 0.1 0.0 0.1 1 6
273 -89.0858 6.0486 242.2136 8.4699 0.1274 0.028522085 0.0392 0.03027792 0.0 0.1 0.0 0.1 1 6
274 -56.9534 5.8594 261.8705 11.1231 0.0507 0.026615772 0.0842 0.03664724 0.0 0.1 0.0 0.1 1 6
275 -64.0198 5.861 238.0364 11.0234 0.0455 0.028441409 0.0983 0.042370476 0.0 0.1 0.0 0.1 1 6
276 -104.8142 5.5702 212.9925 6.9575 0.0401 0.04215464 -0.0054 0.03221613 0.0 0.1 0.0 0.1 1 6
277 -51.7356 9.1493 251.0864 12.0004 0.0671 0.04545696 0.0884 0.056469537 0.0 0.1 0.0 0.1 1 6
278 51.4778 8.9386 239.8852 16.5107 -0.0481 0.056347422 0.1306 0.05279721 0.0 0.1 0.0 0.1 1 6
279 6.2908 5.8849 225.9035 7.7817 -0.1065 0.039143924 -0.0422 0.035943586 0.0 0.1 0.0 0.1 1 6
280 -103.1658 6.6093 251.8865 8.2001 0.088 0.032086864 0.081 0.03600208 0.0 0.1 0.0 0.1 1 6
281 -10.8877 7.1724 239.4399 9.3686 0.0463 0.030472359 0.0753 0.03896565 0.0 0.1 0.0 0.1 1 6
282 -103.3948 8.0076 234.084 9.5508 0.149 0.030101582 0.0728 0.031565685 0.0 0.1 0.0 0.1 1 6
283 -92.5709 4.88 264.5736 5.278 0.039 0.020868173 -0.0245 0.019172069 0.0 0.1 0.0 0.1 1 6
284 40.5245 6.9242 224.11 8.8171 0.0081 0.042676218 -0.0206 0.05100066 0.0 0.1 0.0 0.1 1 6
285 -70.7747 5.5465 260.8417 7.0781 -0.0034 0.01746512 0.0793 0.026701933 0.0 0.1 0.0 0.1 1 6
286 -62.58 7.0349 265.3014 8.5718 0.0414 0.02540089 0.0705 0.032954838 0.0 0.1 0.0 0.1 1 6
287 -98.7723 5.9446 223.5032 8.162 0.0787 0.037928313 -0.0168 0.034963068 0.0 0.1 0.0 0.1 1 6
288 -14.9133 4.9595 249.2209 7.3135 0.002 0.025440164 0.0129 0.031749256 0.0 0.1 0.0 0.1 1 6
289 6.082 7.2746 231.8933 10.3797 -0.042 0.035726346 0.0674 0.056707755 0.0 0.1 0.0 0.1 1 6
290 23.9255 9.2627 238.3891 10.7321 0.0018 0.042579893 -0.0085 0.037480444 0.0 0.1 0.0 0.1 1 6
291 -100.755 6.3764 237.0061 10.9157 0.0972 0.031420846 0.1392 0.033578414 0.0 0.1 0.0 0.1 1 6
292 -19.9531 4.9756 244.2264 6.5342 0.0119 0.027069718 -0.0299 0.032286994 0.0 0.1 0.0 0.1 1 6
293 -93.4713 5.5612 240.416 7.3561 0.066 0.024195893 0.0702 0.028804526 0.0 0.1 0.0 0.1 1 6
294 -72.7537 5.4541 250.2363 7.4743 0.0568 0.022088557 0.0061 0.02349154 0.0 0.1 0.0 0.1 1 6
295 -16.7062 8.2466 215.1622 14.467 0.0113 0.04346777 0.0658 0.05648618 0.0 0.1 0.0 0.1 1 6
296 -27.6486 7.1665 202.8858 11.0947 0.0491 0.046271816 0.0753 0.047064018 0.0 0.1 0.0 0.1 1 6
297 -22.8555 8.8287 245.1476 15.1144 0.0335 0.038069226 0.0917 0.046703573 0.0 0.1 0.0 0.1 1 6
298 -53.726 7.3337 232.24 10.6129 -0.0013 0.029889992 0.1148 0.04337115 0.0 0.1 0.0 0.1 1 6
299 12.4576 8.0306 232.5659 12.2512 -0.0462 0.033629283 0.0424 0.053532094 0.0 0.1 0.0 0.1 1 6
300 -17.7632 5.9534 211.1079 10.1531 0.0087 0.042309944 0.0186 0.041682944 0.0 0.1 0.0 0.1 1 6
301 -63.6964 5.0608 234.6027 7.9087 0.0403 0.029830243 0.0515 0.033089887 0.0 0.1 0.0 0.1 1 6
302 -95.2812 6.5373 239.442 11.3453 0.1246 0.030576311 0.0495 0.035572242 0.0 0.1 0.0 0.1 1 6
303 -73.9758 6.283 242.9291 9.3999 0.0663 0.031667747 0.0324 0.038637467 0.0 0.1 0.0 0.1 1 6
304 -37.6445 7.7769 225.9104 8.0132 -0.0235 0.039798256 0.0458 0.04594308 0.0 0.1 0.0 0.1 1 6
305 -1.4891 7.5735 213.1284 10.192 0.0003 0.04403774 0.0139 0.04417581 0.0 0.1 0.0 0.1 1 6
306 -104.8701 6.3391 245.7436 12.0973 0.0892 0.024493953 0.1167 0.03923592 0.0 0.1 0.0 0.1 1 6
307 -14.9316 8.2566 208.3444 9.8774 -0.016 0.04906422 -0.0111 0.03987281 0.0 0.1 0.0 0.1 1 6
308 15.8291 8.0548 232.8636 11.97 0.0195 0.045870278 0.0455 0.049067818 0.0 0.1 0.0 0.1 1 6
309 -81.347 5.5868 245.4225 6.3749 0.0159 0.027987575 -0.0502 0.027560022 0.0 0.1 0.0 0.1 1 6
310 -2.3035 5.3487 244.0066 10.5601 0.0538 0.031248841 0.0538 0.042146016 0.0 0.1 0.0 0.1 1 6
311 -95.0139 6.285 222.5479 10.7669 0.0384 0.03879647 0.0291 0.046547234 0.0 0.1 0.0 0.1 1 6
312 -108.1177 5.386 233.8331 12.7353 0.0416 0.03383399 0.0625 0.04459316 0.0 0.1 0.0 0.1 1 6
313 -49.0094 6.4831 221.9636 9.9268 -0.0387 0.036716342 0.0914 0.03991113 0.0 0.1 0.0 0.1 1 6
314 37.6232 6.7052 231.5195 12.0391 -0.0466 0.035602782 0.0665 0.062293403 0.0 0.1 0.0 0.1 1 6
315 -2.522 6.6896 240.3515 7.1045 -0.0278 0.04296803 0.0012 0.03922182 0.0 0.1 0.0 0.1 1 6
316 -96.7421 7.6643 227.5986 12.1042 0.0372 0.040985584 0.0178 0.043359365 0.0 0.1 0.0 0.1 1 6
317 -69.5559 6.8506 224.6645 10.1174 -0.0097 0.037757017 0.1091 0.037440218 0.0 0.1 0.0 0.1 1 6
318 -86.0905 6.3532 250.1475 8.543 0.0096 0.03540147 0.0024 0.031734847 0.0 0.1 0.0 0.1 1 6
319 -29.2563 13.0294 192.7784 17.1617 -0.0196 0.08831856 -0.0786 0.07369835 0.0 0.1 0.0 0.1 1 6
320 -103.3362 8.1023 234.3465 17.751 -0.0381 0.053583518 0.0739 0.07026891 0.0 0.1 0.0 0.1 1 6
321 -75.3529 7.4986 237.0337 11.4931 0.0905 0.031013506 0.0682 0.044047058 0.0 0.1 0.0 0.1 1 6
322 2.3218 6.2361 228.6767 5.228 -0.0011 0.03894707 -0.0616 0.035078757 0.0 0.1 0.0 0.1 1 6
323 -64.7197 7.9001 237.9248 11.0167 0.0401 0.0397807 0.0597 0.045538668 0.0 0.1 0.0 0.1 1 6
324 -21.756 6.0076 220.8984 8.2986 -0.0109 0.039216906 0.0496 0.03800781 0.0 0.1 0.0 0.1 1 6
325 20.423 8.5985 229.2877 12.5461 -0.0904 0.052949328 0.0499 0.061370153 0.0 0.1 0.0 0.1 1 6
326 -91.2449 6.9324 256.3832 10.0318 0.0744 0.021969581 0.0783 0.029454721 0.0 0.1 0.0 0.1 1 6
327 -97.5066 5.6709 223.8091 9.4354 -0.0013 0.03169438 0.0442 0.032514483 0.0 0.1 0.0 0.1 1 6
328 -82.6572 6.8271 234.3663 9.8166 0.0428 0.03611514 0.0511 0.039367918 0.0 0.1 0.0 0.1 1 6
329 -85.3495 5.8845 237.624 7.1849 0.0461 0.028753782 -0.0094 0.041524246 0.0 0.1 0.0 0.1 1 6
330 -50.9067 5.5728 234.8665 7.2681 0.0426 0.03735239 -0.0234 0.030079313 0.0 0.1 0.0 0.1 1 6
331 -0.5699 6.891 246.4084 7.6492 0.062 0.031105602 -0.0173 0.034278456 0.0 0.1 0.0 0.1 1 6
332 -32.8669 7.0817 236.1972 6.443 0.0711 0.027764738 -0.0467 0.030643128 0.0 0.1 0.0 0.1 1 6
333 -46.59 11.8393 196.0832 13.4631 -0.0191 0.07487935 -0.0029 0.057549782 0.0 0.1 0.0 0.1 1 6
334 -67.6104 7.4866 253.8762 10.1167 0.0509 0.03317373 0.0392 0.041817732 0.0 0.1 0.0 0.1 1 6
335 -89.9134 6.5801 235.7164 7.7293 0.054 0.041104406 -0.0065 0.056873444 0.0 0.1 0.0 0.1 1 6
336 6.7296 7.1081 252.9305 10.2632 -0.0496 0.04226861 0.0058 0.038226735 0.0 0.1 0.0 0.1 1 6
337 -2.8972 6.7542 227.0199 9.2819 0.025 0.03710509 0.0727 0.038946934 0.0 0.1 0.0 0.1 1 6
338 23.3868 10.3178 207.7297 15.3034 -0.0431 0.0645941 0.0531 0.061851356 0.0 0.1 0.0 0.1 1 6
339 -21.5996 7.5156 225.1981 11.664 -0.0658 0.040546805 0.0419 0.049178343 0.0 0.1 0.0 0.1 1 6
340 -87.3947 6.3972 249.0998 11.5123 0.0191 0.035227116 0.0421 0.042641617 0.0 0.1 0.0 0.1 1 6
341 -105.2462 6.7729 234.6232 8.0638 0.0478 0.038593043 0.0378 0.041336104 0.0 0.1 0.0 0.1 1 6
342 19.1277 7.8101 231.1516 14.2716 -0.0391 0.042698916 0.0652 0.06359842 0.0 0.1 0.0 0.1 1 6
343 -81.4814 5.9317 242.6977 8.4537 0.0474 0.028986106 0.061 0.031970214 0.0 0.1 0.0 0.1 1 6
344 -39.481 7.6762 230.8994 11.401 0.0239 0.051308926 0.0417 0.047485456 0.0 0.1 0.0 0.1 1 6
