data/processed/NGC5813-h6/gauss_hermite_kins_o.ecsv
# %ECSV 1.0
# ---
# datatype:
# - {name: vbin_id, datatype: int64}
# - {name: v, datatype: float32}
# - {name: dv, datatype: float32}
# - {name: sigma, datatype: float32}
# - {name: dsigma, datatype: float32}
# - {name: h3, datatype: float32}
# - {name: dh3, datatype: float32}
# - {name: h4, datatype: float32}
# - {name: dh4, datatype: float32}
# - {name: h5, datatype: float32}
# - {name: dh5, datatype: float32}
# - {name: h6, datatype: float32}
# - {name: dh6, datatype: float32}
# - {name: is_good, datatype: int64}
# - {name: n_gh, datatype: int64}
# meta: !!omap
# - PSF:
#     sigma: [0.3329209608324763, 1.5030246371924072]
#     weight: [0.8112598413714794, 0.18874015862852056]
# schema: astropy-2.0
vbin_id v dv sigma dsigma h3 dh3 h4 dh4 h5 dh5 h6 dh6 is_good n_gh
1 15.4061 5.9488 318.1022 6.8857 -0.0231 0.017438134 0.0051 0.02275273 0.0 0.1 0.0 0.1 1 6
2 33.9008 5.2822 314.0388 5.6229 -0.049 0.017557994 -0.018 0.018501028 0.0 0.1 0.0 0.1 1 6
3 62.3014 4.6817 279.2883 4.9 -0.033 0.019360632 0.0246 0.022545267 0.0 0.1 0.0 0.1 1 6
4 60.3306 6.3233 308.516 7.3852 -0.0519 0.017376726 0.0023 0.02407012 0.0 0.1 0.0 0.1 1 6
5 64.4698 5.1272 276.5226 6.0201 -0.0726 0.020026835 -0.0021 0.023060936 0.0 0.1 0.0 0.1 1 6
6 68.802 6.7041 291.6104 9.9079 -0.0651 0.022259673 0.0702 0.024622642 0.0 0.1 0.0 0.1 1 6
7 93.6647 5.4948 261.1312 7.2873 -0.0091 0.023471495 0.0418 0.033252027 0.0 0.1 0.0 0.1 1 6
8 76.4906 5.9963 275.2235 5.2995 -0.059 0.020060688 -0.0429 0.022664491 0.0 0.1 0.0 0.1 1 6
9 88.6951 6.7619 285.9704 7.8695 -0.0278 0.01757372 0.0553 0.021850817 0.0 0.1 0.0 0.1 1 6
10 71.3184 5.4854 263.2208 7.9662 -0.0515 0.025394332 0.0347 0.028465852 0.0 0.1 0.0 0.1 1 6
11 107.2 4.8524 258.7741 8.1487 -0.0293 0.027212286 0.0149 0.03304463 0.0 0.1 0.0 0.1 1 6
12 87.7883 5.2284 261.794 5.9416 -0.0547 0.02545886 -0.0278 0.033480544 0.0 0.1 0.0 0.1 1 6
13 68.9749 4.8466 271.8367 6.5428 -0.0103 0.019874254 0.0287 0.022001266 0.0 0.1 0.0 0.1 1 6
14 75.7189 5.9921 271.8632 8.4328 -0.0241 0.031472616 0.1011 0.030755851 0.0 0.1 0.0 0.1 1 6
15 78.9109 6.1068 258.3635 8.9905 -0.0251 0.02786196 0.0384 0.02597329 0.0 0.1 0.0 0.1 1 6
16 95.0912 5.3072 279.4569 7.6258 -0.0142 0.021091482 0.0552 0.023552569 0.0 0.1 0.0 0.1 1 6
17 66.0885 4.3788 260.5574 5.2217 -0.0274 0.021611203 0.032 0.02000865 0.0 0.1 0.0 0.1 1 6
18 89.8394 6.614 269.1298 7.9712 -0.0403 0.027360326 0.0203 0.028699799 0.0 0.1 0.0 0.1 1 6
19 89.5353 5.9782 248.3024 8.7652 -0.0653 0.033400945 0.0469 0.035930853 0.0 0.1 0.0 0.1 1 6
20 110.3617 5.5888 252.0329 7.752 -0.0603 0.028683841 0.0353 0.03421538 0.0 0.1 0.0 0.1 1 6
21 86.5952 5.3735 239.9544 7.9867 -0.0723 0.027244752 0.0421 0.023908291 0.0 0.1 0.0 0.1 1 6
22 85.8107 7.1003 232.2403 8.7682 -0.0543 0.02966314 0.0416 0.03599491 0.0 0.1 0.0 0.1 1 6
23 77.1345 5.2011 268.0689 6.7257 -0.0321 0.024997607 0.0187 0.032255035 0.0 0.1 0.0 0.1 1 6
24 38.7094 6.186 325.737 8.3063 -0.007 0.017986672 0.0823 0.02169141 0.0 0.1 0.0 0.1 1 6
25 5.298 7.5466 320.931 7.7396 -0.0321 0.020959517 0.0192 0.0269634 0.0 0.1 0.0 0.1 1 6
26 42.3845 5.0799 301.2857 7.5315 0.018 0.022508455 0.096 0.024321478 0.0 0.1 0.0 0.1 1 6
27 69.2811 6.4085 286.9549 7.4673 -0.051 0.019123692 0.0754 0.022948114 0.0 0.1 0.0 0.1 1 6
28 49.9951 7.3797 304.7431 5.6006 -0.0535 0.01842145 0.0412 0.024010321 0.0 0.1 0.0 0.1 1 6
29 78.2198 5.5106 288.7026 6.6522 -0.0484 0.01772774 0.0412 0.029431732 0.0 0.1 0.0 0.1 1 6
30 69.6083 5.2157 276.4944 10.1541 -0.0581 0.019253453 0.0976 0.021533858 0.0 0.1 0.0 0.1 1 6
31 -6.4534 7.145 336.6824 7.9684 0.033 0.018298198 0.0619 0.025454503 0.0 0.1 0.0 0.1 1 6
32 9.7161 4.6013 304.3735 7.4379 -0.0313 0.02102963 0.0742 0.019874834 0.0 0.1 0.0 0.1 1 6
33 42.6432 6.9027 291.7024 9.4133 0.0291 0.023877833 0.0593 0.030697178 0.0 0.1 0.0 0.1 1 6
34 41.8166 6.9984 297.6593 7.748 -0.0172 0.020924829 0.0325 0.027040692 0.0 0.1 0.0 0.1 1 6
35 46.0465 6.0024 276.647 8.8062 -0.0218 0.022395467 0.0971 0.02487366 0.0 0.1 0.0 0.1 1 6
36 -34.1353 5.5188 308.9715 9.4025 0.0146 0.01716601 0.1242 0.02784299 0.0 0.1 0.0 0.1 1 6
37 -4.7841 6.3005 326.5527 7.4055 -0.0297 0.013992907 0.0646 0.018351534 0.0 0.1 0.0 0.1 1 6
38 0.1257 6.0132 305.7146 6.3345 -0.0302 0.020372236 0.0432 0.022810888 0.0 0.1 0.0 0.1 1 6
39 25.2678 4.9494 271.3822 6.1265 0.0012 0.022705866 0.0457 0.021592114 0.0 0.1 0.0 0.1 1 6
40 12.938 5.2631 297.3378 5.4101 -0.0341 0.015406104 0.075 0.018675119 0.0 0.1 0.0 0.1 1 6
41 -40.5951 6.4136 349.7056 9.4311 0.038 0.014442869 0.0992 0.017902438 0.0 0.1 0.0 0.1 1 6
42 50.5511 6.1061 280.5501 7.7775 0.0253 0.024284145 0.0127 0.032907117 0.0 0.1 0.0 0.1 1 6
43 12.261 5.3235 290.676 5.1883 -0.0018 0.019304706 0.0036 0.020781405 0.0 0.1 0.0 0.1 1 6
44 -46.2638 6.4776 289.0173 11.6297 -0.0233 0.025725411 0.1117 0.028716655 0.0 0.1 0.0 0.1 1 6
45 -97.1389 7.6048 319.1792 9.5543 0.0549 0.018222075 0.0675 0.027620967 0.0 0.1 0.0 0.1 1 6
46 83.9048 4.9534 252.0585 6.9592 -0.0805 0.023097487 0.0489 0.024289964 0.0 0.1 0.0 0.1 1 6
47 -30.6147 3.9659 308.8424 5.9096 -0.0045 0.018764837 0.0302 0.018438378 0.0 0.1 0.0 0.1 1 6
48 68.3131 5.3962 258.0209 6.837 -0.0113 0.027824821 -0.0226 0.03040798 0.0 0.1 0.0 0.1 1 6
49 -8.5922 3.8178 270.5168 5.0796 -0.0093 0.017742952 0.0294 0.019233806 0.0 0.1 0.0 0.1 1 6
50 38.0321 5.5475 266.2886 6.7645 -0.0253 0.02368017 0.0033 0.028855966 0.0 0.1 0.0 0.1 1 6
51 76.7299 6.8203 249.245 7.02 -0.078 0.02519011 0.0247 0.030655758 0.0 0.1 0.0 0.1 1 6
52 -56.1339 5.5048 310.6478 9.0041 0.0392 0.014426516 0.0613 0.017785994 0.0 0.1 0.0 0.1 1 6
53 60.6373 5.769 280.5228 6.7841 -0.0029 0.02292107 -0.0179 0.024552133 0.0 0.1 0.0 0.1 1 6
54 0.1672 4.1622 269.9796 4.654 0.0435 0.019350428 -0.0189 0.019813303 0.0 0.1 0.0 0.1 1 6
55 99.5277 5.0199 235.266 6.0182 -0.0848 0.026337435 -0.0288 0.026891507 0.0 0.1 0.0 0.1 1 6
56 82.4178 6.4613 243.2454 7.7522 -0.1223 0.03130449 0.0273 0.028091308 0.0 0.1 0.0 0.1 1 6
57 113.2201 7.8983 225.2904 12.9067 -0.0761 0.046589784 0.0923 0.04816415 0.0 0.1 0.0 0.1 1 6
58 102.6769 6.4124 247.7876 10.3666 -0.0806 0.03341598 0.0873 0.033238094 0.0 0.1 0.0 0.1 1 6
59 116.5622 9.7616 200.5013 15.1772 -0.1016 0.057864543 0.0714 0.043661956 0.0 0.1 0.0 0.1 1 6
60 66.3051 5.174 274.2294 7.433 -0.0118 0.023227835 0.0405 0.022976018 0.0 0.1 0.0 0.1 1 6
61 72.4648 5.605 234.9733 8.6778 -0.0509 0.023744915 0.0342 0.03208059 0.0 0.1 0.0 0.1 1 6
62 81.5217 6.0603 246.7157 7.642 -0.0622 0.025349852 0.0417 0.036969673 0.0 0.1 0.0 0.1 1 6
63 47.1006 5.5399 235.4504 10.0533 0.0461 0.03673123 0.0002 0.038438085 0.0 0.1 0.0 0.1 1 6
64 107.5543 4.8293 235.6156 7.6236 -0.0557 0.02617329 0.006 0.03142528 0.0 0.1 0.0 0.1 1 6
65 28.9042 5.613 276.5132 5.1864 -0.0711 0.0221403 0.0147 0.018762765 0.0 0.1 0.0 0.1 1 6
66 33.2032 4.4452 253.507 8.0925 -0.0657 0.025766818 0.0655 0.030320557 0.0 0.1 0.0 0.1 1 6
67 6.2233 4.7428 275.6636 6.1291 -0.003 0.021726444 0.0281 0.020716947 0.0 0.1 0.0 0.1 1 6
68 94.4456 5.8632 244.7588 7.672 -0.1203 0.024694083 0.0147 0.02400348 0.0 0.1 0.0 0.1 1 6
69 101.3077 5.3176 246.1124 7.7733 -0.0005 0.028065894 0.0072 0.028831149 0.0 0.1 0.0 0.1 1 6
70 98.5669 7.0469 210.1304 13.2904 -0.0743 0.042662818 0.112 0.04180228 0.0 0.1 0.0 0.1 1 6
71 56.124 5.7868 226.393 6.3315 -0.0815 0.033882372 0.0076 0.030378591 0.0 0.1 0.0 0.1 1 6
72 93.9376 6.8279 229.1395 14.1324 -0.0292 0.040453393 0.1282 0.04390799 0.0 0.1 0.0 0.1 1 6
73 28.8833 5.4477 269.698 6.5926 -0.0521 0.019549128 0.0504 0.025921399 0.0 0.1 0.0 0.1 1 6
74 86.6794 5.3815 246.6331 6.883 -0.0345 0.028548129 -0.0041 0.027146904 0.0 0.1 0.0 0.1 1 6
75 -2.9635 6.3449 280.2721 7.3945 -0.0356 0.02695431 0.0799 0.02497735 0.0 0.1 0.0 0.1 1 6
76 65.8447 5.1418 233.8259 7.65 -0.025 0.035422634 -0.0617 0.041813858 0.0 0.1 0.0 0.1 1 6
77 81.4476 7.589 224.0552 12.0926 -0.0243 0.035782702 0.0518 0.05927367 0.0 0.1 0.0 0.1 1 6
78 47.1023 5.8175 257.5664 9.149 -0.0558 0.025833564 0.0896 0.028249497 0.0 0.1 0.0 0.1 1 6
79 -12.927 5.6569 268.7274 6.792 0.0471 0.022343548 0.0474 0.023026232 0.0 0.1 0.0 0.1 1 6
80 -14.453 5.8809 285.7766 7.9802 0.0143 0.017729871 0.0863 0.026630297 0.0 0.1 0.0 0.1 1 6
81 44.0157 5.3229 242.6608 7.8873 -0.0525 0.025992552 0.0333 0.029866055 0.0 0.1 0.0 0.1 1 6
82 -36.8833 4.7134 257.3574 6.2776 0.0581 0.020350344 0.0388 0.023685768 0.0 0.1 0.0 0.1 1 6
83 0.6107 6.4116 260.91 10.6754 0.0386 0.026295947 0.1301 0.03213982 0.0 0.1 0.0 0.1 1 6
84 -50.7644 4.6879 273.0514 5.716 0.0284 0.020912142 0.0033 0.025188597 0.0 0.1 0.0 0.1 1 6
85 55.8098 5.132 228.247 7.6949 -0.0415 0.030837227 0.0709 0.033188324 0.0 0.1 0.0 0.1 1 6
86 80.5695 7.0983 224.2951 16.17 -0.0943 0.03846232 0.1655 0.046351574 0.0 0.1 0.0 0.1 1 6
87 34.0352 6.3567 235.4038 11.1454 -0.0354 0.033104934 0.0699 0.037848003 0.0 0.1 0.0 0.1 1 6
88 51.4001 8.4752 234.5637 11.9089 -0.054 0.04585901 0.047 0.049934052 0.0 0.1 0.0 0.1 1 6
89 96.8346 7.6454 223.5269 8.8341 -0.0505 0.040537003 -0.0238 0.041446958 0.0 0.1 0.0 0.1 1 6
90 74.8108 5.6402 215.9052 12.3401 0.0169 0.041028466 0.0748 0.0550782 0.0 0.1 0.0 0.1 1 6
91 80.535 9.4049 238.0222 14.1528 -0.1359 0.047022387 0.11 0.050099168 0.0 0.1 0.0 0.1 1 6
92 49.6146 6.3821 221.2382 9.5948 -0.0366 0.0360647 0.0303 0.04054002 0.0 0.1 0.0 0.1 1 6
93 89.2906 7.5442 216.0012 15.0498 -0.0561 0.04701176 0.1464 0.04078092 0.0 0.1 0.0 0.1 1 6
94 98.9905 6.1646 215.4603 10.5749 -0.0757 0.03463648 0.0868 0.042071365 0.0 0.1 0.0 0.1 1 6
95 77.4841 5.4251 244.2066 9.2563 0.0252 0.024180872 0.1132 0.028785575 0.0 0.1 0.0 0.1 1 6
96 95.5731 8.3961 202.5562 17.4506 -0.1385 0.058758743 0.1529 0.055776216 0.0 0.1 0.0 0.1 1 6
97 105.2882 8.0638 224.8824 10.2977 -0.0096 0.049468875 -0.0889 0.041856136 0.0 0.1 0.0 0.1 1 6
98 57.3411 5.3317 261.6072 5.838 0.0418 0.026850184 -0.0027 0.025799727 0.0 0.1 0.0 0.1 1 6
99 52.7751 6.1899 249.6319 8.1803 0.0163 0.02900264 -0.0063 0.03183953 0.0 0.1 0.0 0.1 1 6
100 92.9658 5.0632 196.0441 10.3863 -0.11 0.03360219 0.1007 0.037657827 0.0 0.1 0.0 0.1 1 6
101 94.6818 8.1081 244.4702 9.7549 -0.1226 0.03743746 -0.0029 0.04001456 0.0 0.1 0.0 0.1 1 6
102 58.5618 5.0675 231.3498 6.9088 -0.041 0.039565057 -0.0575 0.036578562 0.0 0.1 0.0 0.1 1 6
103 28.9503 4.6347 253.1187 6.9574 0.0147 0.021118918 0.0441 0.02277221 0.0 0.1 0.0 0.1 1 6
104 101.1835 5.6133 221.7592 8.522 -0.0998 0.03214817 -0.0152 0.036604382 0.0 0.1 0.0 0.1 1 6
105 130.2334 17.1421 197.2282 17.45 0.0039 0.09403966 -0.0353 0.13885377 0.0 0.1 0.0 0.1 1 6
106 84.2378 8.0822 218.898 13.7772 -0.0408 0.051713105 0.0589 0.055594575 0.0 0.1 0.0 0.1 1 6
107 92.6041 9.2538 212.3869 16.9609 -0.1236 0.049617957 -0.0259 0.09701565 0.0 0.1 0.0 0.1 1 6
108 78.592 9.0098 231.8598 12.6604 -0.1131 0.05303207 0.0722 0.04333155 0.0 0.1 0.0 0.1 1 6
109 55.0391 6.0838 260.8102 9.1631 -0.0922 0.033255924 -0.0019 0.032431126 0.0 0.1 0.0 0.1 1 6
110 63.6283 7.0327 213.3366 10.3253 -0.022 0.044430908 0.032 0.047588296 0.0 0.1 0.0 0.1 1 6
111 45.5725 8.4197 229.2262 13.2674 -0.0389 0.044971947 0.0746 0.03725501 0.0 0.1 0.0 0.1 1 6
112 87.9062 7.3314 215.8367 13.2452 -0.0804 0.052795645 0.0292 0.062101092 0.0 0.1 0.0 0.1 1 6
113 101.1293 9.0411 195.9435 19.6306 -0.0451 0.07021697 0.1046 0.08017963 0.0 0.1 0.0 0.1 1 6
114 91.21 6.5683 209.009 9.6805 -0.0525 0.04614404 0.0291 0.045186795 0.0 0.1 0.0 0.1 1 6
115 105.1179 9.5556 226.8224 14.0708 -0.1297 0.05753203 0.0723 0.059714943 0.0 0.1 0.0 0.1 1 6
116 98.7636 6.5108 238.9709 7.0026 -0.1569 0.028366275 -0.0319 0.034140363 0.0 0.1 0.0 0.1 1 6
117 92.9565 7.822 247.2756 12.8952 -0.0728 0.03447705 0.0805 0.06283672 0.0 0.1 0.0 0.1 1 6
118 117.2288 7.8264 207.6296 12.0655 -0.1413 0.04457832 0.0759 0.046736572 0.0 0.1 0.0 0.1 1 6
119 83.917 12.2681 217.2559 17.1119 -0.1516 0.0599786 0.0146 0.060647447 0.0 0.1 0.0 0.1 1 6
120 97.2903 6.2279 225.1705 10.3085 -0.0522 0.044709235 0.0148 0.04977282 0.0 0.1 0.0 0.1 1 6
121 107.9519 8.0938 215.7305 13.2072 -0.0664 0.055186514 0.091 0.06764613 0.0 0.1 0.0 0.1 1 6
122 105.844 7.9319 221.2592 14.7879 -0.1405 0.0484691 0.0929 0.05454218 0.0 0.1 0.0 0.1 1 6
123 86.361 6.3405 219.5188 9.9342 -0.0008 0.040219996 0.047 0.036205865 0.0 0.1 0.0 0.1 1 6
124 67.4926 5.6651 246.1578 5.2724 -0.057 0.023272 -0.0738 0.02470118 0.0 0.1 0.0 0.1 1 6
125 81.0298 9.1337 210.9002 13.8821 -0.0316 0.060435213 0.016 0.06009944 0.0 0.1 0.0 0.1 1 6
126 82.1333 7.1483 246.3299 10.3884 -0.1251 0.040111255 0.0725 0.04360773 0.0 0.1 0.0 0.1 1 6
127 64.2347 9.0639 234.7242 11.6592 -0.0721 0.039958276 0.0945 0.05837679 0.0 0.1 0.0 0.1 1 6
128 71.2377 5.459 236.8497 8.0677 -0.034 0.033335067 0.021 0.03062582 0.0 0.1 0.0 0.1 1 6
129 94.6613 18.1936 227.1594 18.585 -0.0423 0.06882002 0.0505 0.05383136 0.0 0.1 0.0 0.1 1 6
130 17.5742 7.5565 239.8328 8.6426 -0.0751 0.03610383 -0.0023 0.040929366 0.0 0.1 0.0 0.1 1 6
131 82.5594 8.0538 210.7671 15.8731 -0.1378 0.042460922 0.0806 0.052644514 0.0 0.1 0.0 0.1 1 6
132 24.1836 6.0885 220.489 9.333 -0.0582 0.040834814 0.0092 0.055467084 0.0 0.1 0.0 0.1 1 6
133 71.1805 6.9011 205.9768 9.1827 -0.0375 0.054141 -0.0262 0.046394616 0.0 0.1 0.0 0.1 1 6
134 100.7994 8.4026 225.9998 10.7155 -0.0659 0.058758803 0.0301 0.04207775 0.0 0.1 0.0 0.1 1 6
135 91.1992 9.8958 198.1155 19.1554 -0.0743 0.06854745 0.0425 0.06956117 0.0 0.1 0.0 0.1 1 6
136 101.1199 7.3357 220.2412 13.3436 -0.0732 0.038156144 0.0797 0.04512861 0.0 0.1 0.0 0.1 1 6
137 87.0574 16.1807 196.4693 29.5619 -0.1415 0.108193934 0.0272 0.09253292 0.0 0.1 0.0 0.1 1 6
138 91.2986 8.8315 255.5188 13.8933 -0.0466 0.039852437 0.0988 0.043931887 0.0 0.1 0.0 0.1 1 6
139 73.7811 7.991 235.9946 10.556 -0.0744 0.033191696 0.0501 0.04581908 0.0 0.1 0.0 0.1 1 6
140 86.946 10.7448 200.204 12.4987 -0.1512 0.049694967 0.0323 0.054123424 0.0 0.1 0.0 0.1 1 6
141 76.153 8.9175 225.3297 16.6388 -0.0696 0.039184894 0.1138 0.04547147 0.0 0.1 0.0 0.1 1 6
142 73.53 7.2465 234.6476 8.7293 -0.0613 0.042154536 -0.0373 0.04362475 0.0 0.1 0.0 0.1 1 6
143 80.2466 6.4416 228.9525 7.4362 -0.0491 0.037699066 -0.0321 0.04385885 0.0 0.1 0.0 0.1 1 6
144 78.8842 8.3825 223.1803 14.1627 -0.0679 0.042717546 0.1248 0.043809984 0.0 0.1 0.0 0.1 1 6
145 53.673 7.6979 227.5975 10.8812 -0.0485 0.04486198 -0.0436 0.049654808 0.0 0.1 0.0 0.1 1 6
146 65.646 8.1198 232.5695 10.3578 0.0206 0.03644449 0.0138 0.03738178 0.0 0.1 0.0 0.1 1 6
147 138.4177 54.2085 222.836 29.3512 -0.1297 0.12890805 -0.0117 0.08899806 0.0 0.1 0.0 0.1 1 6
148 98.2675 9.1148 201.8075 14.5997 -0.1208 0.06473542 0.1312 0.05990642 0.0 0.1 0.0 0.1 1 6
149 61.4147 6.5472 211.6846 10.4718 -0.0343 0.033632 0.069 0.048600696 0.0 0.1 0.0 0.1 1 6
150 150.532 53.8768 243.678 31.3211 -0.0904 0.11592375 0.002 0.064050294 0.0 0.1 0.0 0.1 1 6
151 77.4039 5.437 244.8414 6.507 -0.0826 0.031867594 -0.0164 0.02545641 0.0 0.1 0.0 0.1 1 6
152 1.7906 6.7071 237.508 10.2137 -0.0136 0.030312816 0.0478 0.035800133 0.0 0.1 0.0 0.1 1 6
153 16.7437 7.4956 233.3065 16.894 -0.035 0.030165711 0.1255 0.045096703 0.0 0.1 0.0 0.1 1 6
154 -2.5018 4.9183 251.3482 6.9128 0.0403 0.031384442 0.044 0.028591817 0.0 0.1 0.0 0.1 1 6
155 -17.33 7.4115 243.3151 8.614 -0.033 0.031423464 0.029 0.040628526 0.0 0.1 0.0 0.1 1 6
156 -20.9999 5.9377 261.474 8.9134 -0.0178 0.02323395 0.1271 0.025230223 0.0 0.1 0.0 0.1 1 6
157 24.5016 8.749 213.7748 21.171 0.0013 0.06341942 0.1444 0.074526116 0.0 0.1 0.0 0.1 1 6
158 -32.7485 5.8755 265.0221 9.9399 0.0093 0.029350098 0.0992 0.02484819 0.0 0.1 0.0 0.1 1 6
159 81.9747 7.5667 225.6532 13.9067 -0.0891 0.039578743 0.1145 0.04268826 0.0 0.1 0.0 0.1 1 6
160 -3.7933 7.5728 246.8213 12.0915 0.0195 0.039473403 0.0567 0.05259852 0.0 0.1 0.0 0.1 1 6
161 79.2252 24.0974 233.372 24.2727 -0.086 0.09007446 -0.01 0.08708064 0.0 0.1 0.0 0.1 1 6
162 74.0712 10.002 211.1009 18.193 -0.0556 0.07032152 0.0649 0.061489332 0.0 0.1 0.0 0.1 1 6
163 49.5808 14.095 202.9936 20.1576 0.0549 0.10291635 -0.0161 0.12064221 0.0 0.1 0.0 0.1 1 6
164 41.3473 8.171 214.5371 13.7771 -0.0107 0.047564503 0.0594 0.060555574 0.0 0.1 0.0 0.1 1 6
165 4.1796 6.8013 250.5082 7.7397 0.0413 0.035197407 -0.0398 0.03511346 0.0 0.1 0.0 0.1 1 6
166 8.6743 8.7262 247.5284 10.954 -0.0141 0.04078761 0.0081 0.04676626 0.0 0.1 0.0 0.1 1 6
167 35.3773 8.3503 233.6318 10.0652 -0.0614 0.037739422 0.0204 0.05175983 0.0 0.1 0.0 0.1 1 6
168 61.0983 6.6021 225.1933 12.1388 -0.0105 0.041627534 0.044 0.04291097 0.0 0.1 0.0 0.1 1 6
169 75.0723 8.698 249.3996 11.3715 0.0202 0.040284917 0.0126 0.035899922 0.0 0.1 0.0 0.1 1 6
170 88.6957 9.0959 251.4876 12.0955 -0.1178 0.03524838 0.0014 0.048212964 0.0 0.1 0.0 0.1 1 6
171 83.9884 8.6242 214.5056 16.6585 -0.0989 0.053800706 0.0667 0.082043685 0.0 0.1 0.0 0.1 1 6
172 87.2573 8.3809 226.198 13.3199 -0.0901 0.053529996 0.0947 0.054216474 0.0 0.1 0.0 0.1 1 6
173 72.3525 9.8791 247.8375 12.2582 -0.1037 0.047373313 0.0216 0.050958917 0.0 0.1 0.0 0.1 1 6
