data/processed/NGC5813-h6/gauss_hermite_kins_o.ecsv
# %ECSV 1.0
# ---
# datatype:
# - {name: vbin_id, datatype: int64}
# - {name: v, datatype: float32}
# - {name: dv, datatype: float32}
# - {name: sigma, datatype: float32}
# - {name: dsigma, datatype: float32}
# - {name: h3, datatype: float32}
# - {name: dh3, datatype: float32}
# - {name: h4, datatype: float32}
# - {name: dh4, datatype: float32}
# - {name: h5, datatype: float32}
# - {name: dh5, datatype: float32}
# - {name: h6, datatype: float32}
# - {name: dh6, datatype: float32}
# - {name: is_good, datatype: int64}
# - {name: n_gh, datatype: int64}
# meta: !!omap
# - PSF:
#     sigma: [0.3329209608324763, 1.5030246371924072]
#     weight: [0.8112598413714794, 0.18874015862852056]
# schema: astropy-2.0
vbin_id v dv sigma dsigma h3 dh3 h4 dh4 h5 dh5 h6 dh6 is_good n_gh
[from data line 345]
346 -42.1052 10.645 224.7259 18.8317 -0.0066 0.05163077 0.0781 0.05620114 0.0 0.1 0.0 0.1 1 6
347 -65.09 7.1761 256.3532 10.7803 0.0341 0.036332533 -0.0099 0.033740174 0.0 0.1 0.0 0.1 1 6
348 -105.0957 5.3569 231.149 6.823 0.06 0.034987655 -0.0185 0.03272473 0.0 0.1 0.0 0.1 1 6
349 -99.04 5.763 225.7709 10.3841 0.0102 0.04091406 0.0966 0.041390005 0.0 0.1 0.0 0.1 1 6
350 -99.0953 7.5676 223.002 9.433 0.0293 0.04123897 0.0576 0.03190827 0.0 0.1 0.0 0.1 1 6
351 -17.3794 7.9502 221.4586 13.3116 -0.0216 0.05534761 0.0422 0.052743066 0.0 0.1 0.0 0.1 1 6
352 11.9713 52.9314 281.8121 26.367 0.0223 0.10137228 -0.0085 0.13854663 0.0 0.1 0.0 0.1 1 6
353 -100.7294 8.118 209.2432 16.7694 0.0146 0.055904754 0.0928 0.066587225 0.0 0.1 0.0 0.1 1 6
354 -10.7477 7.7763 196.2326 11.67 -0.0024 0.05681101 -0.0305 0.080576845 0.0 0.1 0.0 0.1 1 6
355 -21.3009 7.9613 216.2308 13.2348 0.0338 0.051528834 0.0043 0.05837064 0.0 0.1 0.0 0.1 1 6
356 -81.5194 5.5411 229.9522 8.9492 0.0598 0.031132385 0.047 0.04330557 0.0 0.1 0.0 0.1 1 6
357 -94.1193 8.5142 217.6768 9.2831 0.114 0.040910557 -0.0666 0.043580864 0.0 0.1 0.0 0.1 1 6
358 -37.7501 8.2009 214.9061 12.4726 0.0901 0.045398857 0.1161 0.050256137 0.0 0.1 0.0 0.1 1 6
359 -72.3864 6.1414 228.8854 8.3079 0.0556 0.035678588 -0.0307 0.033908978 0.0 0.1 0.0 0.1 1 6
360 -97.6011 7.2163 194.9073 16.1302 0.0112 0.05808397 0.1047 0.059690103 0.0 0.1 0.0 0.1 1 6
361 -57.3289 6.8319 239.8003 10.87 0.1203 0.031025354 0.0203 0.03483903 0.0 0.1 0.0 0.1 1 6
362 -39.2482 36.1638 267.1667 35.1311 0.0935 0.110524304 0.0777 0.16898541 0.0 0.1 0.0 0.1 1 6
363 2.8564 9.8645 252.509 12.0944 -0.0294 0.04830037 0.0216 0.059062894 0.0 0.1 0.0 0.1 1 6
364 -82.8774 8.715 213.232 19.9308 -0.0153 0.08068128 0.1525 0.076460995 0.0 0.1 0.0 0.1 1 6
365 16.3616 9.0606 194.4337 12.3545 0.0315 0.061114203 0.0459 0.06319043 0.0 0.1 0.0 0.1 1 6
366 -25.5092 7.4865 221.536 11.8509 0.0468 0.041674074 0.0832 0.041036174 0.0 0.1 0.0 0.1 1 6
367 20.6421 14.6258 210.4464 21.2451 -0.0845 0.09227673 0.0352 0.08178402 0.0 0.1 0.0 0.1 1 6
368 24.5702 9.7956 223.618 15.6566 -0.072 0.05225887 0.0334 0.0583955 0.0 0.1 0.0 0.1 1 6
369 -34.9915 9.6754 231.4274 22.3074 0.0318 0.049439766 0.1076 0.073744215 0.0 0.1 0.0 0.1 1 6
370 -29.0918 11.5243 243.8389 16.3589 0.0005 0.049577583 0.0562 0.07338171 0.0 0.1 0.0 0.1 1 6
371 -8.3176 8.6584 229.8082 14.3221 0.0102 0.05157409 0.0245 0.045727264 0.0 0.1 0.0 0.1 1 6
372 -92.5122 6.656 224.4747 9.6338 0.0302 0.038660727 0.0795 0.04129891 0.0 0.1 0.0 0.1 1 6
373 -95.752 7.7906 225.9906 9.953 0.1169 0.04055174 0.0296 0.047881342 0.0 0.1 0.0 0.1 1 6
374 -108.7185 9.018 218.7689 10.5879 0.0578 0.038974814 0.0514 0.04804061 0.0 0.1 0.0 0.1 1 6
375 -91.2151 6.7337 204.2513 16.0967 0.011 0.0517303 0.1185 0.060831018 0.0 0.1 0.0 0.1 1 6
376 -93.6995 6.7848 192.0952 12.2033 0.1174 0.043461397 0.0877 0.04583935 0.0 0.1 0.0 0.1 1 6
377 -96.5674 9.564 209.2862 15.3567 0.1125 0.048759665 0.0981 0.05524968 0.0 0.1 0.0 0.1 1 6
378 -4.3751 9.3366 210.0458 17.1919 0.0236 0.05807765 0.082 0.069019236 0.0 0.1 0.0 0.1 1 6
379 -44.7646 6.2971 230.307 13.3345 -0.0224 0.034464546 0.1095 0.03881391 0.0 0.1 0.0 0.1 1 6
380 -83.1584 7.9708 225.8226 8.8626 0.1094 0.044796254 -0.062 0.04677452 0.0 0.1 0.0 0.1 1 6
381 1.7588 64.0947 284.9546 34.4507 -0.0451 0.10987435 0.0026 0.16140285 0.0 0.1 0.0 0.1 1 6
382 -0.3088 6.9594 241.3795 8.8546 -0.0073 0.039255075 -0.0275 0.030440224 0.0 0.1 0.0 0.1 1 6
383 -61.554 8.3826 254.4413 16.8473 0.044 0.032528356 0.1225 0.046550695 0.0 0.1 0.0 0.1 1 6
384 -64.8036 8.0655 210.7566 13.3446 0.1101 0.04017018 0.1266 0.04890774 0.0 0.1 0.0 0.1 1 6
385 -40.0786 6.7028 236.6559 12.0472 0.0224 0.034954134 0.0956 0.037947796 0.0 0.1 0.0 0.1 1 6
386 -73.5278 9.358 216.2199 15.1899 0.0971 0.05298778 0.0479 0.050086435 0.0 0.1 0.0 0.1 1 6
387 -95.5734 6.4092 214.5511 8.1599 0.0662 0.044410806 -0.0243 0.040282324 0.0 0.1 0.0 0.1 1 6
388 -99.8275 5.9409 204.2811 9.4357 0.0741 0.043212824 0.033 0.03584735 0.0 0.1 0.0 0.1 1 6
389 12.147 6.6617 250.0978 7.3551 -0.0422 0.03478709 -0.0572 0.041048538 0.0 0.1 0.0 0.1 1 6
390 -84.0978 7.1499 224.6084 8.1114 0.1038 0.035581496 -0.0148 0.053548448 0.0 0.1 0.0 0.1 1 6
391 -104.6053 6.0454 230.7905 12.0985 0.0595 0.039744873 0.0767 0.0463687 0.0 0.1 0.0 0.1 1 6
392 -55.9882 6.5629 223.9913 11.8873 0.1047 0.03779192 0.0407 0.033263545 0.0 0.1 0.0 0.1 1 6
393 -80.0094 6.9024 211.4332 13.6062 -0.0009 0.06118858 0.0743 0.058795653 0.0 0.1 0.0 0.1 1 6
394 -83.5981 6.8717 209.5788 11.9225 0.0421 0.039022785 0.0017 0.0568384 0.0 0.1 0.0 0.1 1 6
395 -79.6412 6.0182 212.7318 10.6181 0.0228 0.037903026 0.0433 0.058878288 0.0 0.1 0.0 0.1 1 6
396 11.3306 9.2433 210.6522 16.2307 0.0256 0.060140464 0.057 0.066196084 0.0 0.1 0.0 0.1 1 6
397 -50.9841 11.095 260.9503 18.155 0.0733 0.041253902 -0.0017 0.08289236 0.0 0.1 0.0 0.1 1 6
398 -68.8519 9.292 216.5875 17.0231 0.0083 0.048024293 0.1245 0.048903868 0.0 0.1 0.0 0.1 1 6
399 -62.3116 5.0338 237.3464 7.5636 0.0101 0.031442776 0.0529 0.034551997 0.0 0.1 0.0 0.1 1 6
400 -94.4176 7.7243 218.3979 11.2198 -0.021 0.04395857 0.0703 0.04402178 0.0 0.1 0.0 0.1 1 6
401 -103.5149 6.9815 237.0258 13.4966 0.0448 0.042142745 0.0787 0.037764583 0.0 0.1 0.0 0.1 1 6
402 -91.3419 7.5988 234.5325 8.2455 0.0711 0.041236535 0.0061 0.042881727 0.0 0.1 0.0 0.1 1 6
403 -43.2367 7.6173 250.6982 9.3702 0.1 0.035028685 -0.0019 0.034492612 0.0 0.1 0.0 0.1 1 6
404 0.5585 7.6933 213.1334 8.5473 -0.0039 0.044165485 -0.0372 0.051993977 0.0 0.1 0.0 0.1 1 6
405 40.8159 8.5018 221.9402 17.0993 0.0128 0.057805203 0.0726 0.086523 0.0 0.1 0.0 0.1 1 6
406 -1.061 8.3094 229.8902 8.0631 -0.0604 0.038812086 -0.0125 0.03893549 0.0 0.1 0.0 0.1 1 6
407 -13.795 6.5946 246.7226 9.2151 0.0043 0.03516765 0.0355 0.04361096 0.0 0.1 0.0 0.1 1 6
408 -76.1156 7.1909 225.7101 10.7286 0.0964 0.037968546 0.0214 0.04592161 0.0 0.1 0.0 0.1 1 6
409 -20.7089 9.2567 239.1161 9.1041 -0.0445 0.036867946 -0.0105 0.043742687 0.0 0.1 0.0 0.1 1 6
410 -77.5512 5.7983 244.1673 7.2037 0.1101 0.033883892 -0.0087 0.033823065 0.0 0.1 0.0 0.1 1 6
411 -91.1678 7.9216 211.7159 12.1221 0.0961 0.049132556 0.0137 0.047126733 0.0 0.1 0.0 0.1 1 6
412 -66.7473 7.1157 195.8709 13.441 0.0414 0.059226565 0.0437 0.04898238 0.0 0.1 0.0 0.1 1 6
413 -34.6747 8.8909 228.1505 15.3458 0.05 0.050459113 0.0874 0.058488507 0.0 0.1 0.0 0.1 1 6
414 -71.9922 7.0871 210.6354 11.7171 -0.005 0.049288973 0.0692 0.04069477 0.0 0.1 0.0 0.1 1 6
415 -93.0988 9.1203 230.0304 18.5198 0.0664 0.03944748 0.1414 0.052995358 0.0 0.1 0.0 0.1 1 6
416 11.6238 7.3371 209.8993 11.4389 0.0137 0.048711434 0.0393 0.0423965 0.0 0.1 0.0 0.1 1 6
417 -68.3578 6.9635 217.9856 12.4068 0.0968 0.050811607 0.0798 0.06437945 0.0 0.1 0.0 0.1 1 6
418 -63.735 5.8651 206.8904 8.774 -0.0357 0.04058181 0.0027 0.03949619 0.0 0.1 0.0 0.1 1 6
419 -83.4403 7.7607 222.4642 7.1247 -0.0363 0.03750005 0.0139 0.03814822 0.0 0.1 0.0 0.1 1 6
420 -40.3896 8.6279 252.6382 12.665 0.0463 0.04804109 0.0385 0.046862368 0.0 0.1 0.0 0.1 1 6
421 -35.8503 6.1021 238.042 8.95 -0.0105 0.04521474 -0.0547 0.05146867 0.0 0.1 0.0 0.1 1 6
422 -85.4285 7.2352 220.8944 11.0661 0.021 0.040223867 0.0892 0.038468394 0.0 0.1 0.0 0.1 1 6
423 -99.4531 8.6432 219.6452 13.4691 0.1157 0.04603129 0.0309 0.04246128 0.0 0.1 0.0 0.1 1 6
424 -71.8467 8.0376 210.9487 11.4886 -0.0622 0.04966537 -0.0262 0.053255185 0.0 0.1 0.0 0.1 1 6
425 -103.7098 8.4464 210.0056 16.6177 0.062 0.054170873 0.0971 0.06949008 0.0 0.1 0.0 0.1 1 6
426 -65.7623 7.429 235.0255 11.7755 0.0427 0.0426939 0.0742 0.039397538 0.0 0.1 0.0 0.1 1 6
427 -71.6805 7.9357 216.2758 11.3251 0.0459 0.04237638 0.0537 0.052966513 0.0 0.1 0.0 0.1 1 6
428 -76.5929 9.8841 223.3157 18.3898 0.1025 0.045031723 0.084 0.055545524 0.0 0.1 0.0 0.1 1 6
429 -81.8208 7.3108 222.0349 14.5933 0.0648 0.04967492 0.0696 0.062307537 0.0 0.1 0.0 0.1 1 6
430 -58.3132 6.5874 202.887 11.5291 0.0593 0.039496943 0.0823 0.051953316 0.0 0.1 0.0 0.1 1 6
431 5.1223 8.759 240.3464 8.5088 0.0584 0.03952188 -0.0405 0.048110344 0.0 0.1 0.0 0.1 1 6
432 -28.694 6.8437 208.1872 18.0066 0.0284 0.064913906 0.0533 0.07005153 0.0 0.1 0.0 0.1 1 6
433 -71.4055 10.8563 192.6519 15.4007 0.082 0.07408406 0.0599 0.048048697 0.0 0.1 0.0 0.1 1 6
434 -27.499 8.7317 225.4174 13.0266 -0.0167 0.052070435 0.0337 0.054287624 0.0 0.1 0.0 0.1 1 6
435 -39.511 6.541 230.2415 8.3038 0.002 0.039428584 0.029 0.04092621 0.0 0.1 0.0 0.1 1 6
436 -66.8497 7.3481 221.0762 11.4538 0.0336 0.042703588 0.0081 0.037872046 0.0 0.1 0.0 0.1 1 6
437 -87.9241 6.3026 210.9553 12.455 0.0967 0.052932218 0.0823 0.051808536 0.0 0.1 0.0 0.1 1 6
438 -24.7675 11.0266 173.8831 18.0478 -0.0652 0.082616694 0.0294 0.07384902 0.0 0.1 0.0 0.1 1 6
439 4.2789 5.9623 230.1514 10.0132 -0.0479 0.034937326 0.0573 0.03557545 0.0 0.1 0.0 0.1 1 6
440 -78.6327 8.6622 205.7707 11.3452 -0.0195 0.061340515 -0.0057 0.050772082 0.0 0.1 0.0 0.1 1 6
441 -72.5543 11.6602 181.4522 24.1988 0.0231 0.088674456 0.1547 0.07249636 0.0 0.1 0.0 0.1 1 6
442 -70.6377 8.7835 203.843 15.5843 0.0586 0.07201797 0.0764 0.073264934 0.0 0.1 0.0 0.1 1 6
443 -65.1366 5.6519 226.027 9.3636 0.0081 0.040486824 0.0293 0.04916039 0.0 0.1 0.0 0.1 1 6
444 -82.1233 12.242 193.2164 20.4032 0.078 0.10299643 0.0704 0.085282676 0.0 0.1 0.0 0.1 1 6
445 -28.2029 6.9094 240.5233 8.951 0.012 0.037284527 -0.0029 0.047757864 0.0 0.1 0.0 0.1 1 6
446 -72.5757 9.1382 209.0691 12.4885 0.079 0.047147546 0.0288 0.044025227 0.0 0.1 0.0 0.1 1 6
447 -75.2684 9.5727 222.0849 15.6212 0.0388 0.0627223 0.0245 0.08123542 0.0 0.1 0.0 0.1 1 6
448 -81.0717 7.5657 211.8659 12.9886 0.0595 0.048958853 0.0324 0.05295303 0.0 0.1 0.0 0.1 1 6
449 -11.3306 8.9224 237.6933 11.5636 0.0923 0.04710812 0.0158 0.063371524 0.0 0.1 0.0 0.1 1 6
450 -28.6243 8.6582 207.448 17.6794 0.0408 0.053536713 0.0585 0.08008948 0.0 0.1 0.0 0.1 1 6
451 -70.7263 7.7389 221.6787 11.5488 0.0104 0.04995353 0.0528 0.03838256 0.0 0.1 0.0 0.1 1 6
452 -70.4647 7.7281 227.6521 10.3968 0.1253 0.037411436 0.071 0.036196943 0.0 0.1 0.0 0.1 1 6
453 -28.495 7.2582 234.6106 10.2991 0.0613 0.051474888 -0.013 0.051858637 0.0 0.1 0.0 0.1 1 6
454 -88.4099 13.7121 238.46 21.9902 0.0086 0.0789845 0.0443 0.14661223 0.0 0.1 0.0 0.1 1 6
455 21.8052 10.002 222.712 18.0096 0.0781 0.062113464 0.0515 0.075714424 0.0 0.1 0.0 0.1 1 6
456 -13.0093 10.2082 172.4288 19.5048 -0.0025 0.102666624 0.1279 0.09456018 0.0 0.1 0.0 0.1 1 6
457 -46.6783 11.6717 224.5378 19.0253 0.076 0.06897829 0.1103 0.08532721 0.0 0.1 0.0 0.1 1 6
458 -66.7026 7.4072 239.0641 9.6009 0.0526 0.033986077 0.0648 0.037546966 0.0 0.1 0.0 0.1 1 6
459 33.1952 8.2018 246.5792 11.0848 -0.0424 0.040233154 -0.0678 0.060516037 0.0 0.1 0.0 0.1 1 6
