data/processed/NGC5813-h6/hist_kins_o.ecsv
# %ECSV 1.0
# ---
# datatype:
# - {name: binID_dynamite, datatype: int64}
# - {name: v, datatype: float32}
# - {name: sigma, datatype: float32}
# - {name: losvd_0, datatype: float64}
# - {name: dlosvd_0, datatype: float64}
# - {name: losvd_1, datatype: float64}
# - {name: dlosvd_1, datatype: float64}
# - {name: losvd_2, datatype: float64}
# - {name: dlosvd_2, datatype: float64}
# - {name: losvd_3, datatype: float64}
# - {name: dlosvd_3, datatype: float64}
# - {name: losvd_4, datatype: float64}
# - {name: dlosvd_4, datatype: float64}
# - {name: losvd_5, datatype: float64}
# - {name: dlosvd_5, datatype: float64}
# - {name: losvd_6, datatype: float64}
# - {name: dlosvd_6, datatype: float64}
# - {name: losvd_7, datatype: float64}
# - {name: dlosvd_7, datatype: float64}
# - {name: losvd_8, datatype: float64}
# - {name: dlosvd_8, datatype: float64}
# - {name: losvd_9, datatype: float64}
# - {name: dlosvd_9, datatype: float64}
# - {name: losvd_10, datatype: float64}
# - {name: dlosvd_10, datatype: float64}
# - {name: losvd_11, datatype: float64}
# - {name: dlosvd_11, datatype: float64}
# - {name: losvd_12, datatype: float64}
# - {name: dlosvd_12, datatype: float64}
# - {name: losvd_13, datatype: float64}
# - {name: dlosvd_13, datatype: float64}
# - {name: losvd_14, datatype: float64}
# - {name: dlosvd_14, datatype: float64}
# - {name: losvd_15, datatype: float64}
# - {name: dlosvd_15, datatype: float64}
# - {name: losvd_16, datatype: float64}
# - {name: dlosvd_16, datatype: float64}
# - {name: losvd_17, datatype: float64}
# - {name: dlosvd_17, datatype: float64}
# - {name: losvd_18, datatype: float64}
# - {name: dlosvd_18, datatype: float64}
# - {name: losvd_19, datatype: float64}
# - {name: dlosvd_19, datatype: float64}
# - {name: losvd_20, datatype: float64}
# - {name: dlosvd_20, datatype: float64}
# - {name: losvd_21, datatype: float64}
# - {name: dlosvd_21, datatype: float64}
# - {name: losvd_22, datatype: float64}
# - {name: dlosvd_22, datatype: float64}
# - {name: losvd_23, datatype: float64}
# - {name: dlosvd_23, datatype: float64}
# - {name: losvd_24, datatype: float64}
# - {name: dlosvd_24, datatype: float64}
# - {name: losvd_25, datatype: float64}
# - {name: dlosvd_25, datatype: float64}
# - {name: losvd_26, datatype: float64}
# - {name: dlosvd_26, datatype: float64}
# - {name: losvd_27, datatype: float64}
# - {name: dlosvd_27, datatype: float64}
# - {name: losvd_28, datatype: float64}
# - {name: dlosvd_28, datatype: float64}
# - {name: losvd_29, datatype: float64}
# - {name: dlosvd_29, datatype: float64}
# - {name: is_good, datatype: int64}
# meta: !!omap
# - {dv: 100.0}
# - vcent: [-1450.0, -1350.0, -1250.0, -1150.0, -1050.0, -950.0, -850.0, -750.0, -650.0, -550.0, -450.0, -350.0, -250.0, -150.0, -50.0,
#     50.0, 150.0, 250.0, 350.0, 450.0, 550.0, 650.0, 750.0, 850.0, 950.0, 1050.0, 1150.0, 1250.0, 1350.0, 1450.0]
# - {nbins: 459}
# - {nvbins: 30}
# - PSF:
#     sigma: [0.3329209608324763, 1.5030246371924072]
#     weight: [0.8112598413714794, 0.18874015862852056]
# schema: astropy-2.0
binID_dynamite v sigma losvd_0 dlosvd_0 losvd_1 dlosvd_1 losvd_2 dlosvd_2 losvd_3 dlosvd_3 losvd_4 dlosvd_4 losvd_5 dlosvd_5 losvd_6 dlosvd_6 losvd_7 dlosvd_7 losvd_8 dlosvd_8 losvd_9 dlosvd_9 losvd_10 dlosvd_10 losvd_11 dlosvd_11 losvd_12 dlosvd_12 losvd_13 dlosvd_13 losvd_14 dlosvd_14 losvd_15 dlosvd_15 losvd_16 dlosvd_16 losvd_17 dlosvd_17 losvd_18 dlosvd_18 losvd_19 dlosvd_19 losvd_20 dlosvd_20 losvd_21 dlosvd_21 losvd_22 dlosvd_22 losvd_23 dlosvd_23 losvd_24 dlosvd_24 losvd_25 dlosvd_25 losvd_26 dlosvd_26 losvd_27 dlosvd_27 losvd_28 dlosvd_28 losvd_29 dlosvd_29 is_good
[from data line 143]
144 78.8842 223.1803 1.5539419226224368e-11 0.001 8.114583062565014e-10 0.001 2.3411104677893935e-08 0.001 5.425838722144476e-07 0.001 8.058024577219428e-06 0.001 6.388924669110469e-05 0.0010108628153685847 0.00047556333699661754 0.0032690465638046057 0.0022801853837039125 0.008131824322723028 0.007878001784016183 0.014225660020253302 0.019189299868187275 0.016092252207672735 0.0325671664123438 0.011361155083028894 0.04412767045448544 0.013108063165336668 0.056501323483056864 0.012813869416421746 0.08301703162076335 0.008345808195967593 0.1303156990800413 0.012406801394336586 0.1732819089235426 0.020455148277038995 0.17119092140120493 0.018339397134125468 0.12256528557172092 0.010485236154681228 0.06883392970007131 0.010304124083609423 0.03611987840066403 0.01320304981917379 0.02263845818208976 0.010630282861008256 0.015694192546715825 0.013110082702597718 0.008504151978226775 0.015550370265698972 0.00347330247377857 0.010891873345302856 0.0010189353912960337 0.005424156945802363 0.0002158977099581385 0.0018497355280610876 3.422071618596121e-05 0.001 4.094737015005687e-06 0.001 3.5089879476007656e-07 0.001 1.585189771533211e-08 0.001 1
145 53.673 227.5975 1.6376679894591353e-09 0.001 1.6268007789019524e-08 0.001 1.5563291556666876e-07 0.001 1.3484559825951686e-06 0.001 8.041555760227176e-06 0.001 6.435982553355048e-05 0.001774427205281095 0.0003443800243430515 0.005089830555717978 0.0008654560876272004 0.01084662701714603 0.002608358540174678 0.016310698397191067 0.007192680235253391 0.015521760361443468 0.01787205096570419 0.011629257302512777 0.04025631594587014 0.01501966306423204 0.0768342013633518 0.012094858100253507 0.1176578905325974 0.010111890772791586 0.15304211155786127 0.014971953715330666 0.17104572610022414 0.018956334005645045 0.1641856526981674 0.01594910920127439 0.12957248524252266 0.01084882093009746 0.07969093987827697 0.012377860440420649 0.033177311273059736 0.015097582617111178 0.005580516179098499 0.011532840590180036 0.0 0.015804451813958693 0.0 0.016567969492932273 0.0 0.011412773874203475 0.0 0.005427967227096351 0.0 0.0018381282544453468 0.0 0.001 0.0 0.001 0.0 0.001 0.0 0.001 1
146 65.646 232.5695 0.0 0.001 2.1468981090209874e-10 0.001 5.7044612465811324e-08 0.001 2.415490672056411e-07 0.001 2.9493017230852766e-06 0.001 2.0803171342645676e-05 0.0017736350589716908 9.502336641388264e-05 0.005112876486881829 0.00038615739810217886 0.01040844147961937 0.0015814785993230132 0.015004410954504692 0.005593683919489103 0.013910798420377693 0.014097284159751046 0.009984757947376107 0.0331579332116229 0.013690910698778433 0.06713353107248331 0.011762768717654838 0.11007889381420626 0.007945888415128222 0.15148652896463566 0.013617214794828608 0.17001195617305662 0.019026647316381942 0.1578470995034101 0.014964619733376316 0.12045601985481276 0.008928485332865388 0.07920784895152834 0.009619959094770224 0.045446629950760126 0.013693326106565436 0.023839264995078137 0.01030882922232577 0.011755056328583632 0.012839372858330304 0.0050475984485298655 0.016516274471568247 0.001943685201606919 0.012763820946336608 0.00060152630783379 0.006957244612188903 0.0001664854490668449 0.0025951049643028294 3.631420188770939e-05 0.001 5.2629749776487514e-06 0.001 6.211739420152077e-07 0.001 6.469746267219084e-08 0.001 1
147 138.4177 222.836 0.0 0.001 2.0243048669742626e-16 0.001 1.670287287447006e-14 0.001 1.6842849911544834e-11 0.001 5.618144260308119e-09 0.001 3.3815257094425264e-07 0.001 1.1329590138729155e-05 0.002196169514512643 0.00012490995257024266 0.005592964109937153 0.0011866383101338828 0.010728755342050356 0.006010317431520005 0.016597600924175095 0.01697674572220505 0.021534492905220828 0.03371346183958438 0.02488299440783074 0.055333988492147594 0.02590153324190493 0.0817459758238773 0.02286741344214403 0.11246049750506634 0.02708146011463291 0.1491091935718544 0.03253151305040893 0.1729643641384093 0.030708297043290853 0.16529594266992048 0.0313602366614395 0.12146384513483735 0.03778528970602188 0.06357418007514702 0.03675760467830018 0.019473639208553266 0.029594988168497417 0.0005546267464597367 0.023924255409209217 0.0 0.020779811977362377 0.0 0.01642921311891177 0.0 0.01047960728505524 0.0 0.005005631619120359 0.0 0.0018162964626230694 0.0 0.001 0.0 0.001 0.0 0.001 1
148 98.2675 201.8075 1.3728338563268817e-13 0.001 1.0832614953226769e-11 0.001 5.629682158345178e-10 0.001 2.0218860187953953e-08 0.001 5.1712966599732e-07 0.001 9.794167084780198e-06 0.001 0.00010865507862848408 0.001 0.0007385003421913559 0.0032211380480831548 0.0036952954477415534 0.00893545809867391 0.013224666847339991 0.016511532947652362 0.030056483943414154 0.018059931306962318 0.04753823678470409 0.01477667301735101 0.059570131150547184 0.016690821683123292 0.07549040702244071 0.011664413757230062 0.11839977105951761 0.013591320499927208 0.17873672787408082 0.02034198918177557 0.19513616763151975 0.023074352935845116 0.1417072106261129 0.014470379569455377 0.07146920468504063 0.013157698797965117 0.030055521160435587 0.015956038301705305 0.016426675751140665 0.014224693076822885 0.010026150157312506 0.017310496608086416 0.00524767762000548 0.015334284421705358 0.0018861506489555133 0.008158097590145078 0.0004168319832864384 0.002994592356117767 5.44111047172558e-05 0.001 4.5334376812679134e-06 0.001 2.4880394966275186e-07 0.001 8.479128455215216e-09 0.001 2.705588939090909e-10 0.001 1
149 61.4147 211.6846 8.428101423412554e-12 0.001 3.8615361529804215e-10 0.001 1.5537924418694837e-08 0.001 3.7085487828079404e-07 0.001 3.973176511839293e-06 0.001 3.3102623088639044e-05 0.001 0.00026175680757647757 0.002348599969654637 0.0013774583425137212 0.006885978868697656 0.004612107334064761 0.014386558728993745 0.012296988311670786 0.01842685050894218 0.023878516980284297 0.01342323137379138 0.03862237568613865 0.012748654758545003 0.06093276122340806 0.014053687712081386 0.10020881891673462 0.008907232740626575 0.15214633893254487 0.0130904691741133 0.18618002038733647 0.020160684383844107 0.17069885795292622 0.015809148147824165 0.11756540088144307 0.009651261389783707 0.06565616599968048 0.011697655457136844 0.03348470928316076 0.01327778167609592 0.017688595902769364 0.011373723890266332 0.009585608353787937 0.0166428663449549 0.0035869325538219364 0.01460230061003671 0.0009564741749730295 0.007994800917148282 0.00019228985604814332 0.0029394413820284567 2.898597503747008e-05 0.001 1.3051381362407503e-06 0.001 6.675540408629664e-08 0.001 1.6210208851179429e-09 0.001 4.253270681327365e-11 0.001 1
150 150.532 243.678 2.1326955157884305e-12 0.001 8.997661265482488e-11 0.001 1.1073387357392746e-09 0.001 2.9870599349722604e-08 0.001 1.2942669879062724e-06 0.001 1.3794333338175622e-05 0.0013680384335752126 0.0001138922790545201 0.003648228281339083 0.0006403385223513904 0.007353325056992506 0.0032045604655503647 0.012142927025262184 0.009511204399037942 0.016630928092642074 0.019295931028871647 0.018465843895881944 0.03260854499563173 0.020822184310088164 0.051310000314788565 0.02024872209944395 0.07590254703105781 0.019958659567528368 0.10510676877869417 0.02201960708353358 0.1374675396386173 0.026235875066198344 0.159342077403431 0.026863467208362427 0.15389306181713408 0.02765946076543585 0.12306262946831462 0.027644343055376747 0.07767537169714704 0.02740449734503511 0.03777295840818742 0.026296616559912004 0.011476166032516581 0.020564361619196357 0.001601288049240254 0.018217541189605974 0.0 0.016261006319045108 0.0 0.012351209148450896 0.0 0.007252469861556223 0.0 0.0034985863276766737 0.0 0.001366727753396774 0.0 0.001 0.0 0.001 1
151 77.4039 244.8414 0.0 0.001 0.0 0.001 0.0 0.001 0.0 0.001 0.0 0.001 2.8165347761839872e-05 0.002595488702883244 0.00035401390294353816 0.006298455195243595 0.0012891160638427608 0.011773242139186246 0.004629820040451998 0.0151322889616612 0.012272205543520688 0.012331930064282855 0.02479259909682594 0.008753484951924156 0.044588039044027944 0.012374610092059254 0.07003124485892466 0.009655900627644192 0.10113241873729059 0.005433174584861318 0.133716486977789 0.011293117970723646 0.15759665603731293 0.017200051647027204 0.1602891110976889 0.01514965727571048 0.1349164502690205 0.00798511554436078 0.09147668015091849 0.006208446840824458 0.047519482057931765 0.012807820486412911 0.015367510773748488 0.011027270815197924 0.0 0.008963025785340868 0.0 0.014919100584581176 0.0 0.015270059173055208 0.0 0.009826150570204365 0.0 0.004605841282787784 0.0 0.001681876214092882 0.0 0.001 0.0 0.001 0.0 0.001 1
152 1.7906 237.508 1.0531898372621035e-08 0.001 1.8668862309780586e-07 0.001 1.8773180355320094e-06 0.001 1.0544263638138348e-05 0.001 6.852776411121494e-05 0.0013966360858987232 0.0003307981286724949 0.00401080204111905 0.0014530815348114334 0.008814473853823005 0.004157532513560418 0.014377611908699118 0.00969815300600539 0.014703093147159922 0.018456159049558548 0.00970512220961096 0.031795631877524815 0.011831895611291738 0.05455048329219473 0.011770148977410345 0.08768452664147594 0.00708015706037219 0.12920726467345953 0.009713811785894283 0.16095833595465078 0.01728292196815974 0.1633129468439072 0.017375528174752977 0.13440710470803868 0.01023868177294128 0.0905121521115819 0.007257094466786962 0.0536774415999663 0.012280887269858768 0.02934369697877676 0.012190238372609994 0.016296190239435175 0.009631679023775357 0.008181656519254616 0.014751624233036066 0.0036800435939047904 0.014742858178967182 0.0015670302261304924 0.009652147830407746 0.0005061260887754593 0.004475920018940701 0.00011306764166349764 0.0015719488915054824 2.53585273679292e-05 0.001 3.5929490319780237e-06 0.001 4.3177721517599966e-07 0.001 4.69567298538535e-08 0.001 1
153 16.7437 233.3065 2.715850468279993e-09 0.001 5.817633513681913e-08 0.001 1.1712086882511021e-06 0.001 1.2419024490109533e-05 0.001 0.00010028331141459449 0.001 0.0005760650648805865 0.003008187755351474 0.0025091296620633786 0.007027093700334516 0.007446749286465159 0.012614597108571421 0.01650535647969042 0.014891796830207069 0.02672636037481311 0.011049819769689112 0.03596889075872375 0.010537378220091374 0.046954690971490465 0.012578331337064933 0.0708312899425693 0.008326282638829233 0.11304352989786025 0.009666904792581872 0.15813196785958356 0.01751327412241724 0.16917806248960046 0.019950179312744107 0.13634337674311323 0.011466777585888918 0.08723259828686802 0.008468609199986744 0.050378186419842604 0.011885928693399113 0.03133364189265418 0.011076576121247074 0.02171965858790538 0.009948352264986412 0.014354797962459894 0.014729390485246354 0.0071047738576258575 0.014244638884086322 0.002573426195122781 0.009087483610569139 0.0007942072807864794 0.004178896693651615 0.00015074584637804098 0.0014953859482910677 2.5425487690005118e-05 0.001 2.940876015316269e-06 0.001 1.8331999229771564e-07 0.001 1.0019027009893756e-08 0.001 1
154 -2.5018 251.3482 1.5253905680298525e-07 0.001 1.501913428191918e-06 0.001 9.053849277660348e-06 0.001 5.158999772716148e-05 0.001 0.00017385640884157776 0.002770516153929146 0.0005230357181247535 0.00646657572037701 0.0012925469351329915 0.011574565170553552 0.003525864007029646 0.015261343838538867 0.007651453781186365 0.01251068503258646 0.01484785054109105 0.008658871025417158 0.02942602526648814 0.012349274929347943 0.055539094303764094 0.0106945082083129 0.09322089131062872 0.005660237508462451 0.1328382985178409 0.009984890303311261 0.15595176571990726 0.015752349948629035 0.15191958552531384 0.015545599473948457 0.12330262878796835 0.00992058273463025 0.08701987254788994 0.005466575119504123 0.05720852458086472 0.011052254028760679 0.036873891281517024 0.012496243425658238 0.02350805860596979 0.008117329250820161 0.013889569613676883 0.012745863097386751 0.006857174987021994 0.015837828420433384 0.0028869641789620684 0.01186721499961544 0.0010345743751637585 0.006542656006203164 0.00034150419529571966 0.0026981489648562782 8.505009809700046e-05 0.001 1.706593752657145e-05 0.001 2.3251602950064924e-06 0.001 2.2931491200646684e-07 0.001 1
155 -17.33 243.3151 4.818718104699139e-08 0.001 6.275099592053186e-07 0.001 5.657319574057234e-06 0.001 3.9262061571565234e-05 0.001 0.00021222637468202912 0.0024415348530752216 0.0008531428286591967 0.006294219395084229 0.0024282097436861814 0.011970081946024246 0.005430148626110173 0.01606083724432647 0.011363907862466136 0.013851554016996254 0.02231190274107961 0.00863920992148711 0.038355414673120425 0.012818258724456412 0.06338605084819356 0.0113086704960562 0.09702795109669003 0.0071602219228558694 0.133920931029352 0.010678812675166321 0.16014293260940138 0.01725573962738755 0.15840210036626043 0.017074022719422585 0.12857327545044223 0.00998398699036427 0.08685177258343377 0.008373055924169537 0.04828021346980802 0.012765143268012657 0.023171681210826134 0.011311242631342217 0.01107991254355607 0.00963493401962413 0.004769070272754132 0.014317581743613141 0.002121650616366287 0.014095897016505234 0.0009267523425649266 0.009348946984924236 0.00025207414949526103 0.004426004253160623 7.666753888105556e-05 0.0016104275409915974 1.352996118012591e-05 0.001 2.6131061284268028e-06 0.001 2.7104755424116955e-07 0.001 1.8290221893540898e-09 0.001 1
156 -20.9999 261.474 2.6553050365843357e-06 0.001 1.609343128450494e-05 0.001 7.937470663495442e-05 0.001 0.00032397055572335034 0.0017244867960814372 0.0011227977623791273 0.004055563546704012 0.003317885783246374 0.007914789673976824 0.007930702789294461 0.012076693047052304 0.014824990524494852 0.012476053201688769 0.022709814177627043 0.00836228540400321 0.030816585918775532 0.008718493538040748 0.03877473040057582 0.01046384186966804 0.055397999357620395 0.0072941494477389915 0.08534766527517618 0.005173562457511965 0.12371322303529457 0.009711496937231827 0.14956269684431042 0.01549653041121879 0.14464209756262125 0.012912252056820298 0.11163035383772839 0.0073079761319432696 0.07239171563881575 0.004918583325510921 0.04477731483117531 0.009687819988564137 0.030687238223732875 0.011208961883518793 0.023978367691540145 0.0072889102939046185 0.017736676633787942 0.010744102344363472 0.010970733290491402 0.01395430547078255 0.005766348171786182 0.01135778217327663 0.002384204308355148 0.006976269508891409 0.0008168536936438061 0.0031490599500747602 0.00022019477234704418 0.0011305323566168117 4.70282728305497e-05 0.001 8.410995900711266e-06 0.001 1.2762077692706925e-06 0.001 1
157 24.5016 213.7748 1.9783612946063407e-11 0.001 8.945824884043607e-10 0.001 2.816363995252242e-08 0.001 7.297126627535102e-07 0.001 1.0610699198189982e-05 0.001 9.907067684271776e-05 0.0011406265222869525 0.0006811135852151552 0.0036281519388184774 0.003509993568582112 0.008443487204543541 0.011180985653167856 0.014189653245944987 0.02164359455035181 0.016830663185481317 0.032347683095785756 0.01396266275485247 0.04242342428827233 0.01419281594361684 0.06389241348208473 0.012342274893126743 0.11168784228978304 0.01366329816435067 0.16828631351642204 0.020726688295284193 0.18317769656197275 0.024969290708991315 0.14091820229960605 0.014981768429040199 0.08451718935086579 0.012541945887166006 0.05005828345166563 0.013961790463063076 0.03603553080324958 0.013461740694210887 0.026441298443219984 0.01596191573098791 0.015453409817947869 0.017362390110847784 0.005945626284524306 0.01201152840469729 0.0014334366574921798 0.0060783860318031555 0.0002318276006284659 0.002281914974786752 2.2179616632137748e-05 0.001 1.4529119144798377e-06 0.001 6.008060919795641e-08 0.001 1.8866292915662107e-09 0.001 3.6667836840080965e-11 0.001 1
