data/processed/NGC5813-h6/hist_kins_s.ecsv
# %ECSV 1.0
# ---
# datatype:
# - {name: binID_dynamite, datatype: int64}
# - {name: v, datatype: float32}
# - {name: sigma, datatype: float32}
# - {name: losvd_0, datatype: float64}
# - {name: dlosvd_0, datatype: float64}
# - {name: losvd_1, datatype: float64}
# - {name: dlosvd_1, datatype: float64}
# - {name: losvd_2, datatype: float64}
# - {name: dlosvd_2, datatype: float64}
# - {name: losvd_3, datatype: float64}
# - {name: dlosvd_3, datatype: float64}
# - {name: losvd_4, datatype: float64}
# - {name: dlosvd_4, datatype: float64}
# - {name: losvd_5, datatype: float64}
# - {name: dlosvd_5, datatype: float64}
# - {name: losvd_6, datatype: float64}
# - {name: dlosvd_6, datatype: float64}
# - {name: losvd_7, datatype: float64}
# - {name: dlosvd_7, datatype: float64}
# - {name: losvd_8, datatype: float64}
# - {name: dlosvd_8, datatype: float64}
# - {name: losvd_9, datatype: float64}
# - {name: dlosvd_9, datatype: float64}
# - {name: losvd_10, datatype: float64}
# - {name: dlosvd_10, datatype: float64}
# - {name: losvd_11, datatype: float64}
# - {name: dlosvd_11, datatype: float64}
# - {name: losvd_12, datatype: float64}
# - {name: dlosvd_12, datatype: float64}
# - {name: losvd_13, datatype: float64}
# - {name: dlosvd_13, datatype: float64}
# - {name: losvd_14, datatype: float64}
# - {name: dlosvd_14, datatype: float64}
# - {name: losvd_15, datatype: float64}
# - {name: dlosvd_15, datatype: float64}
# - {name: losvd_16, datatype: float64}
# - {name: dlosvd_16, datatype: float64}
# - {name: losvd_17, datatype: float64}
# - {name: dlosvd_17, datatype: float64}
# - {name: losvd_18, datatype: float64}
# - {name: dlosvd_18, datatype: float64}
# - {name: losvd_19, datatype: float64}
# - {name: dlosvd_19, datatype: float64}
# - {name: losvd_20, datatype: float64}
# - {name: dlosvd_20, datatype: float64}
# - {name: losvd_21, datatype: float64}
# - {name: dlosvd_21, datatype: float64}
# - {name: losvd_22, datatype: float64}
# - {name: dlosvd_22, datatype: float64}
# - {name: losvd_23, datatype: float64}
# - {name: dlosvd_23, datatype: float64}
# - {name: losvd_24, datatype: float64}
# - {name: dlosvd_24, datatype: float64}
# - {name: losvd_25, datatype: float64}
# - {name: dlosvd_25, datatype: float64}
# - {name: losvd_26, datatype: float64}
# - {name: dlosvd_26, datatype: float64}
# - {name: losvd_27, datatype: float64}
# - {name: dlosvd_27, datatype: float64}
# - {name: losvd_28, datatype: float64}
# - {name: dlosvd_28, datatype: float64}
# - {name: losvd_29, datatype: float64}
# - {name: dlosvd_29, datatype: float64}
# - {name: is_good, datatype: int64}
# meta: !!omap
# - {dv: 100.0}
# - vcent: [-1450.0, -1350.0, -1250.0, -1150.0, -1050.0, -950.0, -850.0, -750.0, -650.0, -550.0, -450.0, -350.0, -250.0, -150.0, -50.0,
#     50.0, 150.0, 250.0, 350.0, 450.0, 550.0, 650.0, 750.0, 850.0, 950.0, 1050.0, 1150.0, 1250.0, 1350.0, 1450.0]
# - {nbins: 1145}
# - {nvbins: 30}
# - PSF:
#     sigma: [0.7981244701379099, 2.5355469313804813]
#     weight: [0.8646833678516875, 0.13531663214831247]
# schema: astropy-2.0
binID_dynamite v sigma losvd_0 dlosvd_0 losvd_1 dlosvd_1 losvd_2 dlosvd_2 losvd_3 dlosvd_3 losvd_4 dlosvd_4 losvd_5 dlosvd_5 losvd_6 dlosvd_6 losvd_7 dlosvd_7 losvd_8 dlosvd_8 losvd_9 dlosvd_9 losvd_10 dlosvd_10 losvd_11 dlosvd_11 losvd_12 dlosvd_12 losvd_13 dlosvd_13 losvd_14 dlosvd_14 losvd_15 dlosvd_15 losvd_16 dlosvd_16 losvd_17 dlosvd_17 losvd_18 dlosvd_18 losvd_19 dlosvd_19 losvd_20 dlosvd_20 losvd_21 dlosvd_21 losvd_22 dlosvd_22 losvd_23 dlosvd_23 losvd_24 dlosvd_24 losvd_25 dlosvd_25 losvd_26 dlosvd_26 losvd_27 dlosvd_27 losvd_28 dlosvd_28 losvd_29 dlosvd_29 is_good
[from data line 594]
595 50.2271 229.03732 4.818179291371344e-09 0.001 5.971999204630325e-08 0.001 5.654286367139448e-07 0.001 4.80352802588935e-06 0.001 2.9175540560704273e-05 0.001 0.00016719977565635518 0.0019711738375612843 0.0006100452504214743 0.005461578731772202 0.0016236045564601508 0.011273312803339802 0.00460739305892606 0.01643801571692519 0.011354047419800142 0.014597952778868505 0.02297944807849805 0.010028218826581708 0.04239381778215776 0.01407893942826135 0.0730034309759052 0.011023954959572237 0.1122492835036135 0.008454825718134454 0.15162180746067505 0.013285196525866252 0.17261387415660387 0.019558372552832368 0.15885024022526537 0.014438024266322486 0.11802823771690432 0.008191080308713357 0.07113381331250432 0.010863224425643948 0.03452823666888184 0.014069653862743519 0.014449017051731515 0.010296432277475082 0.0060486999202443706 0.014740928207918405 0.002354601539997795 0.01616585157739191 0.0009125020087787277 0.011244048064124053 0.0003534294493890474 0.00542190633449058 7.484324719204404e-05 0.0019460291056780394 7.0722477694779195e-06 0.001 7.455572291284654e-07 0.001 0.0 0.001 0.0 0.001 1
596 -9.7524 215.74727 0.0 0.001 0.0 0.001 0.0 0.001 0.0 0.001 0.0 0.001 0.0 0.002244147066625213 0.0 0.00660609080571152 0.0 0.01413939841460312 0.0 0.019527289127426163 0.0020371554522508185 0.014428670781734949 0.01779782731238852 0.011811047708254106 0.05585352467332012 0.016150009012230137 0.10761797049446764 0.008090410493247643 0.1543328030780523 0.011758214869374048 0.17885285371086793 0.0201584762254641 0.17595247298945135 0.018837165576476106 0.14538495225533568 0.009657128614755123 0.09688451450042566 0.009480111495660797 0.04808950361530161 0.016052988670781355 0.015334035276411761 0.010704762424359693 0.0018623863669797193 0.016067489195009197 0.0 0.018282142799720548 0.0 0.012122380116122742 0.0 0.005512066776356673 0.0 0.0017341659232860333 0.0 0.001 0.0 0.001 0.0 0.001 2.6738244141045784e-10 0.001 7.364398421740123e-12 0.001 1
597 -17.085 210.88692 0.0 0.001 0.0 0.001 0.0 0.001 0.0 0.001 0.0 0.001 0.0 0.00190015549689297 0.0 0.006159660015577974 0.0 0.013708982949812206 0.0 0.020104114434270508 0.0 0.015870728055520596 0.01564698983186472 0.01131868692607791 0.05402424729902957 0.01693743549758676 0.11004586137825305 0.008558299981853125 0.16142743715366267 0.011649483218102358 0.1866101901093207 0.020041675118661492 0.17596782710838527 0.018559389379068758 0.13992705139979136 0.009182602231813594 0.09100847735108508 0.011323939850761897 0.04664903921555645 0.015473355538638045 0.01631658590960835 0.010353905121367121 0.0023762932434427415 0.017879130405387363 0.0 0.01754645761835531 0.0 0.010461075886408834 0.0 0.004082278651015236 0.0 0.0011453213662269601 0.0 0.001 0.0 0.001 0.0 0.001 0.0 0.001 0.0 0.001 1
598 18.4866 242.28926 0.0 0.001 0.0 0.001 0.0 0.001 0.0 0.001 0.0 0.0014966279454892602 0.0 0.004217266141256644 0.0 0.009102856896601192 0.0011623841276707646 0.014271349319151194 0.005200034623466005 0.015379029998876814 0.013582579452755336 0.009270661324158536 0.028422379226084617 0.01065987369151612 0.05275612821172458 0.012766458962479296 0.08589938722949574 0.007056446003893713 0.12444334994420285 0.008287908498567996 0.15607052379874375 0.014394142378325495 0.1634000342502865 0.016599759541250605 0.14156654710050887 0.010853321081455383 0.10149011251997635 0.006019250829184392 0.061985066874479945 0.010110756393261418 0.03323816984996592 0.011677010089433107 0.016757943849828608 0.008321184899970503 0.008082946365505463 0.01232982705683447 0.0034742688794867195 0.01454617626865636 0.0016698229004239794 0.0105213719729182 0.0005846197666629331 0.005602678082489591 0.0001688429006500143 0.0021905408570791246 3.694008894515195e-05 0.001 7.021566992954401e-06 0.001 7.908628108791427e-07 0.001 1.0560933208233788e-07 0.001 1
599 -9.3658 267.07178 7.087968871830262e-07 0.001 4.0317337570447625e-06 0.001 2.811655070648084e-05 0.001 0.0001299589442600933 0.0019947039777691465 0.0005839969690568065 0.0046990850764953886 0.001850620684331091 0.009018336069083272 0.00456080055522444 0.012926130165840693 0.008547367808942651 0.013055197676458945 0.014715290217798225 0.008942036713834868 0.022721521085333447 0.009091602456992207 0.036402019363954 0.011484726379962933 0.05850522538137732 0.007857656147849584 0.09069578346118114 0.005489945888731758 0.12545899459918228 0.009941760256783429 0.1466278527586483 0.0164267242072495 0.143672061804262 0.01552462693332124 0.11760462182254038 0.00850965537264519 0.0830089839752309 0.005321823219063729 0.05427167239099023 0.008631245434900018 0.03497953370470414 0.012478993770974828 0.023545839507932428 0.00845901571469711 0.015446896180124877 0.009069515084786739 0.009140922567471338 0.013940818482999042 0.004575536071253678 0.012679295670057534 0.0019335457491636762 0.008246412881082892 0.0007047784018797211 0.004288693173352504 0.0002196931857210345 0.001760231846530388 5.212508669999563e-05 0.001 9.871178417871581e-06 0.001 1.6294629671639676e-06 0.001 1
600 -5.9219 234.34045 0.0 0.001 0.0 0.001 0.0 0.001 0.0 0.001 0.0 0.0015040717040522443 0.0 0.0044969608011709485 0.0 0.009895818374574969 0.0 0.01597685669919874 0.0 0.016319711464392588 0.006730169231848344 0.010257597501290145 0.027604158464199165 0.012757012186820663 0.06348756738593771 0.013091394582134881 0.1057548071943132 0.007284855511129208 0.142724456003876 0.010245930728655567 0.1641608886122113 0.018370393746033067 0.1649261724811831 0.018028266191530126 0.14270381328491474 0.010050929503224726 0.1012618387082245 0.007923190266288474 0.055834752027021914 0.01386821345587862 0.021014490225483 0.01156002034290862 0.003796886380787124 0.010650407571233842 0.0 0.016952741792193637 0.0 0.015525716063360343 0.0 0.009343590321698323 0.0 0.003967259313783589 0.0 0.001271037743772859 0.0 0.001 0.0 0.001 0.0 0.001 0.0 0.001 1
601 -13.3126 214.89592 0.0 0.001 0.0 0.001 0.0 0.001 0.0 0.001 0.0 0.001 0.0 0.002107278769888839 0.0 0.006193961429222198 0.0 0.013425229126630085 0.0 0.018377826275102333 0.004244451574502366 0.01327234935327012 0.017324184136335654 0.011122792957015435 0.05004593523892697 0.01512077790343552 0.10228969736575896 0.007815606864741025 0.15596257365227342 0.011020562639589948 0.18427458766872945 0.01990718935423408 0.17181567536694872 0.017548370853272377 0.13162447604489888 0.00870198998586022 0.08671681779304222 0.00888891136306312 0.051132088184274165 0.014818428413971796 0.026882868139623716 0.01020122158145977 0.01245132248289854 0.01448910928544789 0.004310754958590942 0.016323439429937064 0.0008827817865063236 0.010787697429988105 4.1371022724409445e-05 0.004621259655647487 4.1458396518580285e-07 0.0014229422676280148 0.0 0.001 0.0 0.001 0.0 0.001 0.0 0.001 0.0 0.001 1
602 16.0339 231.77405 9.344390103386141e-09 0.001 1.5747757850984306e-07 0.001 1.8804711028727074e-06 0.001 1.7501570888151843e-05 0.001 0.0001160064035323929 0.001 0.0005509972897181039 0.003059311359203078 0.002157829070369029 0.00747109252605993 0.006003083206838839 0.013019487330965931 0.012781425010019712 0.01585514595011178 0.022397924634498516 0.011163823115709542 0.031236276394475633 0.011003552879381229 0.0464174627335956 0.013468255427995134 0.0746552240296671 0.008584648264576618 0.1187990107930414 0.009988650931554405 0.1602405905792172 0.017218575615514042 0.1682575182199258 0.018549247871063018 0.13579921650751028 0.01216823019934405 0.08906919937474968 0.007953245540069057 0.053266632206038236 0.011905667514396583 0.033194309360545654 0.011951612293797247 0.021915100803192585 0.009750360085574821 0.013713463337045706 0.015271051360562251 0.006438890686170677 0.014862614357482384 0.0021817862377973966 0.009159880115568364 0.0006440735462166652 0.004137858071259344 0.00012299349952002558 0.0014617022168160413 1.9012077254171495e-05 0.001 2.2070605642164e-06 0.001 2.0453319449078848e-07 0.001 1.3541341210621095e-08 0.001 1
603 -15.972 231.28548 3.2490223987780346e-08 0.001 4.5890717630828674e-07 0.001 4.31301906025123e-06 0.001 3.127302754595181e-05 0.001 0.00018466357613696008 0.0013319910117356218 0.0008444059822644618 0.0038063164062362253 0.002850285355360419 0.008483633191614947 0.0071542346298177255 0.01351249459307234 0.012923034285371391 0.013498137578836528 0.019954059665729787 0.009571974436810082 0.029522787617928075 0.011456046716009288 0.04950082762700248 0.011153744481703344 0.08818234394453113 0.007501300986126086 0.1384529710745103 0.011208091203277953 0.16919407413046994 0.019115236213837955 0.15796925815256507 0.01595319616062396 0.11448455839136576 0.00879257459406519 0.07268223783718933 0.007687182135291862 0.04856387325483237 0.012383208028540958 0.03602615456132844 0.01003345272044139 0.025704272353194862 0.010203956119178785 0.015266332010614645 0.015358934893678766 0.007085959904059792 0.012488932982583082 0.002549978882962698 0.006656358033333967 0.0007036797827634151 0.0026960264020997986 0.00014046947531099732 0.001 2.064754862031665e-05 0.001 2.5762179762043556e-06 0.001 2.2142054713448705e-07 0.001 1.4873539914791765e-08 0.001 1
604 21.72 272.93698 0.0 0.001 0.0 0.001 0.0 0.001 0.0 0.001974131970847541 0.0 0.004645885565721974 0.0 0.008794003193526703 0.0003513380104402882 0.013014437124996715 0.0023919687453015466 0.01415850915164475 0.008099045956582304 0.009938510105127406 0.019004501659914137 0.008124748328201342 0.03655468159565974 0.011595754454611962 0.06121224647987443 0.009808265324178694 0.0895848200982172 0.005618140118988903 0.11782637939592848 0.008731899885501597 0.13817108134770772 0.014054578680262761 0.14546349969301683 0.015357749086217495 0.1336258480528087 0.010981871659677025 0.10728884226955031 0.006236611062882841 0.07412605696109385 0.00782005102767415 0.042212425155237605 0.012198041992204835 0.018465812687339413 0.010063937666878194 0.005621451891327514 0.007988207363324572 0.0 0.013838713401840863 0.0 0.014124172329628195 0.0 0.010910529660875936 0.0 0.006442625240517352 0.0 0.0029318219399314224 0.0 0.0011158388092645777 0.0 0.001 0.0 0.001 1
605 1.3081 231.11865 0.0 0.001 0.0 0.001 0.0 0.001 0.0 0.001 0.0 0.0012053134075972957 0.0 0.0037820986797656698 0.0 0.009175821272060132 0.0 0.015322394185396625 0.0 0.017146842148026843 9.620993755032708e-06 0.010924005067111955 0.017669326135817242 0.011934159750778224 0.056116507637484415 0.014291048698741864 0.10419241182985198 0.006981496185790241 0.14620455926154916 0.010462406271357624 0.1682078055983307 0.017741444439617504 0.1646881922486853 0.017730942485753187 0.14062650218145806 0.01010581946421707 0.1025368461705043 0.006211818866986081 0.061410543183846644 0.013231122121497574 0.027887847112688446 0.012394659541902345 0.009144250578905192 0.010114013322012328 0.001305587067123549 0.01658843332297711 0.0 0.015007221481761805 0.0 0.008909705058305553 0.0 0.00372782325559041 0.0 0.0012022579471909825 0.0 0.001 0.0 0.001 0.0 0.001 0.0 0.001 1
606 -0.3194 223.07207 5.075515238853364e-10 0.001 0.0 0.001 0.0 0.001 0.0 0.001 0.0 0.001 0.0 0.002823176885351041 0.0 0.00756584475163935 0.0 0.014457132778524687 0.0005089040251523089 0.018312946458989596 0.008295060757711772 0.0135971672262932 0.026841569754904357 0.013369103061298022 0.06157024424528479 0.016728566434308173 0.10300672394205539 0.009082559421513446 0.13969769450775152 0.011628084070713862 0.16573683792464755 0.01857144026923528 0.17541745272202414 0.019079324692037075 0.15532544473750493 0.0117557308298719 0.10705431708967814 0.009914570472193893 0.04874261655148762 0.016506799794589744 0.0078031329847605534 0.012049101246404011 0.0 0.014005591087929009 0.0 0.018985729559349518 0.0 0.014508323319844002 0.0 0.007645552034039548 0.0 0.0027897135354787344 0.0 0.001 0.0 0.001 0.0 0.001 0.0 0.001 2.4948537951108573e-10 0.001 1
607 26.6304 227.60681 0.0 0.001 0.0 0.001 0.0 0.001 0.0 0.001 0.0 0.0011110641091573886 1.222401549843977e-09 0.003141767424375006 2.7652156223842886e-06 0.007506459198900826 0.00024095496332919475 0.013832673581820911 0.0026469977221423285 0.01968396403367391 0.008724575294148797 0.02315365031673222 0.02090937296494606 0.023749526011290056 0.03899645876224989 0.023016041923200968 0.07579143773014856 0.029412982390893724 0.1270880879196069 0.029445491893794792 0.17007619995823747 0.03245282417546577 0.17503093808110384 0.035431855587502906 0.138417004649552 0.02869036728886626 0.09546786283980062 0.02995088182226323 0.061547640010575035 0.022336728163047385 0.041668349400573956 0.020150289322313747 0.026427215806914067 0.023425417447274843 0.012787896865220255 0.02133520266863672 0.0034646104574834334 0.01604234319345292 0.0006644753558076628 0.009734513051408733 4.673143420317841e-05 0.004503740940706024 4.1534959218816114e-07 0.0017852622835512872 7.982073408198561e-09 0.001 1.4267165461843974e-11 0.001 3.171580168749777e-17 0.001 0.0 0.001 1
608 25.7202 232.92537 7.485911532541874e-09 0.001 1.211195901173207e-07 0.001 1.289607160009246e-06 0.001 1.2780355774857492e-05 0.001 9.773480499767844e-05 0.001 0.000487949698520321 0.002796305910339459 0.0019493872942519684 0.0069577775887814984 0.005844087169967349 0.012707141065269632 0.013398548887064326 0.01569864895100086 0.023887572161691576 0.011586252357209493 0.03441384020429109 0.010845318063682963 0.04807520843462283 0.012495992494938327 0.07176250805354821 0.007908880363988305 0.110826115743992 0.008828642319654391 0.15447371447801647 0.01581580490433214 0.17015131011600282 0.01985244929502833 0.1445937824366996 0.012815157644377392 0.09556759932821955 0.007561036028506274 0.05443418645949734 0.01104027367493033 0.03030984282048115 0.012872843275722686 0.019008132158791543 0.009847625190253517 0.011599748727201088 0.013957647895015551 0.005868159071923153 0.014941295238090423 0.00236581548352064 0.009633024001412844 0.0006655228134362579 0.004467387131731905 0.00017198050029657702 0.0015956663827306201 2.930854683985922e-05 0.001 3.4676882268812905e-06 0.001 2.6391459008417666e-07 0.001 1.4434873200497978e-08 0.001 1
609 -18.7303 246.91463 0.0 0.001 0.0 0.001 0.0 0.001 0.0 0.001 0.0 0.002896250740000124 0.0 0.007012527670003142 0.0 0.012799484840832254 0.0 0.016440408771176872 0.0 0.013059947630512023 0.009656186878418693 0.00918665522866932 0.03425342676185155 0.013266748760313946 0.07226417518068379 0.01139927683809084 0.112735913480504 0.007673688630313272 0.14300314741779563 0.012326883785294632 0.1567993650639147 0.017835473807960495 0.15347357749427903 0.015979007576848808 0.1336835557268756 0.009910148412923425 0.09847549789706912 0.007808139496185633 0.05754652884486734 0.01318477968897467 0.02356323872945847 0.012104463507954015 0.0045453865242820685 0.009768865004532057 0.0 0.015612344577944923 0.0 0.016126114284279236 0.0 0.010810753433889542 0.0 0.005378003711936961 0.0 0.002021871275492834 0.0 0.001 0.0 0.001 0.0 0.001 0.0 0.001 1
