data/processed/NGC5813-h6/hist_kins_o.ecsv
# %ECSV 1.0
# ---
# datatype:
# - {name: binID_dynamite, datatype: int64}
# - {name: v, datatype: float32}
# - {name: sigma, datatype: float32}
# - {name: losvd_0, datatype: float64}
# - {name: dlosvd_0, datatype: float64}
# - {name: losvd_1, datatype: float64}
# - {name: dlosvd_1, datatype: float64}
# - {name: losvd_2, datatype: float64}
# - {name: dlosvd_2, datatype: float64}
# - {name: losvd_3, datatype: float64}
# - {name: dlosvd_3, datatype: float64}
# - {name: losvd_4, datatype: float64}
# - {name: dlosvd_4, datatype: float64}
# - {name: losvd_5, datatype: float64}
# - {name: dlosvd_5, datatype: float64}
# - {name: losvd_6, datatype: float64}
# - {name: dlosvd_6, datatype: float64}
# - {name: losvd_7, datatype: float64}
# - {name: dlosvd_7, datatype: float64}
# - {name: losvd_8, datatype: float64}
# - {name: dlosvd_8, datatype: float64}
# - {name: losvd_9, datatype: float64}
# - {name: dlosvd_9, datatype: float64}
# - {name: losvd_10, datatype: float64}
# - {name: dlosvd_10, datatype: float64}
# - {name: losvd_11, datatype: float64}
# - {name: dlosvd_11, datatype: float64}
# - {name: losvd_12, datatype: float64}
# - {name: dlosvd_12, datatype: float64}
# - {name: losvd_13, datatype: float64}
# - {name: dlosvd_13, datatype: float64}
# - {name: losvd_14, datatype: float64}
# - {name: dlosvd_14, datatype: float64}
# - {name: losvd_15, datatype: float64}
# - {name: dlosvd_15, datatype: float64}
# - {name: losvd_16, datatype: float64}
# - {name: dlosvd_16, datatype: float64}
# - {name: losvd_17, datatype: float64}
# - {name: dlosvd_17, datatype: float64}
# - {name: losvd_18, datatype: float64}
# - {name: dlosvd_18, datatype: float64}
# - {name: losvd_19, datatype: float64}
# - {name: dlosvd_19, datatype: float64}
# - {name: losvd_20, datatype: float64}
# - {name: dlosvd_20, datatype: float64}
# - {name: losvd_21, datatype: float64}
# - {name: dlosvd_21, datatype: float64}
# - {name: losvd_22, datatype: float64}
# - {name: dlosvd_22, datatype: float64}
# - {name: losvd_23, datatype: float64}
# - {name: dlosvd_23, datatype: float64}
# - {name: losvd_24, datatype: float64}
# - {name: dlosvd_24, datatype: float64}
# - {name: losvd_25, datatype: float64}
# - {name: dlosvd_25, datatype: float64}
# - {name: losvd_26, datatype: float64}
# - {name: dlosvd_26, datatype: float64}
# - {name: losvd_27, datatype: float64}
# - {name: dlosvd_27, datatype: float64}
# - {name: losvd_28, datatype: float64}
# - {name: dlosvd_28, datatype: float64}
# - {name: losvd_29, datatype: float64}
# - {name: dlosvd_29, datatype: float64}
# - {name: is_good, datatype: int64}
# meta: !!omap
# - {dv: 100.0}
# - vcent: [-1450.0, -1350.0, -1250.0, -1150.0, -1050.0, -950.0, -850.0, -750.0, -650.0, -550.0, -450.0, -350.0, -250.0, -150.0, -50.0,
#     50.0, 150.0, 250.0, 350.0, 450.0, 550.0, 650.0, 750.0, 850.0, 950.0, 1050.0, 1150.0, 1250.0, 1350.0, 1450.0]
# - {nbins: 459}
# - {nvbins: 30}
# - PSF:
#     sigma: [0.3329209608324763, 1.5030246371924072]
#     weight: [0.8112598413714794, 0.18874015862852056]
# schema: astropy-2.0
binID_dynamite v sigma losvd_0 dlosvd_0 losvd_1 dlosvd_1 losvd_2 dlosvd_2 losvd_3 dlosvd_3 losvd_4 dlosvd_4 losvd_5 dlosvd_5 losvd_6 dlosvd_6 losvd_7 dlosvd_7 losvd_8 dlosvd_8 losvd_9 dlosvd_9 losvd_10 dlosvd_10 losvd_11 dlosvd_11 losvd_12 dlosvd_12 losvd_13 dlosvd_13 losvd_14 dlosvd_14 losvd_15 dlosvd_15 losvd_16 dlosvd_16 losvd_17 dlosvd_17 losvd_18 dlosvd_18 losvd_19 dlosvd_19 losvd_20 dlosvd_20 losvd_21 dlosvd_21 losvd_22 dlosvd_22 losvd_23 dlosvd_23 losvd_24 dlosvd_24 losvd_25 dlosvd_25 losvd_26 dlosvd_26 losvd_27 dlosvd_27 losvd_28 dlosvd_28 losvd_29 dlosvd_29 is_good
[from data line 84]
85 55.8098 228.247 8.506171802742238e-09 0.001 1.1816366350161294e-07 0.001 1.3086406525305784e-06 0.001 9.05817422253323e-06 0.001 6.304589684610238e-05 0.001 0.0003075673742565007 0.0016307243984817225 0.0012465062232477808 0.004830883955823156 0.003795076376048773 0.010269081828100615 0.009173633641493229 0.015154093957117313 0.01736527384804358 0.01432904099006016 0.027829691967166344 0.008540921309767842 0.04126351421110018 0.012674788018449122 0.06432497377135465 0.010361501979720463 0.10231615996151477 0.006655946137297079 0.14652837528935245 0.012428280755099483 0.1718840025647539 0.018007119348612613 0.158360841687757 0.01354901688002827 0.11430365694655023 0.007619604479571218 0.06717840471893613 0.010150205333997984 0.03547113595761878 0.012347685255180721 0.018766722761528288 0.008955304359880008 0.010736880942609973 0.013615277542064095 0.005731557951281988 0.015566200196858036 0.0022552763718410047 0.010546651945779462 0.0008300104255309547 0.005093638842219293 0.00020912893382889937 0.0017314453636425938 4.0513591753738116e-05 0.001 6.7173612655684614e-06 0.001 7.673240492848213e-07 0.001 7.041555956797444e-08 0.001 1
86 80.5695 224.2951 5.4857180998828615e-11 0.001 3.0799392649529987e-09 0.001 6.732863485323487e-08 0.001 1.1457839303662175e-06 0.001 1.5662125463782816e-05 0.001 0.00012773151980319543 0.001 0.0008195969405874299 0.002962607718263824 0.0034720396405798428 0.007343666979979001 0.01107963122116211 0.013263366561417883 0.024915754295299363 0.014888565109427526 0.040060860574414485 0.010836301467288596 0.04870101075754412 0.012195669694260076 0.05394577628206231 0.011470051346258118 0.07512029535738467 0.00841850496396588 0.12429143932018698 0.011166116848182382 0.17109607371201568 0.02037734214440992 0.17074970502829026 0.01681268354847676 0.12020836830880031 0.009672191776690292 0.0645717628495008 0.009383406917207852 0.033853783217474995 0.012881398076400225 0.02339090979205864 0.010315236854055408 0.017432064530216715 0.012991826440562779 0.010105102379867004 0.015670396366224377 0.004482317877812082 0.010957733599818217 0.0012526786454989764 0.0053505094927294 0.00026255788944261967 0.0019284868284824119 3.958948436263746e-05 0.001 3.7851874805961457e-06 0.001 2.721979624097301e-07 0.001 1.4617366299364375e-08 0.001 1
87 34.0352 235.4038 9.885950296299426e-09 0.001 1.22796500528289e-07 0.001 1.3814626160040934e-06 0.001 1.151308038837072e-05 0.001 8.040322138246588e-05 0.001 0.00038460697382782124 0.002882422547336119 0.0014014627797569962 0.007069514695078197 0.004319117991865809 0.012631810385263436 0.010599035407006891 0.014824032101093664 0.019978263739572125 0.011428621565600192 0.03131227763610546 0.010645258745604309 0.046912703776653256 0.012624041627051837 0.07208345906442824 0.008362893660638936 0.11159774194387775 0.007929977934707004 0.1514806836559628 0.014340791615464837 0.16833697686987076 0.01883582253785296 0.14760065688047805 0.01213244194709899 0.10233640201943044 0.007401882710811741 0.06076350652549532 0.01028993557384308 0.03271045682842909 0.013293050658197185 0.01867363457459788 0.008999845909019961 0.010662789624640161 0.013398248283036426 0.005296242515667147 0.015464478453054938 0.002427495081992839 0.010970035836626485 0.000778506433961438 0.005578555623874609 0.00020811908942128206 0.0020513276403633564 3.6538696953902266e-05 0.001 5.317219640128681e-06 0.001 5.312507452481049e-07 0.001 4.297278137957928e-08 0.001 1
88 51.4001 234.5637 0.0 0.001 3.09476031529875e-11 0.001 1.6664630206858588e-07 0.001 2.086542154443431e-06 0.001 2.004765038388641e-05 0.001 0.00015863250446476388 0.002347928306455614 0.0007452674547192133 0.00608099546786268 0.002772201002571039 0.011850401018647903 0.007646326169080578 0.01690918116121806 0.016594868389720716 0.014300370728463088 0.02910707028491172 0.010685528763751671 0.04552748822175375 0.013591483517364847 0.07037648474771109 0.010882760015893472 0.1054263974088053 0.010099290987827157 0.14616267632292165 0.01431253233265839 0.1694836565290565 0.01925271043110266 0.15696452734361668 0.01539185723789313 0.11582669290422216 0.00987428588721248 0.06895507561246902 0.01049179175304192 0.034821077805680944 0.013355250856156853 0.01602772538753107 0.011084851778046146 0.008132544986943982 0.013443055828243964 0.0035757532356180954 0.015491619815405585 0.0012704252175835132 0.011761214920462466 0.0003523996751560562 0.00587433187570067 4.6938483462378675e-05 0.002244419335122803 3.4694422117901688e-06 0.001 0.0 0.001 0.0 0.001 0.0 0.001 1
89 96.8346 223.5269 0.0 0.001 0.0 0.001 0.0 0.001 0.0 0.001 0.0 0.001 0.0 0.001 0.0 0.0028081245000462483 0.00013887412866016622 0.007509437141031819 0.0009055508888364275 0.014107003351688695 0.0037677440220350886 0.017071475437095845 0.011304645924431622 0.01292697228772067 0.029167490308247494 0.011792869583940463 0.05918121624051957 0.014951821662641928 0.0990398306788217 0.00896873555354269 0.13981992657647266 0.011791613170222107 0.17023045857954627 0.018458904658914158 0.17492269793256437 0.01924547190805037 0.14821726951900788 0.011694748654365483 0.0991408061782031 0.009878238688091387 0.048758940581180084 0.014798451425568147 0.014953758373910147 0.012012142965849116 0.0004507900675635569 0.014003980866354992 0.0 0.01791940554420095 0.0 0.013502139485460342 0.0 0.006890024220054176 0.0 0.00250576828186512 0.0 0.001 0.0 0.001 0.0 0.001 0.0 0.001 1
90 74.8108 215.9052 5.582551431577647e-11 0.001 1.4570453976448944e-09 0.001 2.291603626754804e-08 0.001 3.8092758557773024e-07 0.001 4.1297320873492246e-06 0.001 3.464022800976763e-05 0.001 0.00019673750837980274 0.002463762964368604 0.0008930765365607166 0.006689673037188501 0.0032522834340297053 0.013946752730649674 0.008292107236044647 0.01766663419743306 0.017024139236373408 0.013480039174563434 0.029352326967490718 0.011789648205027222 0.05409571766494403 0.013957240156362443 0.09640095230779652 0.010728885672783503 0.14847199036013034 0.012936741103927549 0.1810223285281982 0.01952798628492454 0.167977294513813 0.017447909800849676 0.1200302238443578 0.011149176922060071 0.0723930797698212 0.011257034497801865 0.042760201519145585 0.013859734821280029 0.027348459249900505 0.011808135352278766 0.017362327977932152 0.015468674119248592 0.008761140443505372 0.015429772042360953 0.003309085270843929 0.00973656374241144 0.0008291874758475901 0.004150524445882335 0.00016088590095100024 0.0012507904413378932 2.43564773551659e-05 0.001 2.674012053842571e-06 0.001 2.3434084577626577e-07 0.001 1.4107089118229018e-08 0.001 1
91 80.535 238.0222 7.045249093129847e-10 0.001 2.1377808678044153e-08 0.001 4.990147960907803e-07 0.001 6.629501565275551e-06 0.001 5.594775293136669e-05 0.001 0.00034334071223919116 0.0018130400934397942 0.0016610204089037102 0.004802363523429223 0.005546167416340642 0.009802979122803812 0.014125701638055635 0.014590035460214066 0.027000755922282772 0.013838422267137475 0.04036331152855711 0.010865530892563433 0.05032694824186975 0.012849225413183486 0.0591798053409875 0.011220250327705523 0.08083913141181197 0.008567239959014629 0.12101105453329818 0.011679747807774324 0.1599946861946374 0.017882259292595792 0.16465458484132367 0.017095358743198077 0.1287082249562104 0.011109627287090765 0.07555482200631872 0.01032045375077241 0.03561760400238076 0.01387826286462103 0.015396403570862598 0.011344743215276419 0.008748081183308743 0.011491554338322933 0.0055892070216514485 0.014984197688704487 0.0033083562890516937 0.013522826137093578 0.0014000972007176852 0.00814907824204676 0.00045287475799265673 0.0036822270766072823 9.602056733348651e-05 0.001271550439546906 1.641899727485698e-05 0.001 2.1394954080795752e-06 0.001 1.434095549995951e-07 0.001 1
92 49.6146 221.2382 0.0 0.001 0.0 0.001 1.8606362647740823e-08 0.001 2.0709037482681077e-07 0.001 7.16743214843409e-07 0.001 1.779231265119697e-05 0.0013186223845464886 0.0001978645615263088 0.004241337461229844 0.0009863482092392862 0.010053613022108016 0.00377818658576437 0.01662463307530958 0.01034425230829309 0.016150388765620513 0.02197792131242185 0.011068456168424046 0.04219785915991046 0.014555042741430033 0.07103262210901416 0.012307647529793696 0.11169444839472706 0.0083450148628776 0.1554270729422619 0.014256764424962182 0.17905161677742054 0.01976954682990717 0.16416868143682695 0.014998503046834602 0.11733181923398613 0.008487050917110175 0.06740987857248423 0.012483785567090563 0.03160879075212576 0.01390952064027686 0.01361879759160781 0.010447151389367092 0.005347879423269059 0.016552875837946714 0.0024684158277658726 0.01626184515949665 0.0010183735051480546 0.00980860156384749 0.00025980555601975557 0.0039062181240849874 5.305027666786114e-05 0.001198837130322549 7.047261672205525e-06 0.001 5.164875431187116e-07 0.001 1.6961700819055658e-08 0.001 0.0 0.001 1
93 89.2906 216.0012 6.967898230191568e-11 0.001 2.0614338928231874e-09 0.001 4.7765610810032127e-08 0.001 7.559180376537266e-07 0.001 9.799977320873124e-06 0.001 8.039656899864094e-05 0.001 0.0005178693553640236 0.00218247203978049 0.0024273272054489967 0.006106741860789914 0.008155511122052844 0.012477333155128504 0.01964611943765991 0.01688220049216904 0.03238419974999035 0.0128367936171401 0.04284031448717127 0.011502798408143906 0.05113578063236342 0.013846704869725251 0.07583530328253216 0.008357848091286278 0.12558209018865063 0.01146585385821794 0.17347179548744743 0.0200031264025375 0.17388351131800972 0.019897046964726717 0.12404847172025939 0.010195610337639952 0.06962907758416202 0.009923205008079573 0.038064144729855864 0.013063216394115255 0.026431372041922682 0.01062317452676724 0.019026706324504938 0.013788554418498352 0.010757885488713093 0.015440649977349187 0.004376278562315125 0.010373093200320878 0.0013556343083711297 0.004749097666792039 0.00029032093845607197 0.0015619817920818186 4.429682013157399e-05 0.001 4.659267587783336e-06 0.001 3.096192479300352e-07 0.001 1.7966700708894475e-08 0.001 1
94 98.9905 215.4603 0.0 0.001 3.695888891962302e-11 0.001 9.41905642631073e-09 0.001 1.5893202783422457e-07 0.001 2.2899894577373886e-06 0.001 2.0687083004221132e-05 0.001 0.00017608210933187858 0.0016822730390060898 0.0010138932973726082 0.00525207449321915 0.004192023747973629 0.011473081944373287 0.012539587551840174 0.01711372877606245 0.025843932821945307 0.014212423627272486 0.039928260986062475 0.011536871499951565 0.055216008058594446 0.01495523943331482 0.08010010836445189 0.009525398287942431 0.12550450338692865 0.010255417253059118 0.17235912395109282 0.017495668024402874 0.18253336251392774 0.018878750575611766 0.14016293068698557 0.011670031210479256 0.08157550013283964 0.0097569567546784 0.040009023919879975 0.01393985935724954 0.020408575530796228 0.01011772107496466 0.010459856922495719 0.014011724661999835 0.005012595850815701 0.016139500767171678 0.0021611526690058238 0.011202321056812032 0.0006133167990444939 0.004874395391121876 0.0001428591145933018 0.0015327658225511385 2.1815460084360916e-05 0.001 2.1947927245873784e-06 0.001 1.4011943535489667e-07 0.001 5.751272549713199e-09 0.001 1
95 77.4841 244.2066 3.0948017607793735e-08 0.001 3.1563628466661636e-07 0.001 2.7396706820442295e-06 0.001 2.0062865330873416e-05 0.001 0.00011126193364617942 0.001 0.00043909524662859306 0.002374262621654464 0.001589757081879988 0.005952374936431092 0.004171698112389877 0.010814352167355861 0.009437047814620025 0.014035846144836692 0.01650891402574617 0.011330145694749976 0.02329373876418484 0.008099501700715193 0.03382797448720896 0.01134847884920114 0.05435523440908043 0.008804926471838379 0.0906759599640872 0.005444452115765233 0.1346229261703539 0.010606470164247095 0.16070926490439022 0.017532375106424872 0.14986880546876727 0.01445783926389127 0.11087536751260767 0.007776844117513643 0.07110630651430001 0.005921551755924244 0.04664951309705609 0.011769655895947952 0.03387450343975315 0.010427761357771568 0.025579161682919342 0.00839022433287614 0.01705355804883824 0.014049321979999089 0.009219256901422966 0.013907376175735823 0.004081648047424878 0.009007919606826438 0.0014324219180736023 0.004268479125797121 0.0003930264544606199 0.0015485220825273488 8.471363541498984e-05 0.001 1.3843349422772248e-05 0.001 1.851895006754863e-06 0.001 1
96 95.5731 202.5562 0.0 0.001 8.346649822081708e-16 0.001 5.609594435305363e-12 0.001 1.4284424096271678e-09 0.001 1.664463330839643e-07 0.001 5.063775176230172e-06 0.001 7.70765895047172e-05 0.001 0.000702921831334804 0.003349750247516916 0.003992183017860297 0.009040645113910596 0.014870275627078034 0.016553344771420807 0.035347690350561435 0.017747075968423943 0.05311583253378611 0.013779353572192517 0.06164027830153132 0.01574117935462309 0.07192472115484273 0.011317395679760641 0.11524525978746461 0.011702443959146366 0.179173686663387 0.020963199233791058 0.19509235948219528 0.022600671495190322 0.13797598330540248 0.012950531431103106 0.06738741727955044 0.013857785065166137 0.02896768074094127 0.014916131794148964 0.016971724738868512 0.01387213014773893 0.010730881753258538 0.016747363642588647 0.004997384562280665 0.014858344067945922 0.0014932402420228773 0.007863415741535623 0.00025465272142777533 0.0028236860114144334 3.085895418711044e-05 0.001 2.5372609496157675e-06 0.001 1.1720896639922558e-07 0.001 4.172361286735728e-09 0.001 6.467445417550156e-11 0.001 1
97 105.2882 224.8824 0.0 0.001 0.0 0.001 0.0 0.001 0.0 0.001 0.0 0.001 0.0 0.001 0.0 0.002867219060522959 0.0 0.007519551942542623 0.0 0.014577625827291066 0.0 0.018480207183107278 0.0 0.014259182681823376 0.016718829491190832 0.01385337166250738 0.0553453568957252 0.016725739337352115 0.10469396767471348 0.010295754331724076 0.14583596308153607 0.012628061754303324 0.16807737882140975 0.01880727777754121 0.1701813122484838 0.019488212043351633 0.1516460682487086 0.01297844247937266 0.11103684966322726 0.009542684195598242 0.05924728746407036 0.016008248002071745 0.01721698641093459 0.013871686743413157 0.0 0.013352468509264116 0.0 0.018366121285306274 0.0 0.014626639999933867 0.0 0.00796926897104212 0.0 0.003099974784051644 0.0 0.001 0.0 0.001 0.0 0.001 0.0 0.001 1
