data/processed/NGC5813-h6/hist_kins_o.ecsv
# %ECSV 1.0
# ---
# datatype:
# - {name: binID_dynamite, datatype: int64}
# - {name: v, datatype: float32}
# - {name: sigma, datatype: float32}
# - {name: losvd_0, datatype: float64}
# - {name: dlosvd_0, datatype: float64}
# - {name: losvd_1, datatype: float64}
# - {name: dlosvd_1, datatype: float64}
# - {name: losvd_2, datatype: float64}
# - {name: dlosvd_2, datatype: float64}
# - {name: losvd_3, datatype: float64}
# - {name: dlosvd_3, datatype: float64}
# - {name: losvd_4, datatype: float64}
# - {name: dlosvd_4, datatype: float64}
# - {name: losvd_5, datatype: float64}
# - {name: dlosvd_5, datatype: float64}
# - {name: losvd_6, datatype: float64}
# - {name: dlosvd_6, datatype: float64}
# - {name: losvd_7, datatype: float64}
# - {name: dlosvd_7, datatype: float64}
# - {name: losvd_8, datatype: float64}
# - {name: dlosvd_8, datatype: float64}
# - {name: losvd_9, datatype: float64}
# - {name: dlosvd_9, datatype: float64}
# - {name: losvd_10, datatype: float64}
# - {name: dlosvd_10, datatype: float64}
# - {name: losvd_11, datatype: float64}
# - {name: dlosvd_11, datatype: float64}
# - {name: losvd_12, datatype: float64}
# - {name: dlosvd_12, datatype: float64}
# - {name: losvd_13, datatype: float64}
# - {name: dlosvd_13, datatype: float64}
# - {name: losvd_14, datatype: float64}
# - {name: dlosvd_14, datatype: float64}
# - {name: losvd_15, datatype: float64}
# - {name: dlosvd_15, datatype: float64}
# - {name: losvd_16, datatype: float64}
# - {name: dlosvd_16, datatype: float64}
# - {name: losvd_17, datatype: float64}
# - {name: dlosvd_17, datatype: float64}
# - {name: losvd_18, datatype: float64}
# - {name: dlosvd_18, datatype: float64}
# - {name: losvd_19, datatype: float64}
# - {name: dlosvd_19, datatype: float64}
# - {name: losvd_20, datatype: float64}
# - {name: dlosvd_20, datatype: float64}
# - {name: losvd_21, datatype: float64}
# - {name: dlosvd_21, datatype: float64}
# - {name: losvd_22, datatype: float64}
# - {name: dlosvd_22, datatype: float64}
# - {name: losvd_23, datatype: float64}
# - {name: dlosvd_23, datatype: float64}
# - {name: losvd_24, datatype: float64}
# - {name: dlosvd_24, datatype: float64}
# - {name: losvd_25, datatype: float64}
# - {name: dlosvd_25, datatype: float64}
# - {name: losvd_26, datatype: float64}
# - {name: dlosvd_26, datatype: float64}
# - {name: losvd_27, datatype: float64}
# - {name: dlosvd_27, datatype: float64}
# - {name: losvd_28, datatype: float64}
# - {name: dlosvd_28, datatype: float64}
# - {name: losvd_29, datatype: float64}
# - {name: dlosvd_29, datatype: float64}
# - {name: is_good, datatype: int64}
# meta: !!omap
# - {dv: 100.0}
# - vcent: [-1450.0, -1350.0, -1250.0, -1150.0, -1050.0, -950.0, -850.0, -750.0, -650.0, -550.0, -450.0, -350.0, -250.0, -150.0, -50.0,
#     50.0, 150.0, 250.0, 350.0, 450.0, 550.0, 650.0, 750.0, 850.0, 950.0, 1050.0, 1150.0, 1250.0, 1350.0, 1450.0]
# - {nbins: 459}
# - {nvbins: 30}
# - PSF:
#     sigma: [0.3329209608324763, 1.5030246371924072]
#     weight: [0.8112598413714794, 0.18874015862852056]
# schema: astropy-2.0
binID_dynamite v sigma losvd_0 dlosvd_0 losvd_1 dlosvd_1 losvd_2 dlosvd_2 losvd_3 dlosvd_3 losvd_4 dlosvd_4 losvd_5 dlosvd_5 losvd_6 dlosvd_6 losvd_7 dlosvd_7 losvd_8 dlosvd_8 losvd_9 dlosvd_9 losvd_10 dlosvd_10 losvd_11 dlosvd_11 losvd_12 dlosvd_12 losvd_13 dlosvd_13 losvd_14 dlosvd_14 losvd_15 dlosvd_15 losvd_16 dlosvd_16 losvd_17 dlosvd_17 losvd_18 dlosvd_18 losvd_19 dlosvd_19 losvd_20 dlosvd_20 losvd_21 dlosvd_21 losvd_22 dlosvd_22 losvd_23 dlosvd_23 losvd_24 dlosvd_24 losvd_25 dlosvd_25 losvd_26 dlosvd_26 losvd_27 dlosvd_27 losvd_28 dlosvd_28 losvd_29 dlosvd_29 is_good
[from data line 173]
174 39.0055 217.8455 1.898655554578506e-12 0.001 1.9528941147659038e-10 0.001 9.306409779597558e-09 0.001 3.0886736692612874e-07 0.001 5.319425884743896e-06 0.001 7.539427171773173e-05 0.0012128230839367378 0.00047899268592665437 0.004013606300808317 0.0023444057614372075 0.009278555963452432 0.007805317043220525 0.015583370333431643 0.017773920183405022 0.0164906801337477 0.029980549313737115 0.012930695682429503 0.04499496158963782 0.014609993252765902 0.06855195103824281 0.012415279595192417 0.1096613880700159 0.011582227237423713 0.15823833576846902 0.01582387548854823 0.18248937352374614 0.021326083525728595 0.15696789810568576 0.01578333753527493 0.10440427031083298 0.01090311779804963 0.058328336210395036 0.01341061808789126 0.030212070271389235 0.013264199360495428 0.015673488123832166 0.013054918962072089 0.008007106283608364 0.016781829945430607 0.0030217166865400486 0.013816888319762743 0.0007731789292430737 0.00769881243010496 0.00018682157033672825 0.003113607005020633 2.3366464038943823e-05 0.001 1.4531998593350656e-06 0.001 6.679783262813179e-08 0.001 0.0 0.001 0.0 0.001 1
175 70.8549 206.6076 4.064142601877709e-14 0.001 4.3738116403371395e-12 0.001 3.291199088109132e-10 0.001 2.4945483860634292e-08 0.001 1.0496729272425922e-06 0.001 1.608075696559812e-05 0.001 0.00015418024647979896 0.0019271729349892215 0.0010002255974859082 0.005496218768979032 0.004652824176957806 0.01207812659937728 0.01319928364545667 0.017385367284658185 0.025016219260848405 0.017207248061160165 0.03662856480659451 0.015575939559663085 0.05468209632089847 0.014260830415262906 0.08983170917926905 0.014021536080196906 0.1459533454675486 0.018396689834355592 0.18929754803863313 0.027592963038646723 0.17448367814028065 0.022385277690727623 0.11558429993311793 0.01456073996172072 0.06379173275654966 0.014837223466481069 0.03734337726065736 0.015347653984945439 0.024672077571157257 0.015997752271334487 0.015089030628236256 0.017184940776550795 0.006730477518709957 0.013741146974944059 0.0016198380688711598 0.007547327590699846 0.00022975755380725055 0.0029062254096968885 2.13136821896219e-05 0.001 1.2173256547208304e-06 0.001 4.5578358690511073e-08 0.001 1.5147642865262736e-09 0.001 1.8561555283168026e-11 0.001 1
176 59.4551 219.8188 4.635770356031635e-15 0.001 8.138664710569701e-12 0.001 1.710606420578821e-10 0.001 8.925919786903678e-08 0.001 2.5764748425224248e-06 0.001 2.882116492976948e-05 0.0011617052701523615 0.0003092624791183611 0.003793474509412585 0.001755269901091409 0.009379408457560547 0.006752374847000242 0.01652449251719468 0.017558216837120735 0.019766974031894143 0.0323210568601091 0.015187089618661638 0.04700485153608741 0.014783682056673558 0.06585885574264871 0.01600504523034383 0.09776749483098124 0.01634142671447672 0.14435158889670016 0.01811192142341682 0.1804307626192862 0.02402239916104046 0.17142635327112704 0.020247360956159324 0.12064609713059057 0.01839462285353747 0.06530474090034348 0.01661142877762915 0.028320209458604004 0.015280486978419359 0.011641070763508616 0.01579870719654615 0.004954682116310096 0.020134985326054226 0.0024013342122073534 0.017718647689490788 0.000885283787340064 0.01059201901980912 0.00023241967549808923 0.004430472950279079 4.2755292088897075e-05 0.0014464717041055841 3.593441785570472e-06 0.001 2.298922105380266e-07 0.001 8.40773652071841e-09 0.001 2.2331330041912677e-11 0.001 1
177 83.8473 234.0183 1.8105962608357266e-09 0.001 3.079493881907817e-08 0.001 4.5259512504536096e-07 0.001 4.768779588938134e-06 0.001 3.5626848972084176e-05 0.001 0.00021076084380466383 0.0015540071828870324 0.0009304196344017242 0.004442052497696404 0.0030426431827677643 0.009597509092518861 0.00831040818289551 0.015747910795538438 0.016459426118635063 0.01640296663548667 0.0261118648652835 0.011636782361127116 0.03666019328599283 0.013167001441270698 0.055314632445861725 0.012863354596785913 0.08877739922861405 0.00984519420457372 0.13267112203881506 0.012973894743576346 0.16459131657437837 0.018192788280241456 0.1616171779500074 0.017850229638404144 0.12360905812311658 0.012005169881143904 0.07670191387874357 0.009857421290577602 0.04410695475882264 0.013381970890053628 0.02615852418466138 0.011829582033189411 0.016909964996766915 0.011890062100691138 0.010043085608090158 0.015168365430095993 0.005083659133116896 0.01273199165117041 0.0019153187039422637 0.007227540917838007 0.0005866137060799729 0.0031083337716985796 0.00012245281082521022 0.001037074268147871 2.147911385881092e-05 0.001 2.4827253673246916e-06 0.001 2.470759294641883e-07 0.001 1
178 108.1445 211.6705 8.158128079292554e-13 0.001 4.015800375276813e-11 0.001 1.5810315972534179e-09 0.001 3.290138957984019e-08 0.001 5.848131828629454e-07 0.001 7.368972520445287e-06 0.001 5.893427631235848e-05 0.001247724719488059 0.00031047707458581536 0.004150341806022996 0.0018421209408931395 0.010116265350174555 0.005929778310465805 0.0193302208518943 0.016217369328097597 0.024062888350071674 0.03221192245808226 0.021058152593627782 0.055839359542560675 0.0187931317301515 0.09027053307246366 0.02616506738899973 0.13144103227445678 0.02719702259373151 0.17056928238387029 0.02146868072796046 0.1867727632548843 0.023006162591466817 0.1601990189981315 0.02749137653865376 0.10017872921787593 0.02907833924899618 0.04093776467766602 0.021025668762109546 0.007212925876061769 0.0224623698804498 0.0 0.026384636353976705 0.0 0.022207857789342533 0.0 0.013254658509855861 0.0 0.0055633711263085766 0.0 0.001716614635872582 0.0 0.001 0.0 0.001 0.0 0.001 4.493762877199139e-12 0.001 1
179 77.8851 229.2515 1.0164457340952264e-09 0.001 1.8775735665908167e-08 0.001 2.3964777540634715e-07 0.001 2.261450543651347e-06 0.001 1.8796142304605597e-05 0.001 0.00013880130172534884 0.0013314851088011643 0.0006303445220593706 0.003998742916827279 0.0026175098953783687 0.009129324135299969 0.007200114809347033 0.014520971559540827 0.015331411181674692 0.016341989788620222 0.026329557489557617 0.012375090365684852 0.03984373207883466 0.013736254156795424 0.0609448029282614 0.01290945950817617 0.09352827386384677 0.010038302784445376 0.1355488600254836 0.013512086554199311 0.1680935171019403 0.019150340802819937 0.1663569269920693 0.01769924366777502 0.12884826423696777 0.011829438021253441 0.07818928184625389 0.011072095958330412 0.03924411879425107 0.014252299420944614 0.0189620147853553 0.012360741615721508 0.00932535544714202 0.01419760829297016 0.005146213023556033 0.016291634873895195 0.0023879311903301707 0.012133938714971452 0.0009892079274731861 0.006265186287339557 0.00027010212639575246 0.002381581094032104 4.58693341873717e-05 0.001 5.944768846197706e-06 0.001 4.947649969030231e-07 0.001 3.253126089966058e-08 0.001 1
180 72.3062 196.1895 9.621734092917713e-16 0.001 1.071131409578018e-13 0.001 1.3839293349773551e-11 0.001 1.1310076230640895e-09 0.001 6.945371009472207e-08 0.001 1.5702742449282594e-06 0.001 2.1018435188461498e-05 0.0010862900012227803 0.00023442913466856458 0.003938160005764687 0.001659464425435443 0.010178454800551092 0.007384482759276013 0.018016089721558652 0.019600587109939834 0.021803758515337127 0.03599566498232079 0.018727844728398328 0.060365447551989054 0.018705426050576263 0.09836386112405748 0.01759545687711283 0.15096203878142708 0.019635990659237573 0.19697229761064539 0.03053970505013824 0.192367311332782 0.027716491496353995 0.13343567249346197 0.018818771591871 0.06627950269078887 0.02143951034901382 0.02444271753323866 0.019107061671682163 0.008136619364666432 0.018590697104521256 0.0028089883958010322 0.01865263902019086 0.0007578143312805195 0.012281519140402977 0.00018846284004474272 0.0056418157184053965 1.970705484476397e-05 0.0018085842162559153 2.1760656410419578e-06 0.001 9.247479634346686e-08 0.001 2.5946417228000856e-09 0.001 3.931762937131856e-11 0.001 8.362221380008764e-13 0.001 1
181 44.7084 213.8047 0.0 0.001 0.0 0.001 0.0 0.001 0.0 0.001 0.0 0.001 0.0 0.001 0.0 0.003414494406464178 0.0 0.008931608207626392 0.0 0.016719138508604674 0.0021188391897847257 0.019209172789972223 0.012369153379763782 0.013597088078266237 0.036305705052431 0.015657747930811025 0.07714191366555175 0.014446153834783301 0.12579617122810358 0.011153537643483362 0.1668035769784297 0.01626309710799391 0.18458278983690216 0.021317969731635286 0.16881242445876019 0.0166705981049107 0.12486004923163962 0.012130133971073195 0.06994144931591 0.015533185775398965 0.02631036973237305 0.015299614517155533 0.0049575579303506295 0.014394922680507884 0.0 0.02045934732646742 0.0 0.016102199063215285 0.0 0.008402866093769022 0.0 0.0029860181178155156 0.0 0.001 0.0 0.001 0.0 0.001 0.0 0.001 0.0 0.001 1
182 14.2535 224.9597 4.415751926258033e-09 0.001 8.078843814101008e-08 0.001 1.0690054156565497e-06 0.001 9.3201723165803e-06 0.001 5.892500280898069e-05 0.001 0.0003187955495822008 0.0023112532914068874 0.0014237430711759244 0.006370285407895437 0.004178987581140702 0.012342180649929733 0.008772219416847256 0.016535050191967087 0.01624468675768464 0.013407375547687728 0.026427026813555656 0.011253219876489425 0.044649938807337156 0.013782298133468016 0.07904760072162356 0.010152510260126722 0.12681067755796321 0.011585171847125195 0.16729778551813704 0.01798298006608623 0.17103158701586943 0.018949273334502886 0.13819675334625534 0.011836327126313287 0.0910488582564881 0.009910341390786934 0.05415564818012908 0.013963364631615759 0.0321365819390834 0.012695658669581545 0.019885079033021596 0.01235669271653439 0.011354602397043133 0.016857242886103435 0.004814487640316323 0.014921992859528943 0.001689544455352285 0.008330048324175957 0.0003747142559950774 0.0034014132578545782 6.209102735107843e-05 0.001 8.159931559834212e-06 0.001 9.528123403634784e-07 0.001 7.435062746415578e-08 0.001 4.178788737700791e-09 0.001 1
183 41.599 230.6019 1.067876887316216e-09 0.001 2.888082154058262e-08 0.001 4.3602844683648955e-07 0.001 5.238884669260988e-06 0.001 4.751725630406382e-05 0.001 0.0002880254254589709 0.002332150826837108 0.0012468344688700216 0.006125523013232957 0.004012874429501936 0.012300626986147688 0.009396150202268024 0.017087899335738243 0.01700857421907336 0.01601330240310282 0.025622050452547104 0.013500895779403273 0.040506381016041176 0.015267058370694588 0.06782644125634033 0.013142167684858 0.11086560149138257 0.0136451877432055 0.15366118141252408 0.017808441316112367 0.1700588376097066 0.02315594797028185 0.14777955543055973 0.016836747222576054 0.10287302222606845 0.013110733066836203 0.06212870465274263 0.013899875154416035 0.03714015068922967 0.014253339762545749 0.023976012183664557 0.01466842194629495 0.014578256597837933 0.01657100497762754 0.00718100991317117 0.015798435421202614 0.002810640058722451 0.0106616645774363 0.0007871790275255636 0.005297227412158369 0.0001700420876966448 0.0020066346735010147 2.5685967614766156e-05 0.001 3.283714295140998e-06 0.001 2.6736076582058435e-07 0.001 1.5988272822598956e-08 0.001 1
184 82.4801 201.382 7.494904526598713e-15 0.001 8.518868342535773e-13 0.001 9.048955207221894e-11 0.001 5.521103415647735e-09 0.001 2.188392111867966e-07 0.001 4.335060477778871e-06 0.001 5.930238946653506e-05 0.0011983398432609182 0.0005549713532385105 0.004153197389500112 0.0030687322951406092 0.01021435569899337 0.010366348918313246 0.01648018287028445 0.022692269554112292 0.01760042281286832 0.035850034532135804 0.014120404337073924 0.053658839782373985 0.015447938355972964 0.08565599662524633 0.012131946818051055 0.14084551454074978 0.01510952638790422 0.1912001438752198 0.02614684775414225 0.18428881551351362 0.023283534874462414 0.12565087670244574 0.013133440009448598 0.06887761137429911 0.01343145246011589 0.03681109610756055 0.01503775268086493 0.022442693807588322 0.015130812215394222 0.012036885501033679 0.016575559871276936 0.004602939446078388 0.01362561669394373 0.0011690196925414611 0.006975175175870048 0.0001511225103103626 0.0025917838312248987 1.1539115478477628e-05 0.001 6.717000079267563e-07 0.001 1.477661984959835e-08 0.001 3.685415127663899e-10 0.001 5.842896828473782e-12 0.001 1
185 30.7513 233.0381 4.885671797199326e-09 0.001 1.007384663507166e-07 0.001 1.0187369311120278e-06 0.001 7.264653328624322e-06 0.001 4.68619514698622e-05 0.001 0.00019134957193111754 0.002898908622131972 0.0004982588957898977 0.007331578631025822 0.0012923840002497398 0.013618981656014575 0.0032824817706096996 0.016889782190230285 0.008559245917202972 0.013177474831746267 0.020441940789520434 0.01099042756184743 0.04347102060995078 0.014503322158064448 0.0806449846535158 0.009859278996315203 0.12432839986823326 0.009720845726568596 0.16032996637551877 0.016520786520692915 0.16878451787483245 0.019565719895794503 0.14673772894985337 0.012617537434845588 0.10605491104959103 0.008044142346393314 0.06612658722894381 0.012468372781868076 0.0360694223254001 0.014443849984530467 0.018692173321943867 0.00958578980997229 0.00860472488072888 0.015377613063615668 0.0036467310397555034 0.017139866591178797 0.0014870983242755247 0.011315072119312243 0.0005319688434050501 0.005385108525837702 0.00013985479171478942 0.0019357414117947467 2.384652565283628e-05 0.001 4.452097628899008e-06 0.001 6.442104437998206e-07 0.001 5.511743993675273e-08 0.001 1
186 46.5286 210.5035 1.737232792020691e-13 0.001 4.0255220703806506e-11 0.001 2.2924563507359846e-09 0.001 1.0391529762761172e-07 0.001 2.643612708751749e-06 0.001 3.6433468890248326e-05 0.001 0.00034096636172940365 0.0027664677617034034 0.0018688600458946938 0.007451739773917589 0.00714801386576896 0.013573742826007651 0.016919478514628702 0.017193346401653948 0.028586852123464016 0.014121671003188934 0.04068990139836631 0.015011380903125902 0.060441230440751066 0.013339647465472889 0.10166998543015605 0.013037915029851417 0.1584522716040318 0.018335715848047468 0.18829109353223875 0.025620192977086925 0.15927301963540821 0.017808796779172686 0.10060577321372327 0.012800041918761766 0.056964828257054685 0.014874446806670796 0.03537276111435871 0.015033825657145694 0.02348499297421492 0.014949927041773853 0.013196062714030201 0.01749258281358108 0.005029546466809422 0.013449869758858445 0.001412500957462609 0.00685151036374148 0.00019473228950127788 0.002459357777329155 1.6960338455328193e-05 0.001 9.522685712453854e-07 0.001 3.240597036522349e-08 0.001 7.085532334008958e-10 0.001 9.074880534679572e-12 0.001 1
