data/processed/NGC5813-h6/hist_kins.ecsv
# %ECSV 1.0
# ---
# datatype:
# - {name: binID_dynamite, datatype: int64}
# - {name: v, datatype: float32}
# - {name: sigma, datatype: float32}
# - {name: losvd_0, datatype: float64}
# - {name: dlosvd_0, datatype: float64}
# - {name: losvd_1, datatype: float64}
# - {name: dlosvd_1, datatype: float64}
# - {name: losvd_2, datatype: float64}
# - {name: dlosvd_2, datatype: float64}
# - {name: losvd_3, datatype: float64}
# - {name: dlosvd_3, datatype: float64}
# - {name: losvd_4, datatype: float64}
# - {name: dlosvd_4, datatype: float64}
# - {name: losvd_5, datatype: float64}
# - {name: dlosvd_5, datatype: float64}
# - {name: losvd_6, datatype: float64}
# - {name: dlosvd_6, datatype: float64}
# - {name: losvd_7, datatype: float64}
# - {name: dlosvd_7, datatype: float64}
# - {name: losvd_8, datatype: float64}
# - {name: dlosvd_8, datatype: float64}
# - {name: losvd_9, datatype: float64}
# - {name: dlosvd_9, datatype: float64}
# - {name: losvd_10, datatype: float64}
# - {name: dlosvd_10, datatype: float64}
# - {name: losvd_11, datatype: float64}
# - {name: dlosvd_11, datatype: float64}
# - {name: losvd_12, datatype: float64}
# - {name: dlosvd_12, datatype: float64}
# - {name: losvd_13, datatype: float64}
# - {name: dlosvd_13, datatype: float64}
# - {name: losvd_14, datatype: float64}
# - {name: dlosvd_14, datatype: float64}
# - {name: losvd_15, datatype: float64}
# - {name: dlosvd_15, datatype: float64}
# - {name: losvd_16, datatype: float64}
# - {name: dlosvd_16, datatype: float64}
# - {name: losvd_17, datatype: float64}
# - {name: dlosvd_17, datatype: float64}
# - {name: losvd_18, datatype: float64}
# - {name: dlosvd_18, datatype: float64}
# - {name: losvd_19, datatype: float64}
# - {name: dlosvd_19, datatype: float64}
# - {name: losvd_20, datatype: float64}
# - {name: dlosvd_20, datatype: float64}
# - {name: losvd_21, datatype: float64}
# - {name: dlosvd_21, datatype: float64}
# - {name: losvd_22, datatype: float64}
# - {name: dlosvd_22, datatype: float64}
# - {name: losvd_23, datatype: float64}
# - {name: dlosvd_23, datatype: float64}
# - {name: losvd_24, datatype: float64}
# - {name: dlosvd_24, datatype: float64}
# - {name: losvd_25, datatype: float64}
# - {name: dlosvd_25, datatype: float64}
# - {name: losvd_26, datatype: float64}
# - {name: dlosvd_26, datatype: float64}
# - {name: losvd_27, datatype: float64}
# - {name: dlosvd_27, datatype: float64}
# - {name: losvd_28, datatype: float64}
# - {name: dlosvd_28, datatype: float64}
# - {name: losvd_29, datatype: float64}
# - {name: dlosvd_29, datatype: float64}
# - {name: is_good, datatype: int64}
# meta: !!omap
# - {dv: 100.0}
# - vcent: [-1450.0, -1350.0, -1250.0, -1150.0, -1050.0, -950.0, -850.0, -750.0, -650.0, -550.0, -450.0, -350.0, -250.0, -150.0, -50.0,
#     50.0, 150.0, 250.0, 350.0, 450.0, 550.0, 650.0, 750.0, 850.0, 950.0, 1050.0, 1150.0, 1250.0, 1350.0, 1450.0]
# - {nbins: 1604}
# - {nvbins: 30}
# - PSF:
#     sigma:
#     - [0.3329209608324763, 1.5030246371924072]
#     - [0.7981244701379099, 2.5355469313804813]
#     weight:
#     - [0.8112598413714794, 0.18874015862852056]
#     - [0.8646833678516875, 0.13531663214831247]
# - aperture_exprs: [_o, _s]
# schema: astropy-2.0
binID_dynamite v sigma losvd_0 dlosvd_0 losvd_1 dlosvd_1 losvd_2 dlosvd_2 losvd_3 dlosvd_3 losvd_4 dlosvd_4 losvd_5 dlosvd_5 losvd_6 dlosvd_6 losvd_7 dlosvd_7 losvd_8 dlosvd_8 losvd_9 dlosvd_9 losvd_10 dlosvd_10 losvd_11 dlosvd_11 losvd_12 dlosvd_12 losvd_13 dlosvd_13 losvd_14 dlosvd_14 losvd_15 dlosvd_15 losvd_16 dlosvd_16 losvd_17 dlosvd_17 losvd_18 dlosvd_18 losvd_19 dlosvd_19 losvd_20 dlosvd_20 losvd_21 dlosvd_21 losvd_22 dlosvd_22 losvd_23 dlosvd_23 losvd_24 dlosvd_24 losvd_25 dlosvd_25 losvd_26 dlosvd_26 losvd_27 dlosvd_27 losvd_28 dlosvd_28 losvd_29 dlosvd_29 is_good
[from data line 1180]
1181 8.6614 224.97803 6.707878220835767e-09 0.001 8.145288162899176e-08 0.001 6.690597510782162e-07 0.001 4.173687604473008e-06 0.001 2.1194190183119633e-05 0.001 4.1264660796551954e-05 0.002469354903344054 5.870266887120847e-05 0.006745424849843149 0.0 0.013037468307883056 0.00013492062028889714 0.016959199951435834 0.002731473405491489 0.012615550024025462 0.014916923828599929 0.010849201401369938 0.043925457739610665 0.013752324921740692 0.0909736488238728 0.009636989508024156 0.14284167917776197 0.01070102456216196 0.17325633541424423 0.018738246470543618 0.1681147255706749 0.01835936914104043 0.13657823982265546 0.011045119570199158 0.09528304322856013 0.008428131103510011 0.06038604249868406 0.014148664081323311 0.03522115935873923 0.012910173699945486 0.01927983963787347 0.011476303422902564 0.009897914875300071 0.017576231118180716 0.004328557640107454 0.014573268646974974 0.0014743850612001363 0.00803186893055174 0.0004185523522183475 0.003235216626500864 9.456306223971959e-05 0.001 1.4305138807504317e-05 0.001 1.936934278598935e-06 0.001 1.879929120543312e-07 0.001 1.5387912727735583e-08 0.001 1
1182 11.9453 250.64905 3.7533785982117005e-07 0.001 2.9278375235002306e-06 0.001 1.7332164757090992e-05 0.001 8.103757129914368e-05 0.001 0.0003395556307006959 0.002480957438308203 0.0011342409344509887 0.005978844436796775 0.00294056625421222 0.01113806048004514 0.005187193481194412 0.014748827849440505 0.00931173289794341 0.013378266227641124 0.01567039153907999 0.0086420266419877 0.026604335201561045 0.011660986336794354 0.049458435354550606 0.011688348024434619 0.08404369485114878 0.006386596926832043 0.12507385483218525 0.009553190316957748 0.15282364740486395 0.016377165120789072 0.1525569347716292 0.017215148221185514 0.12636737265200162 0.010878840288858521 0.08959543823043324 0.006058312298542014 0.0582032836881927 0.009704729454529118 0.03763614220148086 0.01195795259665313 0.02599532223096034 0.008806862360563132 0.017573987829058675 0.011649384211820622 0.010915835525406785 0.014699900572737358 0.005415477775485806 0.011808546279891844 0.002178619941126027 0.006764347394142899 0.0006856116821748304 0.0029978274098163733 0.00015471994246104036 0.0010627268914733738 2.704796006131232e-05 0.001 4.330246763122764e-06 0.001 5.540294334078961e-07 0.001 1
1183 -27.9068 203.56339 3.4639070259468265e-11 0.001 1.8564323772892882e-10 0.001 6.929823158923285e-10 0.001 2.5063195690385215e-07 0.001 2.07180008341311e-06 0.001 1.0953834761433271e-05 0.001342547993833972 4.386553563518135e-05 0.00465210756108032 0.0002803807692817986 0.011705233381928876 0.0011569786249953024 0.01838626590254754 0.006839288958725881 0.015923677216854788 0.022631671453426965 0.012116566870425515 0.05763697391281552 0.015240632952564226 0.11019857557672266 0.008954904067586804 0.16426128409996585 0.013520685642515656 0.19322868252311481 0.022687114162963276 0.18127527986505715 0.0167329935099869 0.1361975265316441 0.009417482455231899 0.07976902357395171 0.014384779060006736 0.03473360972519515 0.015733633020764654 0.009846477285353247 0.0118586121549689 0.00184051572914094 0.019223050891380003 4.65886549071999e-05 0.015898886081684584 0.0 0.007898879017280078 0.0 0.002559402970513012 0.0 0.001 0.0 0.001 0.0 0.001 0.0 0.001 0.0 0.001 0.0 0.001 1
1184 -11.1955 232.56554 1.572139208622789e-08 0.001 1.3673375312812548e-07 0.001 1.7163099786897872e-06 0.001 7.10925942565323e-06 0.001 4.089516855146196e-05 0.0013509945750032175 0.0001699455275767454 0.004096122265037476 0.0005234118052163428 0.009274394179122614 0.0013605728496302219 0.015372148165368213 0.004214110762491987 0.01595756718830523 0.011418277262689576 0.009907630529165858 0.026996499261593077 0.012033665595284937 0.05828471896831427 0.01255088564637296 0.10014945104270698 0.007115685176093324 0.14295040339219459 0.011497514332664507 0.16768421131023925 0.018630078898712404 0.16266246882965896 0.016925367822593018 0.13100177230396862 0.00989467613152234 0.08932712792380734 0.007972666316077896 0.05284102006655171 0.014702218940419606 0.027350915219275497 0.011139767648665626 0.013317203111535555 0.011932897743296842 0.005527602489678687 0.017687888997905087 0.0025940824432285165 0.014907893986421462 0.0011324102876415093 0.008346794066691046 0.00034747935360876617 0.00342908339232359 8.216574568586799e-05 0.0010798912298380014 1.2029887831286033e-05 0.001 2.00494367730722e-06 0.001 2.2694425359972944e-07 0.001 1.507384285860293e-08 0.001 1
1185 9.0771 220.15833 0.0 0.001 6.321046920630014e-09 0.001 2.9634418976342605e-07 0.001 3.755022827168172e-06 0.001 3.604798848623018e-05 0.001 0.00021299977088167982 0.0020393973223514794 0.0009543487531805794 0.005858975426911959 0.003246728320166092 0.012397237389359193 0.009506648406769956 0.017605141638225172 0.019735341517221602 0.013553766489672216 0.03350754847992726 0.01090068893081714 0.053438669871291394 0.014328225664374552 0.08403039877702395 0.007509151376097888 0.12602980579973763 0.008910597685046796 0.1682055736832575 0.017001640947744548 0.17925899629516895 0.019569463595322342 0.14853286351021794 0.010860477783617137 0.09516477940452933 0.007535671786294558 0.04771308885159251 0.0134756367112372 0.019465296866901977 0.011209946758305264 0.007541906729886055 0.011816402663791518 0.0029070324999582804 0.016969827721769068 0.0004451226184263779 0.013504901187262598 5.390715917985879e-05 0.006897955882053301 6.101734439672794e-06 0.0025341755160159882 2.2579698616367956e-06 0.001 4.773038297073597e-07 0.001 0.0 0.001 0.0 0.001 0.0 0.001 1
1186 19.6038 241.91747 2.9494273595019033e-08 0.001 3.5174193564971035e-07 0.001 3.433401859770126e-06 0.001 2.6172386125367878e-05 0.001 0.0001260580012957417 0.0014826454225432034 0.00035127187657150603 0.004135585763935643 0.0008912385274765704 0.009047890031685008 0.0022724350430082274 0.014422327956509426 0.004956127597784496 0.015890649368980575 0.009766745643442626 0.009385022527854657 0.020030907730848244 0.010438087899754301 0.04470515745177996 0.013003092915590507 0.08387271006051986 0.0065645018752641185 0.1294361561612641 0.008213517162714679 0.16045210709464733 0.014973819524689042 0.15935425767701916 0.016860354301020952 0.13167456828349314 0.01089118503450516 0.09466244229185093 0.0054998811482417365 0.06366741606071524 0.010290612844867698 0.04197842619109186 0.012454970749161296 0.026422119161699648 0.008418801558460086 0.014785907713255629 0.013355966916279416 0.006878634782244274 0.015304613293068392 0.002718014792685944 0.010829479142993561 0.0007715489324515751 0.0055095091869924884 0.00016114896827944516 0.0021858344693168833 3.002586352447871e-05 0.001 3.95337567779282e-06 0.001 5.596129087168937e-07 0.001 7.408026921280592e-08 0.001 1
1187 -20.1352 253.2812 5.1509901722518986e-08 0.001 0.0 0.001 0.0 0.001 0.0 0.0013502592650508362 0.0 0.0037624513811812146 0.0 0.008348466288799788 0.0 0.013807050214822736 0.0 0.017504500963964623 0.0 0.01524434049498803 0.008292456341595932 0.013261689926726028 0.035298575735576466 0.016337977739784314 0.07532466961290459 0.014017552733699055 0.11521779872280039 0.013263393956241168 0.14254384453294502 0.015429625606329905 0.15299694014498694 0.01846311164009687 0.14815002599650115 0.01787844709238802 0.13080920498357562 0.014481462523049514 0.09897016352373073 0.012996695136381596 0.06022212947877837 0.014922192644129952 0.025861068782862272 0.013980890712800863 0.006313042284833673 0.0133445298544166 0.0 0.01720807348633852 0.0 0.01738861347970911 0.0 0.012040501977204196 0.0 0.006447636063877093 0.0 0.002604055744299933 0.0 0.001 0.0 0.001 0.0 0.001 2.8349007282458284e-08 0.001 1
1188 -16.9158 233.915 0.0 0.001 0.0 0.001 0.0 0.001 0.0 0.001 0.0 0.0015046927102241293 0.0 0.004392146426555794 0.0 0.009565215808324055 0.0 0.01487484807179014 0.0016966637409085927 0.01467093653741678 0.009404550981568883 0.010223417578843272 0.026477056163505996 0.01239535478704337 0.05994030004783546 0.011752729351706008 0.10458761105176576 0.007410666822891092 0.1477582846411015 0.01163520943643001 0.16973808322316894 0.019108815609480606 0.1594618863472784 0.016145613240288736 0.12646844598243842 0.009191914171924644 0.08695519209234924 0.00777270311519896 0.054345130603306396 0.013232932713298274 0.02980099565859838 0.011564244310899958 0.015713306033882483 0.010872706639400369 0.005725489465666312 0.015831818637891105 0.0015324753428319837 0.013681383859055261 0.00035789341234873835 0.007863228676781346 3.634865912865549e-05 0.0031640890041922344 1.9840468456977545e-07 0.0010093007967218852 0.0 0.001 8.814763101149375e-08 0.001 0.0 0.001 0.0 0.001 1
1189 11.4412 206.51389 0.0 0.001 0.0 0.001 0.0 0.001 0.0 0.001 0.0 0.001 0.0 0.001 0.0 0.0036922254226772824 0.0 0.009685536023475438 0.0 0.016667127310382036 0.0006051569770476081 0.018018976569576118 0.013539123764739158 0.011808931063362883 0.04303496170327013 0.016911456426573726 0.09245448880748829 0.012476489787128585 0.14611143915609232 0.010474482884184774 0.183521581476377 0.019272003029190465 0.18814683074418612 0.020911285944277602 0.1576395159860353 0.012463955715698624 0.1052775661840251 0.01010296949853335 0.051220060287363825 0.016532688812472378 0.016140127364305604 0.012840535872323044 0.002309147549069472 0.01602379823961963 0.0 0.01854065805121547 0.0 0.011242713277468768 0.0 0.004615510024112857 0.0 0.0012917479044139335 0.0 0.001 0.0 0.001 0.0 0.001 0.0 0.001 0.0 0.001 1
1190 -24.8157 228.38843 0.0 0.001 0.0 0.001 0.0 0.001 0.0 0.001 0.0 0.0014523823964753299 0.0 0.004648382779763073 0.0 0.010717279076487661 0.0 0.017780085447282462 0.0 0.017949810264550448 0.0 0.011299154795678843 0.01701481254917741 0.013864814636942427 0.06659202450791801 0.01471643029167138 0.12365100288582113 0.008574862963695196 0.1609749265470825 0.01392592570083051 0.1686490759539327 0.019999758619881527 0.15615725853905152 0.016676623087074835 0.13072323808460476 0.009906938358625952 0.09532368569817325 0.010324619580602441 0.05553988705023741 0.015580300590991702 0.021630715397493235 0.011165323106351769 0.003743372786508205 0.014380158528607296 0.0 0.01909656675269401 0.0 0.014006658023818421 0.0 0.0071023062252672416 0.0 0.0026911023894395734 0.0 0.001 0.0 0.001 0.0 0.001 0.0 0.001 0.0 0.001 1
1191 -3.0095 237.79622 5.074928498870267e-08 0.001 5.707513763094358e-07 0.001 5.67287904675915e-06 0.001 4.22211787311004e-05 0.001 0.00025201142763765636 0.0015261558927681007 0.0011407653294561837 0.004277748594273666 0.004219106650908836 0.009202838962805725 0.010252142491568686 0.014598922452688484 0.020607289353249257 0.01498595083202456 0.033678524970414354 0.010285686459579117 0.045994542769649246 0.012151413809641354 0.06001308950464641 0.012485362931369683 0.08282088945396011 0.0077362275715271225 0.11943421505281307 0.010876124279045232 0.1567249213318644 0.016444723323018814 0.1676361216780299 0.017288148974271805 0.14048128548462016 0.011080054387694688 0.09104558540162717 0.008661691521423605 0.04518092833210693 0.013404230492088741 0.01579026050783095 0.01122342154537301 0.004451371091197529 0.009784774071635725 0.00022843360998010232 0.015170423982310936 0.0 0.013757116639963885 0.0 0.008709638177391545 0.0 0.003997153838000118 0.0 0.0014162494221957723 0.0 0.001 0.0 0.001 0.0 0.001 0.0 0.001 1
1192 16.7156 252.7164 1.50855500525128e-07 0.001 1.2471350844741183e-06 0.001 6.87181242059929e-06 0.001 5.313534044528093e-05 0.001 0.00025393581543724654 0.00240000466225018 0.0009235492830063291 0.0057311840017550825 0.0028653955535611407 0.010415435975232267 0.0075018676834314475 0.014724830085595733 0.014403782625793733 0.013062848130988788 0.02385297212608326 0.009047439570202041 0.035477748528566735 0.011758310336550297 0.05235618906176812 0.01168839548530523 0.07915986769451645 0.008277510374513242 0.11533431055336174 0.009628891769441268 0.14711693582186006 0.01601310345879632 0.15603654878447765 0.017084316144749215 0.13493841519389507 0.011534880775140102 0.09532919838460575 0.008247664273854358 0.05791120530079077 0.010659753747734316 0.03306152576207554 0.012448500585791973 0.01952090888999556 0.009298449928684772 0.012314576810173708 0.011945701228196333 0.006685575077625916 0.015648541731605167 0.0031884661033292623 0.0128280977113957 0.0012473470716412361 0.007545007060650305 0.0003619033023211849 0.0033365922194460744 7.759669217358208e-05 0.0011962536236061897 1.6117001538336205e-05 0.001 2.362331394762973e-06 0.001 2.9340312456545545e-07 0.001 1
1193 -6.6988 236.036 1.811512837145603e-08 0.001 2.563132341208504e-07 0.001 3.1454309267853212e-06 0.001 2.786534903961139e-05 0.001 0.00016980323372819004 0.0014541149638843931 0.0007625405816171463 0.0041053147497383 0.0026989480744435534 0.00906990218515368 0.006841767966371818 0.014754881429057107 0.015269899456805678 0.016000959002103035 0.02558377355363082 0.010667589999090605 0.036094046322020096 0.012146027561509756 0.054313606574770794 0.012758398524189637 0.08452798270113568 0.008965712812179824 0.12755476657370873 0.011987080881242979 0.16300403396649482 0.01845181056512224 0.16405124604802046 0.017395118333198026 0.12869676487974016 0.011176532800159074 0.0812582580763029 0.0096845696437316 0.04655954159466719 0.012291299436492494 0.027352597341257084 0.011738323122207343 0.01747151559055534 0.011549493565910354 0.01064942151620749 0.01566928530219635 0.004926786502967103 0.013321662830748596 0.0016546882572023372 0.00784333399543155 0.0004230550657459513 0.0035037337988507175 8.992709713116704e-05 0.0011675264005070627 1.244570040213738e-05 0.001 1.2148017462331812e-06 0.001 7.943748595525574e-08 0.001 3.877511980814532e-09 0.001 1
1194 30.3491 215.55492 2.690122600933414e-10 0.001 2.3805860346739376e-09 0.001 1.7214010887354896e-08 0.001 0.0 0.001 0.0 0.001 0.0 0.0012982528045574356 0.0 0.004400319679529864 0.0 0.010689537926496613 0.0 0.01776765824237525 0.0 0.017935514337093676 0.004817569011564743 0.010982814657292894 0.034882108739096224 0.015970252435119556 0.08677950766958038 0.012949596035173781 0.14056128709160945 0.010309228427327136 0.17503548935300062 0.01668808315979664 0.17901206268639616 0.02086337497486289 0.15810059032829366 0.013599284703424239 0.11771657195279167 0.008957921523920158 0.06850410660853716 0.014217548548422478 0.027975985483989083 0.014012223330858725 0.006614692347953083 0.012427670016724566 0.0 0.017293247156514053 0.0 0.01496991429721304 0.0 0.007809805562373927 0.0 0.00283707212665041 0.0 0.001 0.0 0.001 0.0 0.001 8.384731029157695e-09 0.001 4.788475452223814e-10 0.001 1
