data/processed/NGC5813-h6/hist_kins.ecsv
# %ECSV 1.0
# ---
# datatype:
# - {name: binID_dynamite, datatype: int64}
# - {name: v, datatype: float32}
# - {name: sigma, datatype: float32}
# - {name: losvd_0, datatype: float64}
# - {name: dlosvd_0, datatype: float64}
# - {name: losvd_1, datatype: float64}
# - {name: dlosvd_1, datatype: float64}
# - {name: losvd_2, datatype: float64}
# - {name: dlosvd_2, datatype: float64}
# - {name: losvd_3, datatype: float64}
# - {name: dlosvd_3, datatype: float64}
# - {name: losvd_4, datatype: float64}
# - {name: dlosvd_4, datatype: float64}
# - {name: losvd_5, datatype: float64}
# - {name: dlosvd_5, datatype: float64}
# - {name: losvd_6, datatype: float64}
# - {name: dlosvd_6, datatype: float64}
# - {name: losvd_7, datatype: float64}
# - {name: dlosvd_7, datatype: float64}
# - {name: losvd_8, datatype: float64}
# - {name: dlosvd_8, datatype: float64}
# - {name: losvd_9, datatype: float64}
# - {name: dlosvd_9, datatype: float64}
# - {name: losvd_10, datatype: float64}
# - {name: dlosvd_10, datatype: float64}
# - {name: losvd_11, datatype: float64}
# - {name: dlosvd_11, datatype: float64}
# - {name: losvd_12, datatype: float64}
# - {name: dlosvd_12, datatype: float64}
# - {name: losvd_13, datatype: float64}
# - {name: dlosvd_13, datatype: float64}
# - {name: losvd_14, datatype: float64}
# - {name: dlosvd_14, datatype: float64}
# - {name: losvd_15, datatype: float64}
# - {name: dlosvd_15, datatype: float64}
# - {name: losvd_16, datatype: float64}
# - {name: dlosvd_16, datatype: float64}
# - {name: losvd_17, datatype: float64}
# - {name: dlosvd_17, datatype: float64}
# - {name: losvd_18, datatype: float64}
# - {name: dlosvd_18, datatype: float64}
# - {name: losvd_19, datatype: float64}
# - {name: dlosvd_19, datatype: float64}
# - {name: losvd_20, datatype: float64}
# - {name: dlosvd_20, datatype: float64}
# - {name: losvd_21, datatype: float64}
# - {name: dlosvd_21, datatype: float64}
# - {name: losvd_22, datatype: float64}
# - {name: dlosvd_22, datatype: float64}
# - {name: losvd_23, datatype: float64}
# - {name: dlosvd_23, datatype: float64}
# - {name: losvd_24, datatype: float64}
# - {name: dlosvd_24, datatype: float64}
# - {name: losvd_25, datatype: float64}
# - {name: dlosvd_25, datatype: float64}
# - {name: losvd_26, datatype: float64}
# - {name: dlosvd_26, datatype: float64}
# - {name: losvd_27, datatype: float64}
# - {name: dlosvd_27, datatype: float64}
# - {name: losvd_28, datatype: float64}
# - {name: dlosvd_28, datatype: float64}
# - {name: losvd_29, datatype: float64}
# - {name: dlosvd_29, datatype: float64}
# - {name: is_good, datatype: int64}
# meta: !!omap
# - {dv: 100.0}
# - vcent: [-1450.0, -1350.0, -1250.0, -1150.0, -1050.0, -950.0, -850.0, -750.0, -650.0, -550.0, -450.0, -350.0, -250.0, -150.0, -50.0,
#     50.0, 150.0, 250.0, 350.0, 450.0, 550.0, 650.0, 750.0, 850.0, 950.0, 1050.0, 1150.0, 1250.0, 1350.0, 1450.0]
# - {nbins: 1604}
# - {nvbins: 30}
# - PSF:
#     sigma:
#     - [0.3329209608324763, 1.5030246371924072]
#     - [0.7981244701379099, 2.5355469313804813]
#     weight:
#     - [0.8112598413714794, 0.18874015862852056]
#     - [0.8646833678516875, 0.13531663214831247]
# - aperture_exprs: [_o, _s]
# schema: astropy-2.0
binID_dynamite v sigma losvd_0 dlosvd_0 losvd_1 dlosvd_1 losvd_2 dlosvd_2 losvd_3 dlosvd_3 losvd_4 dlosvd_4 losvd_5 dlosvd_5 losvd_6 dlosvd_6 losvd_7 dlosvd_7 losvd_8 dlosvd_8 losvd_9 dlosvd_9 losvd_10 dlosvd_10 losvd_11 dlosvd_11 losvd_12 dlosvd_12 losvd_13 dlosvd_13 losvd_14 dlosvd_14 losvd_15 dlosvd_15 losvd_16 dlosvd_16 losvd_17 dlosvd_17 losvd_18 dlosvd_18 losvd_19 dlosvd_19 losvd_20 dlosvd_20 losvd_21 dlosvd_21 losvd_22 dlosvd_22 losvd_23 dlosvd_23 losvd_24 dlosvd_24 losvd_25 dlosvd_25 losvd_26 dlosvd_26 losvd_27 dlosvd_27 losvd_28 dlosvd_28 losvd_29 dlosvd_29 is_good
[from data line 702]
703 -52.2378 229.8071 0.0 0.001 0.0 0.001 0.0 0.001 0.0 0.001 3.5075174498659675e-06 0.0019246702374713235 0.00026177142212036367 0.005454293539211869 0.0011670738873030765 0.01101444684405964 0.003404946591964028 0.015160246251519169 0.008418246519107293 0.012804428591042031 0.018627413517242803 0.007489213868652132 0.03753754963378508 0.01263039040316741 0.07040307444951377 0.008757151176429924 0.11565232178274479 0.004757047143527315 0.15782507737228377 0.012997163753769775 0.17308439153019545 0.017100275545480936 0.152161451964643 0.011505377200690975 0.10997983519928993 0.004687528728012785 0.06990312247566745 0.009517881393033362 0.04127715325103291 0.013160991950744255 0.02289157196929753 0.007462138335608303 0.011011837828063496 0.01436980803442332 0.004658823428203739 0.016257542450585714 0.0013953157961134222 0.011311749886735641 0.0003034579181971122 0.005374070365701711 3.2055945781162565e-05 0.0018715534513748403 0.0 0.001 0.0 0.001 0.0 0.001 0.0 0.001 0.0 0.001 1
704 -51.6761 214.30226 8.213146371478664e-09 0.001 1.0683468938549499e-07 0.001 1.0783010444301205e-06 0.001 8.406584307619693e-06 0.001 6.48674855047907e-05 0.001 0.0003031175224389645 0.0031373998390188977 0.001195702878883947 0.008518010712820951 0.0036508705738354926 0.01550137589683084 0.008672314660571178 0.016653804592730154 0.017485733074383673 0.008939113649044792 0.03302039419766791 0.012683283379481823 0.06451320950450548 0.011865591994762566 0.11344963967596754 0.004870693373079063 0.16405259813559483 0.012497759922519072 0.1835433327023211 0.019433532365523157 0.1580913389961809 0.012372091079524014 0.10840841387236715 0.0044959427657072296 0.06539585282533977 0.011952760314918879 0.038348515029390455 0.01282085368530985 0.022021697706230914 0.009421665300680535 0.01161941341115502 0.01717422917830179 0.00450278969982515 0.015394257515047685 0.0012558201166558054 0.0083232652794543 0.00032004888729442486 0.0030919481603064146 6.424925785037185e-05 0.001 9.454839003665486e-06 0.001 9.425888617367084e-07 0.001 7.512325526264251e-08 0.001 6.831047278339269e-09 0.001 4.706796947823401e-10 0.001 1
705 -32.696 210.83968 2.468395618039483e-09 0.001 4.0313596340542095e-08 0.001 5.632948861030033e-07 0.001 4.912318942548815e-06 0.001 3.1105619728975624e-05 0.001 0.00017792274461286934 0.0022004954198483096 0.0007732946825354873 0.006661758912019556 0.0028584204129015324 0.014165442555857095 0.006413829518937061 0.018425986014414274 0.012719313563034896 0.011692902243660014 0.025736619109525974 0.01093863434290687 0.05417858761339698 0.013459342240865896 0.10392819812119009 0.005328853539815881 0.1604139491233456 0.010988067785758365 0.18793622765600532 0.019854791392437607 0.16522548502046452 0.015002475622923034 0.11646553986948635 0.005980042383083396 0.07282309178408854 0.011001057588624713 0.044590659694303834 0.013773325833556754 0.02612730093780057 0.009121141044778696 0.012624072345593552 0.016464105870832153 0.0050445254814413 0.015761428159119267 0.0015308135292740061 0.00849441037731636 0.0003196901186576815 0.003210280096058945 6.504821578117021e-05 0.001 9.892650193147442e-06 0.001 8.228865015763817e-07 0.001 6.804541426692458e-08 0.001 2.8536032772181464e-09 0.001 6.360969724301175e-12 0.001 1
706 -17.3217 229.08478 0.0 0.001 0.0 0.001 0.0 0.001 0.0 0.001 0.0 0.0013278189839385011 0.0 0.0041854884733565235 0.0 0.009488483236978155 0.0 0.015684813903562043 7.184066183275596e-05 0.016450144077670738 0.004534806381782288 0.008728713929433892 0.020774865741343688 0.011828520751029335 0.05397553158304769 0.011917449592327527 0.10365302264666172 0.005197876716399132 0.15200499657715433 0.010563890635098216 0.17474168469515713 0.018606142171124593 0.15845860921831664 0.015876426419118794 0.1197457371621436 0.007556957097418396 0.08253738056961159 0.006697247409998636 0.05572616719000883 0.013873210955155611 0.036790429494896346 0.010359847275975583 0.02140050990593684 0.011264957523379554 0.010351989397623258 0.016373845892169253 0.003914022432965435 0.013494703528375361 0.0010623812465895637 0.007260948411248703 0.00021921108136529815 0.0028387819501898576 3.3607640165102994e-05 0.001 2.971508694267473e-06 0.001 2.3486470354325063e-07 0.001 0.0 0.001 0.0 0.001 1
707 -22.1154 234.32806 6.251587654575339e-08 0.001 6.462004250686129e-07 0.001 5.255701648652994e-06 0.001 2.8316815415881726e-05 0.001 0.00012014797379346398 0.0016703723886511022 0.0003714091509895707 0.004812794234456165 0.001012500601293574 0.010244641593792 0.002369602068683073 0.015235254321470649 0.0053742818611969435 0.014095845023469595 0.011303879033458761 0.007905482932184873 0.026717706356163218 0.011894386669333 0.05811675487656226 0.01064788738795898 0.10419851992274778 0.004050454903527616 0.14855559243837047 0.010476665339080093 0.16933255355529606 0.017565356064647125 0.15574392442947502 0.014512381633468227 0.11998923641788226 0.006961513353064296 0.08207210405483895 0.006168326321942745 0.05238029999933451 0.013185271406570817 0.03210782877609516 0.010058928941446976 0.017510408095589913 0.010279125636121928 0.008493563792778939 0.01593559311993345 0.0030214090338775714 0.013732736173673533 0.0008744359203690061 0.007808502381916454 0.00023420232018979924 0.0032036575139180326 5.4586512360497625e-05 0.001 9.153169581845144e-06 0.001 1.4853993826096072e-06 0.001 1.1735573545456971e-07 0.001 1.5650587066366987e-08 0.001 1
708 -10.3887 222.00003 0.0 0.001 1.500621132557368e-08 0.001 3.7441859346403347e-07 0.001 6.221500694767795e-06 0.001 4.4998685160640895e-05 0.001 0.00024638399581001016 0.002677367277726629 0.0011961868672570996 0.0072258895062805835 0.003445197250449999 0.013766511049423433 0.00868260527350642 0.016805018586251417 0.016832294389560187 0.011575416924861833 0.03098198104096526 0.0110622527876093 0.05374975972726111 0.013066460188976156 0.09214636882378487 0.005976406647540997 0.1403814588996947 0.00938403005649878 0.1755761164119289 0.01762422316502127 0.17051248186878043 0.016276380942615937 0.13144828766038882 0.007819587763834367 0.0832685296217325 0.007458057569243483 0.04700628952016301 0.013781945741956281 0.024640638616588186 0.009374661594352941 0.012629185318010319 0.012976013242616422 0.005160708402699244 0.01692378284528866 0.0015987099300867526 0.012608193256152617 0.00035991837767030554 0.00607001556767176 7.860571754310696e-05 0.0021402006800955893 6.042421355005701e-06 0.001 6.402541036389908e-07 0.001 0.0 0.001 0.0 0.001 0.0 0.001 1
709 -0.212 192.69798 1.5200185770585406e-11 0.001 5.181755717161138e-10 0.001 1.3886742481085176e-08 0.001 2.4538853923587363e-07 0.001 3.6306863257039886e-06 0.001 3.7381240634355744e-05 0.001 0.0002552233366828701 0.001919334259140505 0.0011879122942651458 0.006548070512772184 0.0038649813896569052 0.014247804290642107 0.009826716742313262 0.018587264224518053 0.020080875346448417 0.011149940546381874 0.03849223287027115 0.014204026932292389 0.07885909970923381 0.011389854006306196 0.14366046592374063 0.008908325109100973 0.19741520670962262 0.018835391285249886 0.1918806743584899 0.018359471380659992 0.1361872528867669 0.008783239504270138 0.07987235827665881 0.011551396687815185 0.04731526377136719 0.015087575766706243 0.02838332016543782 0.011202368076666934 0.014773671685648844 0.018723382002124724 0.0059094794180448 0.015146311478602925 0.0016207384402543094 0.006810425534039428 0.00031904391776473517 0.001979243541105844 4.9041214142408226e-05 0.001 4.8220550646152775e-06 0.001 3.330713665069483e-07 0.001 1.408432887493716e-08 0.001 5.833849649767323e-10 0.001 1.3427049367935253e-11 0.001 1
710 -3.6926 206.71318 0.0 0.001 0.0 0.001 0.0 0.001 0.0 0.001 0.0 0.001 0.0 0.0012100416175074833 0.0 0.004409892809676186 0.0 0.010927761382781181 0.0 0.018498614964976748 0.003103877761148502 0.017570178980336575 0.015822536497091637 0.011572079509104015 0.0462380425013812 0.01591770441605413 0.09702028842259984 0.01069020802218714 0.1523855724100243 0.010354595306661107 0.18876160948133228 0.01939462747581333 0.18394051601306716 0.01947714757211351 0.1446041701342784 0.010481568329508792 0.09273449174282519 0.011193291666362827 0.048658560221180036 0.016059550762266263 0.020081723431863593 0.010399424906969806 0.006095036171133039 0.017729331023532195 0.0005535752120748718 0.01749438811191425 0.0 0.010392969897336863 0.0 0.003981762892898737 0.0 0.001089706107329383 0.0 0.001 0.0 0.001 0.0 0.001 0.0 0.001 0.0 0.001 1
711 19.5701 227.1153 0.0 0.001 0.0 0.001 0.0 0.001 0.0 0.001 0.0 0.001 0.0 0.002553318550518543 0.0 0.006887638829007914 0.0 0.013569249279116059 0.0 0.018394540841235645 0.0 0.013159659686932779 0.014641501120657017 0.011033483907892635 0.046099775978684976 0.014741900885866011 0.09255553588259165 0.00971314664523338 0.13897032291742134 0.01015231270473499 0.16866811028552398 0.017729933481498344 0.17143842131639087 0.018913757514850152 0.14719367906096065 0.01221476689253495 0.10795099618700674 0.008059042322489433 0.06632206605458278 0.014535535199085691 0.032322481009867086 0.013321349994498419 0.011660019457856672 0.011050303342238998 0.002177090728456118 0.018219433275313557 0.0 0.016646443449350963 0.0 0.009857412575476728 0.0 0.003970973559777534 0.0 0.001237814080583503 0.0 0.001 0.0 0.001 0.0 0.001 0.0 0.001 1
712 1.6077 233.72789 1.333772496205759e-10 0.001 0.0 0.001 1.7035518537263354e-07 0.001 0.0 0.001 0.0 0.0011883515183521414 0.0 0.00367335878122582 0.0 0.00850623533250492 0.0 0.014350128952495045 0.0011744047513162605 0.015502030043816985 0.006586625101692576 0.00933358363869984 0.023667251691465687 0.011132750484635738 0.05634445804842202 0.012942844653662036 0.1010918831953821 0.005663787902225381 0.14266828578685567 0.009516655367381041 0.1660848990774594 0.01679555797289123 0.16466852175411684 0.016833805554198264 0.14121114924088035 0.009483630408651578 0.1023740229768243 0.005257873571444728 0.060143296425399506 0.012942097652978796 0.026242203230114163 0.011611289329336052 0.0077428282315085565 0.009438655766332267 0.0 0.016576029964267013 0.0 0.015322867704102398 0.0 0.009149221896039967 0.0 0.003881925767601338 0.0 0.0012836952063542974 0.0 0.001 0.0 0.001 0.0 0.001 0.0 0.001 1
713 23.5729 235.77277 3.9942836717497525e-08 0.001 3.2756533121663997e-07 0.001 2.3787873665889108e-06 0.001 1.329626573523736e-05 0.001 7.032087460034549e-05 0.0010227089738383023 0.0003148737330824724 0.003202140731381361 0.0012706247509742558 0.00759342137205634 0.003923172940527186 0.01318278904064051 0.00938726591637333 0.015265795009203657 0.01828926908604009 0.009893797921722715 0.030666720408128897 0.010152945213977953 0.0504193747840443 0.012681379129272575 0.07921762103091677 0.006510663041630449 0.11819249291734259 0.007285866121926693 0.15494161721344546 0.015140843185115244 0.16795046723957388 0.016955604102282654 0.14584005686104004 0.010478151440547312 0.10193327215385288 0.004822090682193171 0.05911247380034951 0.010669697615781362 0.03025565463968799 0.012787325452666977 0.014706649176426789 0.007490087482510059 0.007543948243467744 0.014298251619818356 0.003657637818679555 0.01622855950111328 0.001572814970571182 0.011082071902909982 0.0005308728414648755 0.005391189381929432 0.00014732954172757483 0.001959994272518203 3.3392819326639325e-05 0.001 5.287896395597685e-06 0.001 6.639451281252636e-07 0.001 8.183556252459555e-08 0.001 1
714 30.7471 217.03206 1.8662336584966276e-09 0.001 3.086090287609711e-08 0.001 4.3240610387435605e-07 0.001 3.965316820670692e-06 0.001 3.539865229901899e-05 0.001 0.00018090575634481873 0.0012693819140791847 0.0008066671228607677 0.00424804360853612 0.0028047704099462 0.0101612420831735 0.00784643268325023 0.016340229194985005 0.017947742760712128 0.015473187061911056 0.033391885387212925 0.00896269997573825 0.05235772496165035 0.014319301793880978 0.07738878095114289 0.009724057573368479 0.11389864457952763 0.006988264393617376 0.1580317709088012 0.01522136907155408 0.18293439657101615 0.019397879775447713 0.16431238387402727 0.012011825439682933 0.10915223051849088 0.00629594347146626 0.052512210514754847 0.012958652400252513 0.01705590135351094 0.011009072090295911 0.004679676478372 0.010316882670992487 0.002123677890082282 0.017480789571483538 0.0014983873222525496 0.01473271601885841 0.0006690184571675018 0.007671836571353128 0.00028342307115457294 0.0027725328629322763 6.948028849436728e-05 0.001 1.2440979196727443e-05 0.001 1.4830008096560803e-06 0.001 1.2504525400073468e-07 0.001 1.0011606998078728e-08 0.001 1
715 55.7515 211.67264 2.1160587573481068e-10 0.001 4.447549191418365e-09 0.001 8.244926648797762e-08 0.001 1.0916048908445058e-06 0.001 1.0374435143635825e-05 0.001 8.211605909302946e-05 0.001 0.00043601486591544365 0.0025713978415996958 0.0020008435692218567 0.007337401401766346 0.0066752836805363406 0.014504684353761586 0.016373590094776732 0.017268614646313973 0.03203318069457812 0.009906034997776434 0.04944136031999166 0.012923280433923077 0.06932881674953026 0.012429477939255511 0.10076092293609817 0.004927821576505759 0.14821717622605074 0.011730278509491182 0.1853575877332427 0.01950000004551178 0.17757312557082133 0.0140146034604188 0.12418118019243482 0.005127496742982289 0.06187551917368523 0.011535931565907105 0.02111263114336039 0.012799739049058458 0.004522712235727574 0.00858432713389527 1.6385606479568527e-05 0.016888103252225395 0.0 0.015051079454939026 0.0 0.008133703223492958 0.0 0.0029765961999196257 0.0 0.001 0.0 0.001 0.0 0.001 0.0 0.001 0.0 0.001 1
716 58.635 212.62204 4.868456008997922e-10 0.001 1.1253544381807967e-08 0.001 1.8140070875696828e-07 0.001 2.191697478145352e-06 0.001 2.009704598676135e-05 0.001 0.00013540889981766455 0.001 0.000700211587574218 0.002528853936595697 0.0030597107996366067 0.007158939695489804 0.00963507695180894 0.014113834740839996 0.021024476444082472 0.01701457483506922 0.03611303734646301 0.009459484120196999 0.05008368177614607 0.012799670542592439 0.06374818839674712 0.012658738289460035 0.09271709333058133 0.005189090041995102 0.14226484609307846 0.010119857702845916 0.18266269952116784 0.01922231008416686 0.1734897021836542 0.014321052937296158 0.11784620484121724 0.005126585285077298 0.058085389472313155 0.010059311034828346 0.02399113952143203 0.012125289284778826 0.01160644713860774 0.008043849773655165 0.007188566560620038 0.014649273586768857 0.0036891519180091625 0.014176774143813686 0.0014248876328327154 0.007907067737351038 0.00040870345333346637 0.0029236657519453335 8.682020545932724e-05 0.001 1.4172318908360558e-05 0.001 1.7468358096628996e-06 0.001 1.4549201485903322e-07 0.001 9.39412085776871e-09 0.001 1
717 78.4968 200.44289 2.4738740066549136e-11 0.001 8.030525943785817e-10 0.001 1.834842770045476e-08 0.001 3.320174884763204e-07 0.001 4.364514802959994e-06 0.001 4.0152033084922915e-05 0.001 0.0002728716695707387 0.001 0.001371159519907635 0.003613460742225786 0.0052391072970844835 0.00972562198434153 0.014557071805327943 0.016845016135731642 0.029158558984089467 0.014942931492208704 0.04455826303055515 0.00936549995842869 0.057520984691981775 0.014798373791022962 0.08372340272359488 0.006848688118230972 0.13599581095186408 0.00949230833485308 0.1888726569764039 0.018267077214001615 0.1859932366282698 0.015936691540491252 0.12669453798553215 0.005965911318940309 0.06211467583036657 0.011378443270654442 0.028023674860754976 0.012097371713957611 0.01726358899796048 0.010101613719936908 0.011127723030951341 0.017711613476536936 0.0052812256359134726 0.014390688245755918 0.001701064630415988 0.0068960086391146825 0.00039862310255033364 0.0021425786230713853 7.613407982467732e-05 0.001 9.714400406557139e-06 0.001 9.696445225921556e-07 0.001 7.180156891788177e-08 0.001 3.978986798630902e-09 0.001 1
