data/processed/NGC5813-h6/hist_kins.ecsv
# %ECSV 1.0
# ---
# datatype:
# - {name: binID_dynamite, datatype: int64}
# - {name: v, datatype: float32}
# - {name: sigma, datatype: float32}
# - {name: losvd_0, datatype: float64}
# - {name: dlosvd_0, datatype: float64}
# - {name: losvd_1, datatype: float64}
# - {name: dlosvd_1, datatype: float64}
# - {name: losvd_2, datatype: float64}
# - {name: dlosvd_2, datatype: float64}
# - {name: losvd_3, datatype: float64}
# - {name: dlosvd_3, datatype: float64}
# - {name: losvd_4, datatype: float64}
# - {name: dlosvd_4, datatype: float64}
# - {name: losvd_5, datatype: float64}
# - {name: dlosvd_5, datatype: float64}
# - {name: losvd_6, datatype: float64}
# - {name: dlosvd_6, datatype: float64}
# - {name: losvd_7, datatype: float64}
# - {name: dlosvd_7, datatype: float64}
# - {name: losvd_8, datatype: float64}
# - {name: dlosvd_8, datatype: float64}
# - {name: losvd_9, datatype: float64}
# - {name: dlosvd_9, datatype: float64}
# - {name: losvd_10, datatype: float64}
# - {name: dlosvd_10, datatype: float64}
# - {name: losvd_11, datatype: float64}
# - {name: dlosvd_11, datatype: float64}
# - {name: losvd_12, datatype: float64}
# - {name: dlosvd_12, datatype: float64}
# - {name: losvd_13, datatype: float64}
# - {name: dlosvd_13, datatype: float64}
# - {name: losvd_14, datatype: float64}
# - {name: dlosvd_14, datatype: float64}
# - {name: losvd_15, datatype: float64}
# - {name: dlosvd_15, datatype: float64}
# - {name: losvd_16, datatype: float64}
# - {name: dlosvd_16, datatype: float64}
# - {name: losvd_17, datatype: float64}
# - {name: dlosvd_17, datatype: float64}
# - {name: losvd_18, datatype: float64}
# - {name: dlosvd_18, datatype: float64}
# - {name: losvd_19, datatype: float64}
# - {name: dlosvd_19, datatype: float64}
# - {name: losvd_20, datatype: float64}
# - {name: dlosvd_20, datatype: float64}
# - {name: losvd_21, datatype: float64}
# - {name: dlosvd_21, datatype: float64}
# - {name: losvd_22, datatype: float64}
# - {name: dlosvd_22, datatype: float64}
# - {name: losvd_23, datatype: float64}
# - {name: dlosvd_23, datatype: float64}
# - {name: losvd_24, datatype: float64}
# - {name: dlosvd_24, datatype: float64}
# - {name: losvd_25, datatype: float64}
# - {name: dlosvd_25, datatype: float64}
# - {name: losvd_26, datatype: float64}
# - {name: dlosvd_26, datatype: float64}
# - {name: losvd_27, datatype: float64}
# - {name: dlosvd_27, datatype: float64}
# - {name: losvd_28, datatype: float64}
# - {name: dlosvd_28, datatype: float64}
# - {name: losvd_29, datatype: float64}
# - {name: dlosvd_29, datatype: float64}
# - {name: is_good, datatype: int64}
# meta: !!omap
# - {dv: 100.0}
# - vcent: [-1450.0, -1350.0, -1250.0, -1150.0, -1050.0, -950.0, -850.0, -750.0, -650.0, -550.0, -450.0, -350.0, -250.0, -150.0, -50.0,
#     50.0, 150.0, 250.0, 350.0, 450.0, 550.0, 650.0, 750.0, 850.0, 950.0, 1050.0, 1150.0, 1250.0, 1350.0, 1450.0]
# - {nbins: 1604}
# - {nvbins: 30}
# - PSF:
#     sigma:
#     - [0.3329209608324763, 1.5030246371924072]
#     - [0.7981244701379099, 2.5355469313804813]
#     weight:
#     - [0.8112598413714794, 0.18874015862852056]
#     - [0.8646833678516875, 0.13531663214831247]
# - aperture_exprs: [_o, _s]
# schema: astropy-2.0
binID_dynamite v sigma losvd_0 dlosvd_0 losvd_1 dlosvd_1 losvd_2 dlosvd_2 losvd_3 dlosvd_3 losvd_4 dlosvd_4 losvd_5 dlosvd_5 losvd_6 dlosvd_6 losvd_7 dlosvd_7 losvd_8 dlosvd_8 losvd_9 dlosvd_9 losvd_10 dlosvd_10 losvd_11 dlosvd_11 losvd_12 dlosvd_12 losvd_13 dlosvd_13 losvd_14 dlosvd_14 losvd_15 dlosvd_15 losvd_16 dlosvd_16 losvd_17 dlosvd_17 losvd_18 dlosvd_18 losvd_19 dlosvd_19 losvd_20 dlosvd_20 losvd_21 dlosvd_21 losvd_22 dlosvd_22 losvd_23 dlosvd_23 losvd_24 dlosvd_24 losvd_25 dlosvd_25 losvd_26 dlosvd_26 losvd_27 dlosvd_27 losvd_28 dlosvd_28 losvd_29 dlosvd_29 is_good
[from data line 940]
941 -15.9256 230.62997 5.2020180695184515e-09 0.001 6.436655917199623e-08 0.001 0.0 0.001 0.0 0.001 0.0 0.00127572092304665 0.0 0.00391449168014625 0.0 0.009062302988359434 0.0004418211817259415 0.014840399780677551 0.0023456520226285377 0.015049128562438615 0.00895918563377306 0.008235892694091163 0.025137818263497567 0.011377558410048685 0.0576218852133292 0.011749089297064249 0.10312197809527819 0.005101857579313071 0.14815759439797846 0.010005185075101855 0.17071441732786144 0.017724368347703273 0.16104975811596417 0.015578659915855164 0.1266329334433606 0.007439309182411029 0.086180326795152 0.006629607973154941 0.0522702957374064 0.012970079341647286 0.029741612541350552 0.009576147739068949 0.015920879207258994 0.010504863552671384 0.007245275062996757 0.015957676278928447 0.0029937597206482363 0.013410932744477942 0.001043725167141326 0.007553850310320378 0.00032818928376853086 0.0029951126304037356 7.71707462162879e-05 0.001 1.3520157782079112e-05 0.001 1.8832652269999867e-06 0.001 2.28730384711862e-07 0.001 2.032069264312877e-08 0.001 1
942 -5.9913 248.89073 0.0 0.001 0.0 0.001 0.0 0.001 0.0 0.001 0.0 0.002886973298302769 0.0 0.007116197855335757 0.0 0.013084155000221798 0.0 0.016690807972506827 0.0016385679577756037 0.013366889621331743 0.011932271286503142 0.007588859490532406 0.03404588764955054 0.013729941731831457 0.06720606875503134 0.011264668497868741 0.10456794880814761 0.004762363412731722 0.136466739496075 0.010021284393459187 0.15501268129610535 0.016872568359164522 0.1554956131956228 0.017113879152244646 0.1370310456782625 0.00960267901884733 0.10234951461682851 0.00508138736601129 0.061328192106727505 0.011859601849368434 0.026523043765792058 0.012180585462101629 0.0064024253875779235 0.007672270381712819 0.0 0.013796096711874881 0.0 0.016505585856265728 0.0 0.011722770123255032 0.0 0.006259055332819891 0.0 0.0024770424689211134 0.0 0.001 0.0 0.001 0.0 0.001 0.0 0.001 1
943 12.7742 234.49008 6.610591282265203e-08 0.001 6.673514622793024e-07 0.001 5.385650066192481e-06 0.001 3.470368040300303e-05 0.001 0.00017314186940174501 0.0011082792493114812 0.0007117957969775706 0.003332123398509444 0.002337657440179812 0.007786427768920813 0.006212103332511421 0.013169805787474394 0.012660478381397312 0.015078937465260735 0.021730896473617065 0.009279938061533292 0.03308415941086359 0.010286654510459707 0.048891669055818064 0.01224712858077728 0.07754145962178677 0.005817792953343143 0.11968709894667445 0.007609934882236671 0.1582653289355309 0.014336897323311448 0.16610374714245946 0.01675925383411686 0.13694112551655516 0.009932494202865322 0.08979874125729993 0.005752540706921369 0.051582020820400205 0.010316033908861093 0.03041526843487283 0.010928218797236381 0.020213506807840106 0.008366954901862771 0.012523321671951276 0.013493070353634149 0.006714254257849265 0.01375835305232247 0.003011317749303371 0.009089436730518007 0.001016134138938172 0.004143053249478482 0.0002798647134440916 0.0014222230456674262 5.3749342133925584e-05 0.001 9.06218359979739e-06 0.001 1.148095370947325e-06 0.001 1.258153783699447e-07 0.001 1
944 -4.3417 225.90771 2.1478677076076806e-08 0.001 2.765772126923218e-07 0.001 2.625574647377946e-06 0.001 1.868438467094467e-05 0.001 0.00010912692607829159 0.001 0.0004946637195889395 0.002993708704855433 0.0017690918810224986 0.007615764691213283 0.0049594633509151154 0.013967127398445215 0.011483083891726973 0.01680402212598634 0.021759311267853975 0.011088380898069152 0.035966258589604325 0.011237407364890133 0.057025495149765675 0.013824209200196894 0.08991416616917584 0.007170510736979836 0.13261202763132898 0.010038742684482287 0.1678609225183343 0.016982385279674564 0.1728601149708845 0.01710418893710676 0.14047828329769912 0.009011585541210343 0.09058833908829109 0.007666145232791875 0.04630680876705926 0.013408223669645388 0.018473562280191112 0.010066643922502425 0.006098718786349178 0.011606814776515904 0.0012189536989226446 0.01742262380383161 0.0 0.013870791568860546 0.0 0.007011492428207106 0.0 0.002605506879562392 0.0 0.001 0.0 0.001 0.0 0.001 0.0 0.001 0.0 0.001 1
945 -17.2792 224.41808 0.0 0.001 0.0 0.001 0.0 0.001 0.0 0.001 0.0 0.001 2.1191103112775233e-05 0.003288038840961083 0.00048262289897542854 0.008162883546158108 0.002806352326837898 0.013997581399916768 0.009997882516083635 0.01646320385656962 0.022937545215818297 0.011033663231843698 0.0425403993460926 0.012347196799779123 0.06754747445754883 0.01284721187343019 0.0979070075593765 0.0069770799749727525 0.13516635895622084 0.010756961590754816 0.1690600647356572 0.01828492762422644 0.17692694157751065 0.017720003117116648 0.14360072618972575 0.009171940826930305 0.08810327774467014 0.009030888387583293 0.035992047272346984 0.014440815688026349 0.006910108100022478 0.009674397857619798 0.0 0.013512464616700174 0.0 0.017164535887098483 0.0 0.012910540748350716 0.0 0.006330949923709951 0.0 0.0021609838506428925 0.0 0.001 0.0 0.001 0.0 0.001 0.0 0.001 0.0 0.001 1
946 9.9887 223.44588 0.0 0.001 0.0 0.001 0.0 0.001 0.0 0.001 0.0 0.001 0.0 0.002297904381406768 0.0 0.006402720512951769 0.00011953959326632892 0.01317362805387794 0.0017602123583910078 0.01689166449408685 0.008140034231021963 0.01222370431891541 0.023776753070927577 0.010301303329072902 0.053852399914328275 0.014588090931398668 0.09430206556198834 0.008267307517290878 0.13682851325744186 0.009166431381728762 0.16828902704168172 0.018827270522278408 0.17590065276916036 0.01927202498464449 0.1528499837525451 0.011074104833182039 0.10555329634924779 0.007258510141593122 0.05522285959605489 0.013853604557479134 0.019569895676009638 0.01151061872381489 0.003834695043104142 0.011697792105563473 0.0 0.017869323344600146 0.0 0.01450699042819962 0.0 0.007918990941571835 0.0 0.002936909110206688 0.0 0.001 0.0 0.001 0.0 0.001 6.671078829869178e-08 0.001 5.074042563478392e-09 0.001 1
947 13.2557 213.04521 3.646888494635787e-10 0.001 9.607286746164224e-09 0.001 1.7961141333164158e-07 0.001 2.053142085111631e-06 0.001 2.123655098125534e-05 0.001 0.00013253462107078653 0.0013907113472292855 0.0006068766954146051 0.004655983525568989 0.0020540636383490803 0.010997800369506717 0.005430868592301121 0.016871365379663387 0.012779588142777252 0.015111136011299443 0.02454576993821796 0.009416588648463207 0.04408834825320679 0.01519115665897676 0.07914221756579705 0.00942853646131981 0.13050704686790132 0.008299576908740405 0.17565225638067744 0.017308802238165263 0.18129726819746475 0.019120062941998986 0.14437585573333228 0.010041658901298434 0.09176590193074077 0.007072302008248307 0.051980060922193656 0.01443007027328318 0.02891474219583963 0.010469109981338817 0.015672672512121937 0.0129649012688056 0.007148429256161115 0.01779551346118218 0.002895790271405944 0.012751329196400592 0.0007914375178533643 0.0058124502145960565 0.00016287208446536173 0.0018908920113116135 2.8358504601472977e-05 0.001 3.3270376582561776e-06 0.001 2.2165068491257156e-07 0.001 1.1732101741896292e-08 0.001 4.812062410629519e-10 0.001 1
948 10.4238 216.96558 0.0 0.001 0.0 0.001 0.0 0.001 0.0 0.001 6.018984626601869e-06 0.001 7.774560141447684e-05 0.001673203989804465 0.0005635901233392087 0.005235386730979549 0.002381169015276875 0.011930150492648364 0.007100563946489732 0.017305764645768412 0.016592255920857977 0.014179105064686571 0.02906840219910213 0.010138896225626269 0.049667399675961406 0.014678316199395702 0.08244560038961299 0.009121086699663147 0.12876384981138791 0.009021700645057078 0.17117335079796628 0.017434166833420237 0.18133941622431984 0.018786169033220834 0.14609578794037953 0.010451851035896284 0.09317255908478209 0.0076445769334409774 0.048477759612466066 0.014431758366126302 0.023090572397525166 0.011021123513155193 0.011443462956488714 0.012191235289575962 0.005422132415115669 0.017668075664430564 0.002287495920009086 0.013406358716107325 0.0006673659383681363 0.006445337977223863 0.00013107507813697915 0.0021749728920103933 2.8673605088902027e-05 0.001 3.437204052591754e-06 0.001 2.888321801712155e-07 0.001 2.4502489197227734e-08 0.001 1.8225624777365748e-09 0.001 1
949 2.0031 228.33342 7.104613458402918e-09 0.001 6.652079734431211e-08 0.001 1.0113828603046854e-06 0.001 6.390362581938049e-06 0.001 3.544628850201339e-05 0.001 0.00017039920584284137 0.0030096696370367293 0.0007656274502064727 0.00782992278039509 0.0023115083736222277 0.014384434022898398 0.006298999708524307 0.017027295983885516 0.01356742350062846 0.010279759029123293 0.02826643769394641 0.010323987216745217 0.053956970473754765 0.013352349101093813 0.09233632068267665 0.006029085171989489 0.13507192351183908 0.008798701740590373 0.1665327669103469 0.01668399104457699 0.16945985644493286 0.01600564426073306 0.14064968235612121 0.0090720240638867 0.09534270383342364 0.005724148885573037 0.05261689457239635 0.012976584800089543 0.024176713131829567 0.010642364318561161 0.010695253729648817 0.010341278024114805 0.004710524911120798 0.016872178777024266 0.001985848926152691 0.014403869222516606 0.0007200334662549376 0.00809036768656956 0.0002434883810567733 0.003317273474347374 6.20754604633522e-05 0.001 1.29930685404447e-05 0.001 2.3237193183970313e-06 0.001 2.775073429125507e-07 0.001 3.1320654095989276e-08 0.001 1
950 1.9942 216.76598 2.4440428950063498e-09 0.001 3.842606235095561e-08 0.001 5.764702274840093e-07 0.001 4.394776024093459e-06 0.001 3.731875796102676e-05 0.001 0.00023451562348189402 0.0018471496140621579 0.0009564107552878344 0.0056766174084003414 0.0031684973592977644 0.012180597863309588 0.007610978957323616 0.0173961082713382 0.01600897807640089 0.013160955506118491 0.02707440674532506 0.009534369249281461 0.04770630932432667 0.014330267566590636 0.08437164167338307 0.007099298634043308 0.13498090751364925 0.007869912478125018 0.1749484961880726 0.018063164890646438 0.17605616651114572 0.018353897656458645 0.13698758378392872 0.008426807224889046 0.08641352811702827 0.006539518994275087 0.04825159835013594 0.013487054060904152 0.027529718490293148 0.010280531465083828 0.015268784373810391 0.01241807256718499 0.0077101981848057876 0.016668236253730165 0.0032908964656796734 0.012250801204141924 0.0010743680730149784 0.005797841420638586 0.00025879540648957944 0.0019254892594929734 4.777680093044688e-05 0.001 6.2732950367570195e-06 0.001 7.711671439587784e-07 0.001 6.398520690611247e-08 0.001 3.904483254665067e-09 0.001 1
951 -9.8936 220.47878 0.0 0.001 0.0 0.001 0.0 0.001 0.0 0.001 0.0 0.001 0.0 0.0026689010542335586 0.0 0.007335674054856162 0.0 0.014235524543173386 0.0 0.017960140912339245 0.0027014555794369283 0.011830664342212052 0.020783111436762435 0.011171657818168975 0.05729853830632918 0.014553014483879412 0.10630227729733589 0.0061036869050176135 0.1517134290428785 0.009634396097974368 0.17623076604277624 0.018487944286300267 0.17330843021722694 0.01739512295888815 0.14260750099791247 0.008190320776865295 0.09615015590743883 0.00723450873891051 0.05061211916631824 0.014852847222155272 0.01876924585635662 0.009277702016439794 0.0035227581871254635 0.013016070520803056 0.0 0.01818798719862562 0.0 0.012974304121211894 0.0 0.006158552370500071 0.0 0.002089567501311309 0.0 0.001 0.0 0.001 1.8322817330502021e-07 0.001 2.646270166860757e-08 0.001 2.2712273231018705e-09 0.001 1
952 -5.4913 229.47444 3.388244350857514e-08 0.001 3.8124680897640475e-07 0.001 2.918573043081758e-06 0.001 1.6585606126458403e-05 0.001 7.383139520721693e-05 0.0011102449819117423 0.0002422372629289582 0.0035776379036447873 0.000806481865302942 0.00846360361130501 0.0024065444919050584 0.014484511348740993 0.005751317672165418 0.016022454801300406 0.014014468484421963 0.009792404661406663 0.030145497927800056 0.011047503746684739 0.05762345144883395 0.012527948399294036 0.09648151797568845 0.005605480713965515 0.13931372151670682 0.009467919385085274 0.1683628038172049 0.016873827654628845 0.1679387198616467 0.016062469443904784 0.13826087076590954 0.008329191445742817 0.092931685195618 0.0059411125830746495 0.051276711434999706 0.013278824237909291 0.023111160016674653 0.010370652071380392 0.00864706461831403 0.010321688888049086 0.002243245152577028 0.016689444682234218 0.0003338673588590347 0.013913052391636838 1.4882428813548552e-05 0.007745004106468967 0.0 0.003098100061238694 0.0 0.001 0.0 0.001 0.0 0.001 0.0 0.001 0.0 0.001 1
953 -6.5943 228.21634 2.7125102744982473e-08 0.001 3.4763493963290923e-07 0.001 2.7735254167506123e-06 0.001 1.8935648434486177e-05 0.001 8.874811920002993e-05 0.001044348101412204 0.00038032302260791756 0.0034004551345234975 0.0011030966981892551 0.008175077868706497 0.0031819130671857194 0.014529250825638294 0.00714055778448007 0.016342133401994093 0.014694263907675744 0.00973660823439266 0.026725544104338587 0.010948608572873018 0.05219161002384195 0.012806591752336179 0.09252723461084784 0.005611699482901862 0.13946613941481067 0.008979763681474573 0.17043992508938297 0.016716599974768515 0.16570701397784926 0.016587929267213614 0.12973374245748026 0.008161258958058741 0.08577132603154353 0.0063822657244774275 0.05150788974518686 0.012992472768068374 0.029719323924554758 0.010374608440769055 0.017022140595309827 0.010031314485504253 0.008018314584261079 0.01568415816890739 0.003169143694396044 0.01311773177237684 0.0010298779911671664 0.007353499389576291 0.00028134089177615817 0.002871933228306119 6.424493454927118e-05 0.001 1.2237537192559751e-05 0.001 1.6869829230669127e-06 0.001 2.5297940872227987e-07 0.001 2.3895946977441025e-08 0.001 1
954 -7.2668 221.30995 1.7239125810486516e-08 0.001 2.181312575220133e-07 0.001 2.2392397247216854e-06 0.001 1.7818176668003995e-05 0.001 0.00012921489696251796 0.001 0.0006184763607597736 0.0024307212943062892 0.0021661572966946673 0.006588806605189693 0.006054516601984916 0.012462574479899673 0.012659156374691768 0.015645620303281295 0.020541128665482137 0.009925121898079911 0.030714543056887963 0.009766877148440762 0.048071543260937155 0.012253422567135748 0.08420359411932242 0.0061761797357113915 0.13513959076454912 0.008580756269124232 0.17257905216309166 0.017553313366226356 0.16838638055761881 0.01594570510467974 0.12565547136942073 0.0075719212336621475 0.07811832139916047 0.006323635408451281 0.04557188239077978 0.013369146674982027 0.029927861871362635 0.009380461528627027 0.019973958916514906 0.010818918004882942 0.011654246161973386 0.01597481804052391 0.005371840687055321 0.011769800984810227 0.0018511131804809663 0.005912676902963664 0.00047644439223830533 0.0020968178208067407 9.87287348033932e-05 0.001 1.4694415741402767e-05 0.001 1.6419051465532416e-06 0.001 1.3838406878223687e-07 0.001 9.285494346375723e-09 0.001 1
