data/processed/NGC5813-h6/hist_kins.ecsv
# %ECSV 1.0
# ---
# datatype:
# - {name: binID_dynamite, datatype: int64}
# - {name: v, datatype: float32}
# - {name: sigma, datatype: float32}
# - {name: losvd_0, datatype: float64}
# - {name: dlosvd_0, datatype: float64}
# - {name: losvd_1, datatype: float64}
# - {name: dlosvd_1, datatype: float64}
# - {name: losvd_2, datatype: float64}
# - {name: dlosvd_2, datatype: float64}
# - {name: losvd_3, datatype: float64}
# - {name: dlosvd_3, datatype: float64}
# - {name: losvd_4, datatype: float64}
# - {name: dlosvd_4, datatype: float64}
# - {name: losvd_5, datatype: float64}
# - {name: dlosvd_5, datatype: float64}
# - {name: losvd_6, datatype: float64}
# - {name: dlosvd_6, datatype: float64}
# - {name: losvd_7, datatype: float64}
# - {name: dlosvd_7, datatype: float64}
# - {name: losvd_8, datatype: float64}
# - {name: dlosvd_8, datatype: float64}
# - {name: losvd_9, datatype: float64}
# - {name: dlosvd_9, datatype: float64}
# - {name: losvd_10, datatype: float64}
# - {name: dlosvd_10, datatype: float64}
# - {name: losvd_11, datatype: float64}
# - {name: dlosvd_11, datatype: float64}
# - {name: losvd_12, datatype: float64}
# - {name: dlosvd_12, datatype: float64}
# - {name: losvd_13, datatype: float64}
# - {name: dlosvd_13, datatype: float64}
# - {name: losvd_14, datatype: float64}
# - {name: dlosvd_14, datatype: float64}
# - {name: losvd_15, datatype: float64}
# - {name: dlosvd_15, datatype: float64}
# - {name: losvd_16, datatype: float64}
# - {name: dlosvd_16, datatype: float64}
# - {name: losvd_17, datatype: float64}
# - {name: dlosvd_17, datatype: float64}
# - {name: losvd_18, datatype: float64}
# - {name: dlosvd_18, datatype: float64}
# - {name: losvd_19, datatype: float64}
# - {name: dlosvd_19, datatype: float64}
# - {name: losvd_20, datatype: float64}
# - {name: dlosvd_20, datatype: float64}
# - {name: losvd_21, datatype: float64}
# - {name: dlosvd_21, datatype: float64}
# - {name: losvd_22, datatype: float64}
# - {name: dlosvd_22, datatype: float64}
# - {name: losvd_23, datatype: float64}
# - {name: dlosvd_23, datatype: float64}
# - {name: losvd_24, datatype: float64}
# - {name: dlosvd_24, datatype: float64}
# - {name: losvd_25, datatype: float64}
# - {name: dlosvd_25, datatype: float64}
# - {name: losvd_26, datatype: float64}
# - {name: dlosvd_26, datatype: float64}
# - {name: losvd_27, datatype: float64}
# - {name: dlosvd_27, datatype: float64}
# - {name: losvd_28, datatype: float64}
# - {name: dlosvd_28, datatype: float64}
# - {name: losvd_29, datatype: float64}
# - {name: dlosvd_29, datatype: float64}
# - {name: is_good, datatype: int64}
# meta: !!omap
# - {dv: 100.0}
# - vcent: [-1450.0, -1350.0, -1250.0, -1150.0, -1050.0, -950.0, -850.0, -750.0, -650.0, -550.0, -450.0, -350.0, -250.0, -150.0, -50.0,
#     50.0, 150.0, 250.0, 350.0, 450.0, 550.0, 650.0, 750.0, 850.0, 950.0, 1050.0, 1150.0, 1250.0, 1350.0, 1450.0]
# - {nbins: 1604}
# - {nvbins: 30}
# - PSF:
#     sigma:
#     - [0.3329209608324763, 1.5030246371924072]
#     - [0.7981244701379099, 2.5355469313804813]
#     weight:
#     - [0.8112598413714794, 0.18874015862852056]
#     - [0.8646833678516875, 0.13531663214831247]
# - aperture_exprs: [_o, _s]
# schema: astropy-2.0
binID_dynamite v sigma losvd_0 dlosvd_0 losvd_1 dlosvd_1 losvd_2 dlosvd_2 losvd_3 dlosvd_3 losvd_4 dlosvd_4 losvd_5 dlosvd_5 losvd_6 dlosvd_6 losvd_7 dlosvd_7 losvd_8 dlosvd_8 losvd_9 dlosvd_9 losvd_10 dlosvd_10 losvd_11 dlosvd_11 losvd_12 dlosvd_12 losvd_13 dlosvd_13 losvd_14 dlosvd_14 losvd_15 dlosvd_15 losvd_16 dlosvd_16 losvd_17 dlosvd_17 losvd_18 dlosvd_18 losvd_19 dlosvd_19 losvd_20 dlosvd_20 losvd_21 dlosvd_21 losvd_22 dlosvd_22 losvd_23 dlosvd_23 losvd_24 dlosvd_24 losvd_25 dlosvd_25 losvd_26 dlosvd_26 losvd_27 dlosvd_27 losvd_28 dlosvd_28 losvd_29 dlosvd_29 is_good
[from data line 1500]
1501 15.9431 262.20337 5.5943831874462776e-08 0.001 4.443691876024806e-07 0.001 6.456452401387201e-06 0.001 2.4376521202199796e-05 0.0013461852899305186 0.00013738037193202735 0.0034881228811009055 0.0006787789074208992 0.0073289993077888076 0.0018254713403607309 0.012295045935567786 0.0043673326873697165 0.014878843675039522 0.009548544203937208 0.012119446632314233 0.01679484914370404 0.00931065186078833 0.030665931271820376 0.012413263686507785 0.05325806388203628 0.011502332234409243 0.0840779711785094 0.009298582850130237 0.12000539900666693 0.010962601225153655 0.14637713652157985 0.0155090144933248 0.14907014500650698 0.017944894583744986 0.12747005172631345 0.011626231704784183 0.09380116112144044 0.00838585866167766 0.06224640802603576 0.010358230842413541 0.03971144268441544 0.01246294740939002 0.025833795202071165 0.00965635308139848 0.01671661401197032 0.011139845297775453 0.009583685698827506 0.014580792462489979 0.0049171220484161135 0.013955097386702765 0.0020075097845653374 0.009135003219605508 0.0006451138859864092 0.0046337211080190715 0.0001801179736337464 0.0018618749206829608 3.946260064516726e-05 0.001 8.08436346049828e-06 0.001 1.0940637512789876e-06 0.001 1
1502 0.1535 238.22568 1.2947263366940762e-08 0.001 1.9003552896689735e-07 0.001 1.7152559409553921e-06 0.001 1.6692682506575943e-05 0.001 8.967331036460543e-05 0.0016155446251072 0.00038508155228484504 0.004406613418398519 0.001573475587382748 0.009431476535140048 0.003930014850885127 0.0141472479960392 0.008993035972356596 0.01451514072119401 0.01587737380670623 0.009727590026068017 0.02798049093281517 0.012000200403140981 0.050555266306916785 0.011980234631482223 0.08808935956599677 0.00800677537090709 0.13230018610795127 0.011048473502369219 0.16219500562058142 0.017298655978480584 0.16024146192354607 0.017090548803517208 0.12745630673889358 0.010307215720136362 0.08622464794964245 0.00842960293607533 0.053528520735132215 0.01173842990458858 0.03393266956994779 0.011878832345433842 0.022169693043533608 0.00990396184853259 0.013209762784598759 0.014729172433302058 0.00709993331834747 0.015175878830058075 0.002982371363650826 0.010064148608118658 0.0008943942043218749 0.004627631191338777 0.00022398415773830233 0.001671466846547531 4.1737636607884216e-05 0.001 6.202967125738238e-06 0.001 6.6995665557338e-07 0.001 6.911477645544751e-08 0.001 1
1503 -12.3012 230.49988 3.3469957905524303e-09 0.001 7.517923643801253e-08 0.001 1.0827331628812012e-06 0.001 7.896191559084559e-06 0.001 6.054790527619626e-05 0.0012489440345928124 0.0002825384776796131 0.0037289938025540153 0.0011287785240244703 0.008700246598428475 0.00387566188023817 0.013828775964746548 0.008186735473507884 0.015150374541596994 0.016728475781002214 0.010233606770835447 0.030814141954298924 0.012210792121477493 0.05722645590602715 0.012623049396840964 0.09617009085983488 0.008093775835575995 0.1409342914920422 0.012462920183327245 0.16850040996618715 0.02023421973592486 0.1640330966825808 0.01819704236721123 0.1299608602846068 0.010116220209145071 0.0864233706321015 0.00855588359648219 0.050143943201765774 0.014534097797413336 0.02495466399548561 0.011518996497432765 0.012664289754484208 0.012271307138405942 0.00528723530961493 0.016447690267887248 0.0018583732698044483 0.01344517247644425 0.0006102217088339736 0.007577991664299857 0.00012563013669155312 0.0029738969990552476 1.9885952238700174e-05 0.001 1.2205870259225072e-06 0.001 2.1855065643334325e-08 0.001 9.586270592745853e-10 0.001 0.0 0.001 1
1504 15.6419 239.71027 0.0 0.001 0.0 0.001 0.0 0.001 0.0 0.001 0.0 0.0014731248606394095 9.75411198894764e-06 0.004162197102793989 0.00036501931639341896 0.009326058300001829 0.001353074416380915 0.015040009665727775 0.004257320625703288 0.015489764165046622 0.01016221435711139 0.0107543940672679 0.023588511118854478 0.012248280140973986 0.049370299435142276 0.014310124445908103 0.08833181368691491 0.008086820517127905 0.13115142161537577 0.010040450777492077 0.16039651692606746 0.017643187179016973 0.16254374490635648 0.018358776783806374 0.1374490211100902 0.011635407602007208 0.09877594445648277 0.007464383030473448 0.06348750328805693 0.011720292440595075 0.03637424001927199 0.013481537645392106 0.018761976695762347 0.009736625517892115 0.008887967062728463 0.014123469965852476 0.0032966467543315073 0.015642983204318058 0.0010855415652427868 0.011383258371032889 0.00027582607859137604 0.005555964591464783 7.187462731322663e-05 0.0021179933596657957 3.157254295826389e-06 0.001 6.105715431264249e-07 0.001 0.0 0.001 0.0 0.001 1
1505 6.6463 224.59856 4.093160347839395e-09 0.001 6.768600012854525e-08 0.001 8.444499464084991e-07 0.001 8.653618022327064e-06 0.001 6.947050428428256e-05 0.001 0.0003275396534279355 0.002388429253720863 0.0013424300111635986 0.006505885111001397 0.004217446297925655 0.012858147074060662 0.009983040673193184 0.01668602151131557 0.0205091702573254 0.012593816422756313 0.034911998978441695 0.011187380640505213 0.056109400132436024 0.014542431800851602 0.08692935535647588 0.008530171664501464 0.12768076568509643 0.010096599612045953 0.1649140538439374 0.016794024357183482 0.17618420777501548 0.01790494679829638 0.1492274102765433 0.011441771461072753 0.09826789245271156 0.008529211221161938 0.04851950090731396 0.014264517308761947 0.016786305193792674 0.012235024862259044 0.004008902305157208 0.011793863231305062 0.0 0.016454953480119945 0.0 0.013697168527117075 0.0 0.007371787996849212 0.0 0.0027507324677855413 0.0 0.001 1.2617996946082062e-06 0.001 2.6516588227941523e-07 0.001 1.110134090703426e-08 0.001 1.7817114258342647e-09 0.001 1
1506 -5.9111 168.61792 0.0 0.001 6.078419288378719e-15 0.001 3.018437757050904e-12 0.001 4.057191069607132e-10 0.001 3.264443664747582e-08 0.001 1.2862801168921395e-06 0.001 3.3852087059405475e-05 0.001 0.0004133913721049327 0.0019803767942267016 0.003062487317403388 0.008046157302112143 0.01334317885417109 0.01847111922816017 0.03396133548290385 0.0199569770985955 0.05550350390203411 0.016825293707990963 0.0777593744432483 0.017231554907918535 0.13331945179947935 0.014989189650985793 0.21403868851555485 0.02342470979978961 0.2221954140711666 0.02238729940393859 0.13920835335603227 0.01552296954327844 0.05940476580210052 0.017756698611167212 0.026698164112861533 0.015673154848911023 0.01407295306733046 0.021550597837620124 0.005552057050610757 0.018494054417014363 0.0012420502831480401 0.007598658812112153 0.00017502722175222397 0.0019691368283346776 1.4047142461202689e-05 0.001 5.693435374846119e-07 0.001 1.5245372689240018e-08 0.001 1.9467160783708932e-10 0.001 1.6900984911686149e-12 0.001 8.043184987517512e-15 0.001 0.0 0.001 1
1507 -8.1898 230.10245 0.0 0.001 0.0 0.001 0.0 0.001 0.0 0.001 0.0 0.0012859193328267323 0.0 0.004011021664142676 0.0 0.009155705836501285 0.0 0.015820592165402002 0.0 0.01704505126622212 0.005766741296553349 0.0117275672476296 0.02409593107754737 0.013193707843586436 0.05926243765422628 0.014620850896366697 0.10504017970042791 0.008893559320264227 0.14660896322478328 0.011555976677365007 0.16992642127564803 0.01962775820067729 0.16688969850163818 0.018034758545898366 0.13889548382250097 0.011064390274654556 0.09711315432894814 0.008910035985445937 0.05509465339684892 0.014492152138024548 0.02342241944308602 0.012071614393797158 0.007180388329096771 0.012802846329378285 0.0007030291592622583 0.018095650603096244 0.0 0.014754415225445053 0.0 0.007805252453539387 0.0 0.003145235456142487 0.0 0.001 4.987894324784206e-07 0.001 0.0 0.001 0.0 0.001 0.0 0.001 1
1508 -0.6744 203.57713 2.981686601400157e-12 0.001 2.421145583668477e-10 0.001 1.3823617516608959e-08 0.001 5.079307113527828e-07 0.001 9.587592038411986e-06 0.001 9.779998628113012e-05 0.001 0.0006992556642778231 0.003378658011846765 0.0031003419449560487 0.008979899929531332 0.009730436572355186 0.015812411655268765 0.022788574767578503 0.016678660041831467 0.03526993691670504 0.011827307379146687 0.04787812739138741 0.01416604411165312 0.074393109259899 0.01257911719043139 0.12801432642208413 0.0134402397729778 0.18307254569066575 0.019775307387921576 0.1863417581145251 0.020648194893346572 0.13063187455708009 0.013781578784428074 0.07269350870706921 0.01272392001144983 0.042631133588179215 0.014178526702321512 0.030509260070451863 0.012264531848353296 0.019367097529084734 0.017071195300399467 0.009197979613405313 0.016334936948368437 0.0028399035226515756 0.008836448165799241 0.0006259701504749898 0.003395349548460386 9.635859798590573e-05 0.001 9.85487367388081e-06 0.001 7.0108597537179e-07 0.001 3.417510304127188e-08 0.001 1.1776951779347951e-09 0.001 2.899109910456541e-11 0.001 1
1509 -2.7846 232.79665 3.967655783197282e-12 0.001 0.0 0.001 6.872912435814981e-08 0.001 3.794320737842843e-06 0.001 2.5356210225341007e-05 0.00123783140418439 0.00019369674581615364 0.003695720753514503 0.0007746492339885649 0.008166551416616638 0.0022130957251835356 0.014014175257069713 0.00614339274257808 0.015120063522681668 0.013084021358504649 0.010644670613796458 0.025038772595259075 0.011539250711720433 0.05022380956716097 0.012533145555104121 0.09011380345913143 0.008035509945500029 0.1380106699060542 0.010394316870318582 0.16949535884449912 0.019182342614214407 0.16337964589730186 0.01789708965367559 0.12590288116645765 0.010663216238188097 0.08478734972298918 0.00765699503724112 0.05557189492032462 0.012830090212930793 0.03634850809574353 0.012028889793158285 0.021907622672116867 0.010484845658661385 0.011223925394823758 0.014923192295737082 0.004054961619358908 0.013347855861931684 0.001226553078836262 0.007944425640588209 0.00023373689210962195 0.003437860498774381 3.807386971543667e-05 0.0011199666898730465 4.093768865810967e-06 0.001 2.6345912546549993e-07 0.001 0.0 0.001 0.0 0.001 1
1510 -17.6144 184.25348 1.905384362290747e-14 0.001 3.5542110968219045e-12 0.001 4.1256595873227064e-10 0.001 2.0765503308977812e-08 0.001 8.461367234095536e-07 0.001 1.8000485772542302e-05 0.001 0.00021899750883866884 0.0014261972748257923 0.0015487657651523164 0.005487269314595188 0.0065300780388572715 0.01384976301044891 0.01503607156872885 0.018976835132783473 0.02421249236421149 0.014040524811056674 0.03647309658407736 0.014406301318786549 0.07359611502784415 0.013103789457232548 0.1521930628713188 0.01265316040272145 0.21180562290426513 0.023509837121291816 0.18165770851916588 0.019668034292628367 0.10727041758782054 0.0113769885736641 0.06744159711823958 0.01423073548190959 0.055366636099572895 0.013662430000964253 0.04044211982323186 0.01563654402514167 0.019365839781052434 0.017895026458265368 0.0056708786946712405 0.010595626387697002 0.0010307472318239685 0.003611581349691865 0.00011278734643899066 0.001 7.767732158715957e-06 0.001 3.2262233302093167e-07 0.001 6.936853430898224e-09 0.001 6.851595626846805e-11 0.001 6.873923991748513e-13 0.001 1.6472097690031183e-15 0.001 1
1511 -14.8589 226.93555 0.0 0.001 0.0 0.001 0.0 0.001 0.0 0.001 0.0 0.0011801604312031342 0.0 0.0038213997955966763 0.0 0.009036805672101444 0.0005202077401451887 0.015641184900664983 0.004452446810054789 0.017810160546917794 0.01534644251626404 0.012936379975599424 0.03587311694340398 0.014666474385509392 0.06677278635743242 0.015289856975521997 0.10344110701251616 0.012656046374564169 0.14037936841899956 0.014144101849676502 0.16805594188167383 0.020249553570916734 0.17254658047183913 0.02027558597781913 0.14461837066717953 0.013962832343342169 0.09431865076865997 0.014500867503022007 0.043267940706024015 0.01740343611221035 0.010407039705807293 0.013516992590502128 0.0 0.016041034248961614 0.0 0.0182185356864263 0.0 0.013702192386847483 0.0 0.006918407452930721 0.0 0.00262478053366223 0.0 0.001 0.0 0.001 0.0 0.001 0.0 0.001 0.0 0.001 1
1512 35.0479 230.52455 1.9041486905570268e-11 0.001 5.189496953815888e-10 0.001 0.0 0.001 0.0 0.001 0.0 0.001 0.0 0.0027326270025639036 0.0 0.006796262823916734 0.0 0.013198002483967654 0.0 0.017818545657089277 0.0 0.017672899609254243 0.01101376053159054 0.019044018551905257 0.041500933890486806 0.02143439030237367 0.08715852614523265 0.01756386216535015 0.13372791041469517 0.01931411480850103 0.16447451587837383 0.02291575580107398 0.16715858725788676 0.024633562654751792 0.1507647090179923 0.021102785194266158 0.11692184426015317 0.01775233872663659 0.07568022463752351 0.017190176076965595 0.03723941568170319 0.01963730810588135 0.012572493592919273 0.018214771034198947 0.0017870781428978109 0.018918053056791482 0.0 0.016972508700869644 0.0 0.010845241884935323 0.0 0.005235541435256836 0.0 0.0019335593287703838 0.0 0.001 0.0 0.001 1.0029981491231348e-11 0.001 5.236426712049605e-13 0.001 1
1513 -4.1943 233.38884 7.4179332626041555e-09 0.001 7.675421411062071e-08 0.001 8.778733806557073e-07 0.001 7.758018922166942e-06 0.001 4.9273047801267665e-05 0.0013233074802280532 0.00023484108078379533 0.004055588502520616 0.000981759709532964 0.00933230445811684 0.0028328932175590953 0.014758365453145038 0.008134206172522309 0.014900000653352303 0.017819138975618824 0.00986718453195205 0.034428283159422556 0.012588214806082047 0.06066283243339161 0.012972321118060137 0.09440752463305088 0.006909954067239182 0.13341952005267038 0.010455360572300149 0.1641923889446256 0.01903006937152328 0.1681193363582036 0.01860536578516414 0.14085480960135544 0.00964877681532636 0.09458689814471172 0.007337463810982374 0.051159397413905294 0.013875323577593197 0.020251092242094187 0.011365956363406256 0.006689812864429693 0.010098063711507546 0.0011672718838704502 0.016517975416328223 0.0 0.015005493294103478 0.0 0.009187470184398833 0.0 0.0038743515854304557 0.0 0.0012567674077358505 0.0 0.001 0.0 0.001 0.0 0.001 0.0 0.001 1
1514 19.6749 274.80127 0.0 0.001 0.0 0.001 0.0 0.001 0.0 0.0021877343952189186 0.0 0.005113665954476493 0.0 0.00971566352592813 0.0 0.014317885617882517 0.0 0.015011428350679241 0.0 0.010095877011220571 0.0 0.008301924738026113 0.01884071239380999 0.01244838317795098 0.05815277953561592 0.009731451941009793 0.10187507489399145 0.006682272005730586 0.1348364720776435 0.00927327581303812 0.1444767286081833 0.01499449875684293 0.13332931636105583 0.016087175486806646 0.11424853848987478 0.010462688030023162 0.09325507224854344 0.006701250716792895 0.07451887833219048 0.0073879516504748305 0.05498886164897203 0.01274455602431521 0.03621427720474438 0.011432977456666854 0.020700919943122266 0.009084280521941171 0.009731060049962121 0.01291834092154355 0.0035732069108814902 0.013929833142617516 0.0009580270979382662 0.011015163257170193 0.0002317605530116531 0.006534357370493061 5.590438142857397e-05 0.003103748799145818 1.1642295117458518e-05 0.0011709083966038186 7.669739132774073e-07 0.001 0.0 0.001 1
1515 -20.8594 233.44397 8.647755560345901e-10 0.001 7.890438400016796e-08 0.001 1.3542975469817746e-06 0.001 1.6284814772776298e-05 0.001 0.00011171143456271467 0.0016990241759520916 0.0005352119743717503 0.004825461520634016 0.0022241147348917825 0.010064027242098823 0.006735173277631011 0.015202803991967892 0.01563856669668453 0.015560969459346614 0.028956966610673332 0.011452973625646023 0.0458144127648337 0.013652792210427096 0.06694490494423386 0.012578762003769856 0.09461347869440594 0.008665786417515899 0.1317451069684009 0.012159741564579649 0.16459389169044183 0.019512629585033137 0.16836039655704102 0.01849252845676333 0.13629573025603234 0.010553199672006783 0.0852219125034023 0.010293934044458143 0.03967212887743292 0.014418580481217682 0.011436243649404822 0.011107094210472094 0.0010823294840757848 0.012842109981696844 0.0 0.01599953467197187 0.0 0.01324990275624695 0.0 0.007567161717123619 0.0 0.003154613920674054 0.0 0.0010341685675235607 0.0 0.001 0.0 0.001 0.0 0.001 0.0 0.001 1
