data/processed/NGC5813-h6/hist_kins_s.ecsv
# %ECSV 1.0
# ---
# datatype:
# - {name: binID_dynamite, datatype: int64}
# - {name: v, datatype: float32}
# - {name: sigma, datatype: float32}
# - {name: losvd_0, datatype: float64}
# - {name: dlosvd_0, datatype: float64}
# - {name: losvd_1, datatype: float64}
# - {name: dlosvd_1, datatype: float64}
# - {name: losvd_2, datatype: float64}
# - {name: dlosvd_2, datatype: float64}
# - {name: losvd_3, datatype: float64}
# - {name: dlosvd_3, datatype: float64}
# - {name: losvd_4, datatype: float64}
# - {name: dlosvd_4, datatype: float64}
# - {name: losvd_5, datatype: float64}
# - {name: dlosvd_5, datatype: float64}
# - {name: losvd_6, datatype: float64}
# - {name: dlosvd_6, datatype: float64}
# - {name: losvd_7, datatype: float64}
# - {name: dlosvd_7, datatype: float64}
# - {name: losvd_8, datatype: float64}
# - {name: dlosvd_8, datatype: float64}
# - {name: losvd_9, datatype: float64}
# - {name: dlosvd_9, datatype: float64}
# - {name: losvd_10, datatype: float64}
# - {name: dlosvd_10, datatype: float64}
# - {name: losvd_11, datatype: float64}
# - {name: dlosvd_11, datatype: float64}
# - {name: losvd_12, datatype: float64}
# - {name: dlosvd_12, datatype: float64}
# - {name: losvd_13, datatype: float64}
# - {name: dlosvd_13, datatype: float64}
# - {name: losvd_14, datatype: float64}
# - {name: dlosvd_14, datatype: float64}
# - {name: losvd_15, datatype: float64}
# - {name: dlosvd_15, datatype: float64}
# - {name: losvd_16, datatype: float64}
# - {name: dlosvd_16, datatype: float64}
# - {name: losvd_17, datatype: float64}
# - {name: dlosvd_17, datatype: float64}
# - {name: losvd_18, datatype: float64}
# - {name: dlosvd_18, datatype: float64}
# - {name: losvd_19, datatype: float64}
# - {name: dlosvd_19, datatype: float64}
# - {name: losvd_20, datatype: float64}
# - {name: dlosvd_20, datatype: float64}
# - {name: losvd_21, datatype: float64}
# - {name: dlosvd_21, datatype: float64}
# - {name: losvd_22, datatype: float64}
# - {name: dlosvd_22, datatype: float64}
# - {name: losvd_23, datatype: float64}
# - {name: dlosvd_23, datatype: float64}
# - {name: losvd_24, datatype: float64}
# - {name: dlosvd_24, datatype: float64}
# - {name: losvd_25, datatype: float64}
# - {name: dlosvd_25, datatype: float64}
# - {name: losvd_26, datatype: float64}
# - {name: dlosvd_26, datatype: float64}
# - {name: losvd_27, datatype: float64}
# - {name: dlosvd_27, datatype: float64}
# - {name: losvd_28, datatype: float64}
# - {name: dlosvd_28, datatype: float64}
# - {name: losvd_29, datatype: float64}
# - {name: dlosvd_29, datatype: float64}
# - {name: is_good, datatype: int64}
# meta: !!omap
# - {dv: 100.0}
# - vcent: [-1450.0, -1350.0, -1250.0, -1150.0, -1050.0, -950.0, -850.0, -750.0, -650.0, -550.0, -450.0, -350.0, -250.0, -150.0, -50.0,
#     50.0, 150.0, 250.0, 350.0, 450.0, 550.0, 650.0, 750.0, 850.0, 950.0, 1050.0, 1150.0, 1250.0, 1350.0, 1450.0]
# - {nbins: 1145}
# - {nvbins: 30}
# - PSF:
#     sigma: [0.7981244701379099, 2.5355469313804813]
#     weight: [0.8646833678516875, 0.13531663214831247]
# schema: astropy-2.0
binID_dynamite v sigma losvd_0 dlosvd_0 losvd_1 dlosvd_1 losvd_2 dlosvd_2 losvd_3 dlosvd_3 losvd_4 dlosvd_4 losvd_5 dlosvd_5 losvd_6 dlosvd_6 losvd_7 dlosvd_7 losvd_8 dlosvd_8 losvd_9 dlosvd_9 losvd_10 dlosvd_10 losvd_11 dlosvd_11 losvd_12 dlosvd_12 losvd_13 dlosvd_13 losvd_14 dlosvd_14 losvd_15 dlosvd_15 losvd_16 dlosvd_16 losvd_17 dlosvd_17 losvd_18 dlosvd_18 losvd_19 dlosvd_19 losvd_20 dlosvd_20 losvd_21 dlosvd_21 losvd_22 dlosvd_22 losvd_23 dlosvd_23 losvd_24 dlosvd_24 losvd_25 dlosvd_25 losvd_26 dlosvd_26 losvd_27 dlosvd_27 losvd_28 dlosvd_28 losvd_29 dlosvd_29 is_good
[from data line 175]
176 -32.1855 215.3679 1.4844525625584978e-09 0.001 2.9277696225436067e-08 0.001 5.350284963218471e-07 0.001 6.179376976075828e-06 0.001 4.3096007170141605e-05 0.001 0.0002401436662024745 0.0024871144617617594 0.0007762398028608367 0.00701650686274127 0.0024641714249068677 0.014255409287926448 0.006117339503691327 0.01746873215645186 0.013461612026722528 0.01081577390192355 0.02693490042853011 0.011575082562050329 0.057233437160514655 0.013117923224731157 0.1043099868998007 0.006410030700362633 0.1567938760598649 0.011647130108044135 0.18327449342641966 0.019254667820632648 0.16486515288221795 0.01508399716823261 0.11771046381725687 0.007104118027767524 0.07250021768792046 0.01043684802089534 0.043321804407186186 0.014503441294691992 0.025938945907541318 0.009062066237035137 0.01462633380163358 0.01590022003888622 0.006330467419361416 0.015958838324121365 0.0022717150828743308 0.00962858616334864 0.0006196801844030976 0.00391289179155953 0.00013722342007525714 0.001128802132619015 1.9326858251895884e-05 0.001 2.4199151579494834e-06 0.001 1.9193165330340584e-07 0.001 1.4308190392953297e-08 0.001 8.019707198876328e-10 0.001 1
177 -28.8947 220.17459 5.348850379167461e-09 0.001 8.544712210554366e-08 0.001 9.263300345128736e-07 0.001 8.269899287559055e-06 0.001 6.523172442994427e-05 0.001 0.0003370283336260541 0.0030588133305519 0.0013205165328505667 0.007890601911105733 0.003996001126531216 0.014773186639074003 0.00960320999670687 0.016890820843244524 0.01965843688012807 0.010428530638972611 0.033863378895014236 0.011796584321479078 0.05955340553493461 0.012520311710659014 0.10015897799799918 0.006638796506204185 0.14903200147033416 0.012001592437243289 0.17892231541397702 0.01851438111429643 0.16672940401612382 0.01560909642125205 0.12323069369351847 0.007552750575081771 0.07479579357608969 0.010018387998062754 0.040629360058792266 0.014089215242456517 0.021253796612971238 0.009631308748046857 0.010781022321538337 0.015058002984878083 0.004180655814090736 0.016594604390230205 0.0014131570552540216 0.010879118475128553 0.000373361899240779 0.004735859326282528 7.677816930640517e-05 0.0015159280691846421 1.467991393938564e-05 0.001 1.4724931276766216e-06 0.001 3.330264716145341e-08 0.001 1.415335437924373e-10 0.001 0.0 0.001 1
178 -8.9845 220.44225 0.0 0.001 0.0 0.001 0.0 0.001 0.0 0.001 0.0 0.001 0.0 0.0026000389871343706 0.0 0.007134069488136465 0.0 0.01418860692403032 0.0 0.01829516943577863 0.0 0.012083660369851583 0.01462018652301761 0.010631811204962156 0.05213822927331805 0.014715571041468221 0.10636065482913229 0.0068728527249899835 0.15563201467150367 0.010463629111752304 0.1782402230125777 0.018897661474063507 0.1684254173117681 0.016601263283875636 0.13576273201640782 0.008288869118880687 0.0941700431230256 0.007782945227444549 0.054971595804050984 0.014592599583010877 0.02631836492348723 0.010008579067173463 0.010379086248011243 0.01333533982916062 0.0028865551369064504 0.017451420052064407 9.489712679334128e-05 0.012972936462496136 0.0 0.006052456740195401 0.0 0.0020773947952482516 0.0 0.001 0.0 0.001 0.0 0.001 0.0 0.001 0.0 0.001 1
179 -16.7734 219.16681 0.0 0.001 0.0 0.001 0.0 0.001 0.0 0.001 0.0 0.001 0.0 0.0027821637439214997 0.0 0.007629533445573945 0.0 0.014851960936366478 0.0 0.018150436571034018 0.0032815296824468994 0.012364151547036586 0.021101317025090268 0.011494327053013766 0.057377153480386495 0.01508418296729614 0.10740745726043721 0.007788084372263561 0.15513464457538212 0.011824822158207432 0.18016497044790694 0.019195686676067802 0.17107301754407897 0.017565979381873084 0.1342194466590675 0.008556823388160259 0.08939966728262434 0.009936109894060775 0.04934338134964587 0.014179530804790438 0.022254574477226126 0.010308127517284552 0.007794731051060842 0.014945728167540083 0.0014481091646465028 0.016565926230844727 0.0 0.011582116432201396 0.0 0.005252066915131645 0.0 0.0017215518976255533 0.0 0.001 0.0 0.001 0.0 0.001 0.0 0.001 0.0 0.001 1
180 17.1816 233.14534 0.0 0.001 0.0 0.001 0.0 0.001 0.0 0.001 4.743249251001415e-06 0.0010360216689031757 9.229482608090122e-05 0.0033419286269116364 0.0005335611942323467 0.00805945603242721 0.002296475476852375 0.01429492271116809 0.005703470331407366 0.016762946879563374 0.014192487773287873 0.011083112382866784 0.025844207390846342 0.010492932674413223 0.049044102751926756 0.013722525708618743 0.08414761524324679 0.007149927670396655 0.12727907770817795 0.008346578992685975 0.1619471486226675 0.01628183053741776 0.16784927295638197 0.018746806649272668 0.14180845383489474 0.011639079720061701 0.09906855122589689 0.005797479904731062 0.06036439535326548 0.01240388204960981 0.03213850989537275 0.012563439489660402 0.01622030547114241 0.009692118361689064 0.007214572959572712 0.015026741382749134 0.00303669399002827 0.014913887651372765 0.0009926243788545776 0.009726370094541961 0.0001851898369513074 0.004430990310624884 3.385658329449849e-05 0.0015224013390625316 2.365850178185771e-06 0.001 2.309618910181871e-08 0.001 0.0 0.001 0.0 0.001 1
181 36.2056 205.39554 4.427124267820468e-12 0.001 3.3615540955797384e-10 0.001 9.74923552822401e-09 0.001 1.8318283992507147e-07 0.001 3.8064989949420114e-06 0.001 4.4875592367421655e-05 0.001 0.00032323194922510655 0.0023470492504602974 0.0016804805951181286 0.007067303701036797 0.006157389874163265 0.014158760155028753 0.015284665432633193 0.01794372184245794 0.026664594725239188 0.012413868711451859 0.04089476719032313 0.013823528353843501 0.06664823409005609 0.01260037138223222 0.11257897146532991 0.00939940753703488 0.16871625063681384 0.01672748153525576 0.19247834282851467 0.024120239950598893 0.16013967907111495 0.014139912643972491 0.10080548076574121 0.009543439531580392 0.05353752452070758 0.01367077367736972 0.02775400982118103 0.012275664386462883 0.015339717623892872 0.014132344589016655 0.0073151412028282245 0.016872231744512592 0.0027846956457035135 0.011741677914260226 0.0007090053072911579 0.005334556351674942 0.00012102195393991151 0.0016527814894710707 1.6690411868730362e-05 0.001 1.166422002265086e-06 0.001 6.063331495471045e-08 0.001 2.3893493125791076e-09 0.001 7.962754713036276e-11 0.001 1
182 28.9143 225.26384 0.0 0.001 5.643759895218503e-09 0.001 2.851036380656615e-07 0.001 2.197050650469731e-06 0.001 2.2167829869899687e-05 0.001 0.00014643162081707072 0.0020416151522905405 0.0006257610030240008 0.005917150512717846 0.0024603747377618663 0.012282245604877971 0.006965835680068669 0.016755116410539436 0.017429547300048764 0.013166496648426966 0.032292726607281066 0.009119872205524857 0.05227179092031807 0.014552264897517746 0.07929828277657554 0.008169093201978166 0.11668658339779216 0.006585439303394031 0.15768297501704887 0.014894958957050786 0.17739933944548572 0.01885731207103905 0.15860976915049396 0.011493229620168022 0.10942368774814758 0.0049383755578414415 0.0580295905812901 0.01196103233737314 0.023460073885215163 0.012835458619181327 0.006471613462129395 0.008697670751819656 0.0007209610385836534 0.016202730748733726 0.0 0.015814820604654015 0.0 0.009584638229243467 0.0 0.003994680243138718 0.0 0.001207500457721258 0.0 0.001 0.0 0.001 0.0 0.001 0.0 0.001 1
183 39.1546 220.16672 0.0 0.001 0.0 0.001 0.0 0.001 8.383001811355475e-07 0.001 1.3424645351284628e-05 0.001 0.00011141624932285796 0.0013139439209256792 0.0005334003478483275 0.0043028974697243635 0.0021111479680848795 0.010172303135317693 0.007347126415593932 0.016075093723537912 0.01758491421422739 0.014562710399374793 0.032158369134057924 0.008472735274770528 0.04976485593804667 0.01377431898421744 0.07259903287403256 0.00977568575760937 0.10962421583232054 0.005791628038505116 0.1549045577323121 0.012915858399966312 0.18153580725760207 0.018594879072625303 0.16294106383082144 0.012198413892605883 0.11119938502977045 0.005507975458036926 0.05858358453321335 0.011255638074726217 0.025073721683977868 0.011590911160927062 0.009427147663331473 0.00879117463542976 0.0033035936346632227 0.015207401599192105 0.0009576260376913958 0.014272703239281197 0.0002247706775490827 0.00814383186094081 0.0 0.0032512581549320125 0.0 0.001 0.0 0.001 0.0 0.001 0.0 0.001 0.0 0.001 1
184 39.7393 231.34103 6.302825594529658e-09 0.001 9.787078729691731e-08 0.001 1.0143067648337584e-06 0.001 8.291676675769102e-06 0.001 4.25961705197418e-05 0.001 0.00024926796848041296 0.0023757318973719457 0.0009978506329427481 0.0063718451700613375 0.0033499057880254737 0.012465780921713349 0.007893296915781105 0.01605943687512116 0.016835605426825388 0.012612838120356297 0.0299304490686869 0.008541808087848594 0.048930270426116466 0.014041342054200722 0.07616503196159437 0.008245305362599313 0.11295892212584385 0.005733500159210821 0.15157302095945308 0.013477524205924449 0.17170374814649317 0.01833609514119358 0.15771786699938392 0.011867420323663586 0.11512711103174066 0.005078783896166977 0.06600470017638307 0.010258414346848255 0.029042979834804344 0.012891974998726886 0.009399035089777836 0.0076176722855037324 0.002068797970162533 0.014148050439514337 0.0 0.016437148506429706 0.0 0.011229878039111534 0.0 0.005266904250788502 0.0 0.0018327669213872694 0.0 0.001 1.331499313159016e-07 0.001 0.0 0.001 0.0 0.001 1
185 54.1585 228.6421 3.2922759939615696e-09 0.001 4.8767512837937706e-08 0.001 5.962916005959853e-07 0.001 4.700624099228063e-06 0.001 2.997463961423119e-05 0.001 0.0001620545161604278 0.0017376868519975983 0.0008387252585039162 0.005039689690044045 0.002633128796230304 0.010818358076296865 0.0070296258405053436 0.01576604227568 0.01623576439394195 0.013458011930597822 0.028270641527047696 0.007964269272045294 0.04508109632805571 0.013419090249664162 0.06839261008461228 0.009608380420710674 0.10401441384757597 0.004559018899826461 0.14577279186246836 0.01239621301459845 0.1729273248094067 0.017893395057260342 0.16136589254569186 0.013231544890284025 0.11759335968059968 0.005025559358358987 0.06807848139180511 0.009246512964796262 0.03256678030803989 0.013380677405658898 0.014834152677541316 0.007389373182055697 0.0073171923581606055 0.013542319447091066 0.004092603881664838 0.01647379496860335 0.0019357098741497173 0.01153983971925156 0.0006073264970163589 0.005575725551200338 0.00017072692416354173 0.0019306900683746827 3.7830937545527746e-05 0.001 5.601468305065723e-06 0.001 7.698035525339566e-07 0.001 7.077215214528282e-08 0.001 1
186 61.4853 219.61989 4.5362332042698907e-10 0.001 7.840170624058964e-09 0.001 1.3111292676316058e-07 0.001 1.3173861480038788e-06 0.001 1.3182869268572142e-05 0.001 0.00011078407752889277 0.001 0.000615311449784593 0.003372606026103554 0.002228260013541762 0.008390961203964148 0.007312150217217992 0.01434594108300439 0.0161897944603037 0.015528061678774137 0.028490437321636038 0.008454052617029292 0.042387003926235775 0.012162571219985109 0.06247287622831163 0.011255810713204459 0.09755168292107215 0.004308502511663044 0.1456147166327438 0.010988470824909016 0.17882063020857844 0.018555455517469288 0.1666908232417743 0.013216545109800443 0.11797298386239842 0.004798741968232607 0.06561298131152836 0.009480696467063326 0.032654301311572695 0.012787817360257555 0.017533672809259424 0.007428396910626657 0.009642465001844869 0.014677313103159575 0.005235943721233957 0.015894661352932264 0.002117949023876459 0.009810267445738187 0.0005906397663733159 0.004109514573890458 0.00012034356573968682 0.001288297243793634 1.7064458677668703e-05 0.001 2.281936392489806e-06 0.001 2.4242556156075304e-07 0.001 2.0444674762951862e-08 0.001 1
187 67.0515 203.83334 5.7630001958460037e-11 0.001 1.605322672663121e-09 0.001 3.418069943421718e-08 0.001 4.6261218344469104e-07 0.001 5.125751426173985e-06 0.001 4.362913800446447e-05 0.001 0.00031166992544014594 0.0013515620528823228 0.0016161510009546818 0.004668423203747054 0.00577164594858806 0.011125340507273592 0.014954062923934641 0.016792019543134768 0.030599000205678614 0.012568607585425445 0.04516718154031531 0.010502617157901843 0.06040384124889629 0.013707350274920593 0.08975395324664391 0.005456761531713587 0.14345232182615508 0.009999524005038979 0.18985280662677412 0.018880245057977155 0.18044017722187042 0.014237517522765308 0.11986028444373614 0.005154188148371951 0.05934703892918783 0.011348764099242067 0.02713959494398371 0.012216459363237538 0.016199142608741758 0.00994988650493321 0.008924748960283219 0.01720630072257436 0.004331709295744709 0.01441230581202166 0.0013949224121814943 0.006855081528195194 0.00034446956101958395 0.0022343010923427256 7.432509382889408e-05 0.001 1.0464491767027522e-05 0.001 1.139914850030305e-06 0.001 8.927462263573051e-08 0.001 5.009535602509914e-09 0.001 1
188 68.7839 217.91689 0.0 100000.0 0.0 100000.0 0.0 100000.0 0.0 100000.0 0.0 100000.0 0.0 100000.0 0.0 100000.0 0.0 100000.0 0.0 100000.0 0.0 100000.0 0.0 100000.0 0.0 100000.0 0.0 100000.0 0.0 100000.0 0.0 100000.0 0.0 100000.0 0.0 100000.0 0.0 100000.0 0.0 100000.0 0.0 100000.0 0.0 100000.0 0.0 100000.0 0.0 100000.0 0.0 100000.0 0.0 100000.0 0.0 100000.0 0.0 100000.0 0.0 100000.0 0.0 100000.0 0.0 100000.0 0
189 65.0686 221.64806 0.0 100000.0 0.0 100000.0 0.0 100000.0 0.0 100000.0 0.0 100000.0 0.0 100000.0 0.0 100000.0 0.0 100000.0 0.0 100000.0 0.0 100000.0 0.0 100000.0 0.0 100000.0 0.0 100000.0 0.0 100000.0 0.0 100000.0 0.0 100000.0 0.0 100000.0 0.0 100000.0 0.0 100000.0 0.0 100000.0 0.0 100000.0 0.0 100000.0 0.0 100000.0 0.0 100000.0 0.0 100000.0 0.0 100000.0 0.0 100000.0 0.0 100000.0 0.0 100000.0 0.0 100000.0 0
190 55.0942 216.43396 0.0 100000.0 0.0 100000.0 0.0 100000.0 0.0 100000.0 0.0 100000.0 0.0 100000.0 0.0 100000.0 0.0 100000.0 0.0 100000.0 0.0 100000.0 0.0 100000.0 0.0 100000.0 0.0 100000.0 0.0 100000.0 0.0 100000.0 0.0 100000.0 0.0 100000.0 0.0 100000.0 0.0 100000.0 0.0 100000.0 0.0 100000.0 0.0 100000.0 0.0 100000.0 0.0 100000.0 0.0 100000.0 0.0 100000.0 0.0 100000.0 0.0 100000.0 0.0 100000.0 0.0 100000.0 0
191 36.9688 215.72322 0.0 100000.0 0.0 100000.0 0.0 100000.0 0.0 100000.0 0.0 100000.0 0.0 100000.0 0.0 100000.0 0.0 100000.0 0.0 100000.0 0.0 100000.0 0.0 100000.0 0.0 100000.0 0.0 100000.0 0.0 100000.0 0.0 100000.0 0.0 100000.0 0.0 100000.0 0.0 100000.0 0.0 100000.0 0.0 100000.0 0.0 100000.0 0.0 100000.0 0.0 100000.0 0.0 100000.0 0.0 100000.0 0.0 100000.0 0.0 100000.0 0.0 100000.0 0.0 100000.0 0.0 100000.0 0
192 21.5567 217.06923 0.0 100000.0 0.0 100000.0 0.0 100000.0 0.0 100000.0 0.0 100000.0 0.0 100000.0 0.0 100000.0 0.0 100000.0 0.0 100000.0 0.0 100000.0 0.0 100000.0 0.0 100000.0 0.0 100000.0 0.0 100000.0 0.0 100000.0 0.0 100000.0 0.0 100000.0 0.0 100000.0 0.0 100000.0 0.0 100000.0 0.0 100000.0 0.0 100000.0 0.0 100000.0 0.0 100000.0 0.0 100000.0 0.0 100000.0 0.0 100000.0 0.0 100000.0 0.0 100000.0 0.0 100000.0 0
193 3.1134 212.57564 0.0 100000.0 0.0 100000.0 0.0 100000.0 0.0 100000.0 0.0 100000.0 0.0 100000.0 0.0 100000.0 0.0 100000.0 0.0 100000.0 0.0 100000.0 0.0 100000.0 0.0 100000.0 0.0 100000.0 0.0 100000.0 0.0 100000.0 0.0 100000.0 0.0 100000.0 0.0 100000.0 0.0 100000.0 0.0 100000.0 0.0 100000.0 0.0 100000.0 0.0 100000.0 0.0 100000.0 0.0 100000.0 0.0 100000.0 0.0 100000.0 0.0 100000.0 0.0 100000.0 0.0 100000.0 0
