data/processed/NGC5813-h6/hist_kins_o.ecsv
# %ECSV 1.0
# ---
# datatype:
# - {name: binID_dynamite, datatype: int64}
# - {name: v, datatype: float32}
# - {name: sigma, datatype: float32}
# - {name: losvd_0, datatype: float64}
# - {name: dlosvd_0, datatype: float64}
# - {name: losvd_1, datatype: float64}
# - {name: dlosvd_1, datatype: float64}
# - {name: losvd_2, datatype: float64}
# - {name: dlosvd_2, datatype: float64}
# - {name: losvd_3, datatype: float64}
# - {name: dlosvd_3, datatype: float64}
# - {name: losvd_4, datatype: float64}
# - {name: dlosvd_4, datatype: float64}
# - {name: losvd_5, datatype: float64}
# - {name: dlosvd_5, datatype: float64}
# - {name: losvd_6, datatype: float64}
# - {name: dlosvd_6, datatype: float64}
# - {name: losvd_7, datatype: float64}
# - {name: dlosvd_7, datatype: float64}
# - {name: losvd_8, datatype: float64}
# - {name: dlosvd_8, datatype: float64}
# - {name: losvd_9, datatype: float64}
# - {name: dlosvd_9, datatype: float64}
# - {name: losvd_10, datatype: float64}
# - {name: dlosvd_10, datatype: float64}
# - {name: losvd_11, datatype: float64}
# - {name: dlosvd_11, datatype: float64}
# - {name: losvd_12, datatype: float64}
# - {name: dlosvd_12, datatype: float64}
# - {name: losvd_13, datatype: float64}
# - {name: dlosvd_13, datatype: float64}
# - {name: losvd_14, datatype: float64}
# - {name: dlosvd_14, datatype: float64}
# - {name: losvd_15, datatype: float64}
# - {name: dlosvd_15, datatype: float64}
# - {name: losvd_16, datatype: float64}
# - {name: dlosvd_16, datatype: float64}
# - {name: losvd_17, datatype: float64}
# - {name: dlosvd_17, datatype: float64}
# - {name: losvd_18, datatype: float64}
# - {name: dlosvd_18, datatype: float64}
# - {name: losvd_19, datatype: float64}
# - {name: dlosvd_19, datatype: float64}
# - {name: losvd_20, datatype: float64}
# - {name: dlosvd_20, datatype: float64}
# - {name: losvd_21, datatype: float64}
# - {name: dlosvd_21, datatype: float64}
# - {name: losvd_22, datatype: float64}
# - {name: dlosvd_22, datatype: float64}
# - {name: losvd_23, datatype: float64}
# - {name: dlosvd_23, datatype: float64}
# - {name: losvd_24, datatype: float64}
# - {name: dlosvd_24, datatype: float64}
# - {name: losvd_25, datatype: float64}
# - {name: dlosvd_25, datatype: float64}
# - {name: losvd_26, datatype: float64}
# - {name: dlosvd_26, datatype: float64}
# - {name: losvd_27, datatype: float64}
# - {name: dlosvd_27, datatype: float64}
# - {name: losvd_28, datatype: float64}
# - {name: dlosvd_28, datatype: float64}
# - {name: losvd_29, datatype: float64}
# - {name: dlosvd_29, datatype: float64}
# - {name: is_good, datatype: int64}
# meta: !!omap
# - {dv: 100.0}
# - vcent: [-1450.0, -1350.0, -1250.0, -1150.0, -1050.0, -950.0, -850.0, -750.0, -650.0, -550.0, -450.0, -350.0, -250.0, -150.0, -50.0,
#     50.0, 150.0, 250.0, 350.0, 450.0, 550.0, 650.0, 750.0, 850.0, 950.0, 1050.0, 1150.0, 1250.0, 1350.0, 1450.0]
# - {nbins: 459}
# - {nvbins: 30}
# - PSF:
#     sigma: [0.3329209608324763, 1.5030246371924072]
#     weight: [0.8112598413714794, 0.18874015862852056]
# schema: astropy-2.0
binID_dynamite v sigma losvd_0 dlosvd_0 losvd_1 dlosvd_1 losvd_2 dlosvd_2 losvd_3 dlosvd_3 losvd_4 dlosvd_4 losvd_5 dlosvd_5 losvd_6 dlosvd_6 losvd_7 dlosvd_7 losvd_8 dlosvd_8 losvd_9 dlosvd_9 losvd_10 dlosvd_10 losvd_11 dlosvd_11 losvd_12 dlosvd_12 losvd_13 dlosvd_13 losvd_14 dlosvd_14 losvd_15 dlosvd_15 losvd_16 dlosvd_16 losvd_17 dlosvd_17 losvd_18 dlosvd_18 losvd_19 dlosvd_19 losvd_20 dlosvd_20 losvd_21 dlosvd_21 losvd_22 dlosvd_22 losvd_23 dlosvd_23 losvd_24 dlosvd_24 losvd_25 dlosvd_25 losvd_26 dlosvd_26 losvd_27 dlosvd_27 losvd_28 dlosvd_28 losvd_29 dlosvd_29 is_good
[from data line 436]
437 -87.9241 210.9553 1.0294035933101566e-09 0.001 4.944556268409734e-08 0.001 7.754193043768242e-07 0.001 9.422934683036771e-06 0.001 7.081601379163085e-05 0.001110783728496074 0.0003751451633686228 0.003688717833654304 0.0014442442130528262 0.008737350224387475 0.003811259781183781 0.015305649183291772 0.008012842273556383 0.015318228453523887 0.01432769342290204 0.01245013449828252 0.033084032553768454 0.014826818727150018 0.0756820998152721 0.01227242453096481 0.13714760203402995 0.012120868851117989 0.18310162301005603 0.020347170850464058 0.17822337231776514 0.020628718597747023 0.1311862713724093 0.012131273736070002 0.08450894965059763 0.010349364291228673 0.058027976790764574 0.015038733706656763 0.04217655316528367 0.012526913307764958 0.027971985881155438 0.01625051416071952 0.01388372647206325 0.018836108230585548 0.005256465195784226 0.012444481997927227 0.0013963014202726493 0.005467367865827938 0.00026475964128523996 0.0017292095353980568 3.2569180331185707e-05 0.001 3.211336520677098e-06 0.001 2.3867841547505164e-07 0.001 1.139930781936745e-08 0.001 3.7772634032037163e-10 0.001 1.0381943486032577e-11 0.001 1
438 -24.7675 173.8831 0.0 0.001 3.0326762165960566e-15 0.001 5.599504560512175e-13 0.001 1.4878885240622165e-10 0.001 9.007309349213991e-09 0.001 5.176821554970026e-07 0.001 1.4653764948949227e-05 0.0010130101270508357 0.00024826095743304304 0.0044130397474323995 0.0022346106793671937 0.012497033559324817 0.010500064021464578 0.02123204439216867 0.026671799681262705 0.020527191900689 0.052668299499606254 0.021765549033633393 0.09560214572537337 0.01771742528266171 0.1617881532282612 0.02151500902874856 0.21953979047196523 0.029928837699721947 0.2111039186613029 0.026031071367274283 0.13622745880791892 0.0196553305804108 0.0588915762397299 0.022020280846032473 0.017776684607329445 0.0200968212825027 0.0048957318585276435 0.0240952814441702 0.0014505120269822998 0.017953404551503963 0.0003307175351336787 0.008198748092952696 5.1213235624914287e-05 0.002494898417742571 3.735915455851319e-06 0.001 1.4185329656879928e-07 0.001 4.327766461362048e-09 0.001 6.201592323914015e-11 0.001 4.1380645699371974e-13 0.001 2.397078016940978e-15 0.001 0.0 0.001 1
439 4.2789 230.1514 2.373308159143961e-08 0.001 3.2039736748314353e-07 0.001 3.3686858051651753e-06 0.001 2.408574700695474e-05 0.001 0.0001393399532634714 0.001 0.0006215411579221702 0.0029695801883362232 0.0021596770095589184 0.007398774148536713 0.006093272669269749 0.01279741011974178 0.012902700687980358 0.014911728081695148 0.02220682535086745 0.010387795952818768 0.03437913092087564 0.010999955232428239 0.05304466256072751 0.012280895366127854 0.08390741288206806 0.007557721358040677 0.12559911568559007 0.009528104075325367 0.16241779294049508 0.017542442660070393 0.16944497552938442 0.017396432345157392 0.13946765948809225 0.01018439002256219 0.09148769816118306 0.007231205556245082 0.04985133892058553 0.012578714459061745 0.02361984260425543 0.011441077900048134 0.012015238866809408 0.01010348478627738 0.006022765625559785 0.015390895237166965 0.002979755963878052 0.01394168290113475 0.0011542780118684042 0.008142392964928854 0.0003449070021207814 0.0033820611457949373 9.135537779000225e-05 0.0010576408351506217 1.811829181692594e-05 0.001 2.4892134111618166e-06 0.001 2.8226058604779187e-07 0.001 2.4300778944533877e-08 0.001 1
440 -78.6327 205.7707 0.0 0.001 0.0 0.001 0.0 0.001 0.0 0.001 0.0 0.001 0.0 0.0028699162710275313 0.0 0.00827671683343369 0.0007500941935800504 0.016603044503280387 0.004134228513839769 0.019751382757426397 0.01626129081309617 0.0149513050268065 0.04225048244822822 0.01632530951257126 0.08348869932825499 0.013990559929532846 0.1349358437939344 0.012040587504442764 0.18101713349029122 0.019622636269383348 0.1916387392390457 0.022859918977530383 0.1615892920564672 0.015876505337888785 0.10578136799025478 0.012121576899685751 0.053791776820062275 0.0174099724607328 0.019712612979755226 0.015228920278450773 0.004648438333190083 0.018161458121558314 0.0 0.018912815090894538 0.0 0.012079031387511152 0.0 0.004923801577747349 0.0 0.0014702120289783295 0.0 0.001 0.0 0.001 0.0 0.001 0.0 0.001 0.0 0.001 0.0 0.001 1
441 -72.5543 181.4522 0.0 0.001 2.4318298137803788e-15 0.001 1.2254392803739345e-11 0.001 3.716195066289798e-09 0.001 3.364705655334405e-07 0.001 1.210738561695845e-05 0.001 0.0002884299044249582 0.003463413497573856 0.0026972565184875874 0.00970499602899329 0.010839630529748527 0.017288069938589428 0.025800192207037265 0.020902274817907386 0.03950706960285549 0.019187611944186455 0.05841073651418054 0.01769143704115045 0.10937729900354831 0.01740512993270575 0.19027428124334902 0.025797757098323076 0.21470444955349227 0.0347712948485374 0.14834304534068574 0.02055630395524799 0.08192769467994801 0.015519969329998572 0.05397423259101703 0.01851756420151111 0.03704801570393204 0.019318316172569967 0.02011572840721181 0.020563175357962215 0.00573382661052866 0.014936155272441255 0.0008804008236650708 0.00686711651225074 6.337279659294666e-05 0.0020922613363071494 1.8817330925884957e-06 0.001 8.624092803673373e-09 0.001 2.746278092594148e-11 0.001 1.2213870749322146e-14 0.001 0.0 0.001 0.0 0.001 0.0 0.001 1
442 -70.6377 203.843 0.0 0.001 2.0338480072414884e-10 0.001 1.0054117204406212e-08 0.001 3.9932244404597825e-07 0.001 7.84331134753423e-06 0.001 9.104143469829378e-05 0.0025296972914167102 0.0006384448920694427 0.007253085652297198 0.002553388176164997 0.014439556842499849 0.007932455280808626 0.01866451688449868 0.015868123407603844 0.016125766772342478 0.031574029570936225 0.017074441733773253 0.06704006498233472 0.015210104199339027 0.12397976251788768 0.016088932570332892 0.17948791186302415 0.01873800375051858 0.19085494059471803 0.02373542036162285 0.1482679618412088 0.01753455081817061 0.09416677909235446 0.013792506420838499 0.05929031095428007 0.016024986942383686 0.03908445004487248 0.015678090163078383 0.023693763197954097 0.017823504336598905 0.011158850665669642 0.017768223081502492 0.003462893799077949 0.011354524842339281 0.0007292314589438113 0.004610851289822285 0.00010785675584546341 0.0013824196170173927 9.037501264617537e-06 0.001 4.3610977060267084e-07 0.001 1.2822798044779203e-08 0.001 1.4397292594460345e-10 0.001 4.4737336330277774e-13 0.001 0.0 0.001 1
443 -65.1366 226.027 2.7834422325420402e-08 0.001 2.259374458536615e-07 0.001 2.5782211937610534e-06 0.001 2.4669919192686613e-05 0.001 0.0001298625197021763 0.001947010193132094 0.0005134423812087308 0.005458526486588903 0.001589535457934497 0.011587262638295601 0.00437298069259399 0.016837551736039784 0.009704364294541775 0.015179113007933478 0.019990950837019118 0.01046001537101163 0.04105673000192832 0.013941145155482178 0.07557900914728921 0.010697181999261417 0.12162314893555858 0.009385803189753267 0.16231168902861107 0.015160731985701517 0.17420402730445425 0.019169308489634843 0.15067264722091908 0.01253503226955581 0.10617534476338657 0.008144813579633245 0.06448348850563616 0.012256966108013339 0.03508655236039679 0.01329521841604831 0.018188766502253366 0.01103766139359319 0.008937597741723341 0.015675417089197223 0.003647278222923058 0.015204759421747191 0.0012948725687620438 0.009383010095126376 0.00033734437909585405 0.003994564431812726 6.380351610657726e-05 0.0012511109399441452 8.049837133446639e-06 0.001 9.13116687062978e-07 0.001 9.177082354518458e-08 0.001 6.622613070652763e-09 0.001 3.5844375240344276e-10 0.001 1
444 -82.1233 193.2164 5.102475023009916e-13 0.001 4.690960821912352e-11 0.001 3.98664411096815e-09 0.001 1.2021964038366955e-07 0.001 2.503890682126249e-06 0.001 5.545684302234698e-05 0.0015372791291624146 0.00047986101288167245 0.005493908598978263 0.0022398897551503365 0.012335625896242385 0.006138307445950254 0.0195227491343108 0.012347411871817482 0.021392371944169986 0.027548184103611328 0.02132962563284211 0.06693378307424451 0.01969814364939356 0.1345892000006791 0.020513365057715068 0.19635905903563036 0.025934648578326405 0.1972922506649656 0.02864500978831616 0.14383261275177217 0.02133501684209374 0.08907246183921066 0.017068284378759124 0.05645283736816287 0.020491495543375114 0.037450611552993514 0.02081507068525386 0.019554955428648442 0.020612391255432523 0.007646591554144817 0.015357074922546232 0.001744154622270521 0.007748269063028763 0.00023810160370077045 0.0026296436457021303 2.0395995731811464e-05 0.001 1.1998610372744452e-06 0.001 4.4635766795159526e-08 0.001 8.238552835305478e-10 0.001 1.0295882534317441e-11 0.001 6.94965680439697e-14 0.001 1.8197684463789034e-16 0.001 1
445 -28.2029 240.5233 0.0 0.001 0.0 0.001 0.0 0.001 0.0 0.001 0.0 0.002391982296589124 0.0 0.006085784015482005 0.0 0.011868831240141056 0.00035281930119301946 0.015758883050926854 0.004605460225339384 0.013822913830973418 0.014224510157667273 0.01028978167396488 0.034915735720274996 0.013638397287463076 0.06923016374802186 0.011714100777096927 0.10962031914430304 0.008849651888076897 0.1455209188263542 0.013732246587651153 0.16439338914447485 0.01854579079104081 0.15637826927886916 0.015619025224504646 0.12526454283981836 0.010294452579625822 0.0851875705791768 0.009652546938650246 0.04987067041532421 0.014667299292160617 0.024150952356969634 0.01138821682306914 0.01068389094083392 0.012050929991634105 0.00398732881279509 0.017129921517312588 0.0012590590987281837 0.014973855111439734 0.00025473099370936614 0.00892118324065783 8.480523132004804e-05 0.003927985555170045 9.132647291886657e-06 0.001332479189939264 4.480283556787389e-06 0.001 1.1227582121578837e-06 0.001 1.161103590561204e-07 0.001 1.1385406522805222e-08 0.001 1
446 -72.5757 209.0691 0.0 0.001 0.0 0.001 0.0 0.001 0.0 0.001 0.0 0.001 0.0 0.0032547799219784096 0.0 0.008665385984585147 0.0 0.015654211156756408 0.0005661727861279116 0.018118006576851125 0.007812445099060017 0.012221812457913744 0.028716171375234786 0.014792944177055664 0.07377023976717562 0.013260887463573897 0.1341776302937022 0.011572866126272667 0.1816899013594343 0.018924641731973654 0.18538122110956837 0.021920884675259433 0.14799557786636097 0.014581955038570557 0.099542262059588 0.009980764580952747 0.06377515220484348 0.014845168691769012 0.03948825780666413 0.013755854038259492 0.02273054434520295 0.014334889206679573 0.009846993267785847 0.017367431026025164 0.003310323109731362 0.012628051610115867 0.0010054656838529036 0.005622041986305708 0.00016512409352788804 0.0018100152011534007 2.450450388149526e-05 0.001 1.8801196817339167e-06 0.001 1.2779775708249715e-07 0.001 5.165552187187776e-09 0.001 1.8195704813854573e-10 0.001 3.3094760812244246e-12 0.001 1
447 -75.2684 222.0849 6.235192449395743e-09 0.001 6.917254449528067e-08 0.001 5.240832767580234e-07 0.001 8.212658387989457e-06 0.001 5.056819712594022e-05 0.0018930338521032926 0.00029746341852512085 0.00530466450343871 0.0010297368564729092 0.011308981453723804 0.002574031956486334 0.016964302868530193 0.006850394598976611 0.017310348739262887 0.017348211060980463 0.014548395297569985 0.03909663780605611 0.016159449395592305 0.07934204307939718 0.015533345064599725 0.13064434178235473 0.01601604808558795 0.1710488350428075 0.01874348773646295 0.17505334827074154 0.0214204103863576 0.1451939840254664 0.016641555122291263 0.10082398268246454 0.014976472131588155 0.062261034166586564 0.015094124685268814 0.035577827268153894 0.015275757693454253 0.019272964094536753 0.015512346945933484 0.008925952404389965 0.01768407883114209 0.0033229647761321294 0.014241145477629644 0.000986933597045821 0.008133610974703609 0.0002472838406479214 0.003233679907208202 3.845474598724242e-05 0.001 3.8590446908533755e-06 0.001 3.178714656280725e-07 0.001 1.6543659869894234e-08 0.001 7.045904824063458e-10 0.001 1.4855985578854585e-11 0.001 1
448 -81.0717 211.8659 1.6416933633431876e-09 0.001 3.1329198799051217e-08 0.001 5.486340776899798e-07 0.001 5.322293479106082e-06 0.001 3.37513069079971e-05 0.0010583459186081978 0.00011975191987431492 0.0036979889529663817 0.0004919788830983407 0.008924121736191826 0.0018755243749865665 0.015485817575169026 0.004310327021848502 0.01590069786503384 0.012776959814514677 0.013104313621995083 0.03494984438917172 0.016150366683698368 0.07951307513237875 0.012681493273672427 0.1372766547269508 0.012351820966866205 0.18048475067932487 0.01862937908044429 0.18081243049519075 0.021024642059099916 0.1440637347783309 0.013827625862777068 0.09563474641743093 0.010597019279657442 0.05938116903051661 0.015262497337367394 0.034966749216851695 0.012995398760607636 0.019910757058945325 0.015191491958641983 0.009163915744770242 0.017373329165388543 0.0031559434937169346 0.012113364060744489 0.000889243164898918 0.005668987345328665 0.00016275427885759476 0.0018333502903284467 1.8174087212951537e-05 0.001 1.7544075506848155e-06 0.001 1.0005535381319847e-07 0.001 5.477901010777625e-09 0.001 1.4268142245501698e-10 0.001 2.284631763224904e-12 0.001 1
449 -11.3306 237.6933 2.2593519514321597e-09 0.001 0.0 0.001 9.909841431609769e-09 0.001 5.2577973016706955e-08 0.001 0.0 0.0017887904239275363 0.0 0.00481804113615689 0.0 0.01036769842589854 0.0 0.015747348434982555 0.0 0.01615910364811277 0.004589054919481511 0.011536563312780518 0.02044067544282458 0.013123030900716814 0.05474449441828776 0.014628074827640447 0.10329485011268562 0.011659261602057623 0.14851122828565197 0.01356709901894565 0.16827698672962757 0.01788610411266331 0.1549014619653733 0.016214898827286592 0.12063035761627453 0.01229650116625431 0.08589041931796194 0.01109553400434806 0.05923168385410306 0.013156431710100211 0.038111458886261176 0.012420995287419283 0.02306279835267449 0.012834185572545394 0.011236346717463323 0.016108809193568382 0.0048165665178360965 0.013675164225639927 0.0016436305936923068 0.008206100653527832 0.00048072145226712 0.0037497213326665654 0.00011608233570679928 0.0013004531782226303 1.8386872012169436e-05 0.001 2.519170973209718e-06 0.001 2.0301064362919393e-07 0.001 8.681031556489015e-09 0.001 1
450 -28.6243 207.448 6.704292808073785e-11 0.001 2.7732389588168668e-09 0.001 7.001630077881762e-08 0.001 1.035951545895309e-06 0.001 1.3534066587423973e-05 0.001 0.00010667326023134213 0.0019480070538469784 0.0005645697251666734 0.005949410901730061 0.001645418027048005 0.012639777271397173 0.005191578186744311 0.017819747252064068 0.012115542912950441 0.017271142722382123 0.02481311491781383 0.014131739257926695 0.05253234987437874 0.016066765132480985 0.10062650659241448 0.014540179193603925 0.1580537673223482 0.016641985163955417 0.18947268422137964 0.023841270730527372 0.1697986254849487 0.019539297527671973 0.11852970221414551 0.014824452828858109 0.07266330537552046 0.014635609709285673 0.04449439959509166 0.01617133345686864 0.026252227056258865 0.01469866267287185 0.014992310624875072 0.017165537253407904 0.006080358799072639 0.014575286773467352 0.0016439192872980798 0.00791108875045496 0.00035083616919157117 0.003110576239507577 5.272725455780338e-05 0.001 4.520205653493607e-06 0.001 2.1065469033737133e-07 0.001 9.112326135965339e-09 0.001 2.4764048471741114e-10 0.001 3.537602797493033e-12 0.001 1
