data/processed/NGC5813-h6/hist_kins_s.ecsv
# %ECSV 1.0
# ---
# datatype:
# - {name: binID_dynamite, datatype: int64}
# - {name: v, datatype: float32}
# - {name: sigma, datatype: float32}
# - {name: losvd_0, datatype: float64}
# - {name: dlosvd_0, datatype: float64}
# - {name: losvd_1, datatype: float64}
# - {name: dlosvd_1, datatype: float64}
# - {name: losvd_2, datatype: float64}
# - {name: dlosvd_2, datatype: float64}
# - {name: losvd_3, datatype: float64}
# - {name: dlosvd_3, datatype: float64}
# - {name: losvd_4, datatype: float64}
# - {name: dlosvd_4, datatype: float64}
# - {name: losvd_5, datatype: float64}
# - {name: dlosvd_5, datatype: float64}
# - {name: losvd_6, datatype: float64}
# - {name: dlosvd_6, datatype: float64}
# - {name: losvd_7, datatype: float64}
# - {name: dlosvd_7, datatype: float64}
# - {name: losvd_8, datatype: float64}
# - {name: dlosvd_8, datatype: float64}
# - {name: losvd_9, datatype: float64}
# - {name: dlosvd_9, datatype: float64}
# - {name: losvd_10, datatype: float64}
# - {name: dlosvd_10, datatype: float64}
# - {name: losvd_11, datatype: float64}
# - {name: dlosvd_11, datatype: float64}
# - {name: losvd_12, datatype: float64}
# - {name: dlosvd_12, datatype: float64}
# - {name: losvd_13, datatype: float64}
# - {name: dlosvd_13, datatype: float64}
# - {name: losvd_14, datatype: float64}
# - {name: dlosvd_14, datatype: float64}
# - {name: losvd_15, datatype: float64}
# - {name: dlosvd_15, datatype: float64}
# - {name: losvd_16, datatype: float64}
# - {name: dlosvd_16, datatype: float64}
# - {name: losvd_17, datatype: float64}
# - {name: dlosvd_17, datatype: float64}
# - {name: losvd_18, datatype: float64}
# - {name: dlosvd_18, datatype: float64}
# - {name: losvd_19, datatype: float64}
# - {name: dlosvd_19, datatype: float64}
# - {name: losvd_20, datatype: float64}
# - {name: dlosvd_20, datatype: float64}
# - {name: losvd_21, datatype: float64}
# - {name: dlosvd_21, datatype: float64}
# - {name: losvd_22, datatype: float64}
# - {name: dlosvd_22, datatype: float64}
# - {name: losvd_23, datatype: float64}
# - {name: dlosvd_23, datatype: float64}
# - {name: losvd_24, datatype: float64}
# - {name: dlosvd_24, datatype: float64}
# - {name: losvd_25, datatype: float64}
# - {name: dlosvd_25, datatype: float64}
# - {name: losvd_26, datatype: float64}
# - {name: dlosvd_26, datatype: float64}
# - {name: losvd_27, datatype: float64}
# - {name: dlosvd_27, datatype: float64}
# - {name: losvd_28, datatype: float64}
# - {name: dlosvd_28, datatype: float64}
# - {name: losvd_29, datatype: float64}
# - {name: dlosvd_29, datatype: float64}
# - {name: is_good, datatype: int64}
# meta: !!omap
# - {dv: 100.0}
# - vcent: [-1450.0, -1350.0, -1250.0, -1150.0, -1050.0, -950.0, -850.0, -750.0, -650.0, -550.0, -450.0, -350.0, -250.0, -150.0, -50.0,
#     50.0, 150.0, 250.0, 350.0, 450.0, 550.0, 650.0, 750.0, 850.0, 950.0, 1050.0, 1150.0, 1250.0, 1350.0, 1450.0]
# - {nbins: 1145}
# - {nvbins: 30}
# - PSF:
#     sigma: [0.7981244701379099, 2.5355469313804813]
#     weight: [0.8646833678516875, 0.13531663214831247]
# schema: astropy-2.0
binID_dynamite v sigma losvd_0 dlosvd_0 losvd_1 dlosvd_1 losvd_2 dlosvd_2 losvd_3 dlosvd_3 losvd_4 dlosvd_4 losvd_5 dlosvd_5 losvd_6 dlosvd_6 losvd_7 dlosvd_7 losvd_8 dlosvd_8 losvd_9 dlosvd_9 losvd_10 dlosvd_10 losvd_11 dlosvd_11 losvd_12 dlosvd_12 losvd_13 dlosvd_13 losvd_14 dlosvd_14 losvd_15 dlosvd_15 losvd_16 dlosvd_16 losvd_17 dlosvd_17 losvd_18 dlosvd_18 losvd_19 dlosvd_19 losvd_20 dlosvd_20 losvd_21 dlosvd_21 losvd_22 dlosvd_22 losvd_23 dlosvd_23 losvd_24 dlosvd_24 losvd_25 dlosvd_25 losvd_26 dlosvd_26 losvd_27 dlosvd_27 losvd_28 dlosvd_28 losvd_29 dlosvd_29 is_good
[from data line 445]
446 4.201 220.95978 1.978870078214624e-09 0.001 3.857884299617242e-08 0.001 6.028509311780288e-07 0.001 6.16091308169925e-06 0.001 3.654888304225019e-05 0.001 0.00018617798249495872 0.0022142084196560014 0.0008831104979365958 0.00624267828436427 0.0033126810907556673 0.012631396284269358 0.008229521306582081 0.017081836206653656 0.01822068914362146 0.012224169531995377 0.03210463707152784 0.009736963653246108 0.052246838572031246 0.014253209049643206 0.08406112124616584 0.00632186219752668 0.12940439394740783 0.008146356893947812 0.1690867636858992 0.016919060189172608 0.17580546721788767 0.01771842493326299 0.14182952206214292 0.008494993965746447 0.08973654320684424 0.006099434642930585 0.0478778862406851 0.013284528807753208 0.02399725373789356 0.01005713728033904 0.012584424084039996 0.0106677692948304 0.006545569488576765 0.016733182656449533 0.0027487793043884843 0.013410813266212317 0.0008362199560563778 0.006680873490855934 0.00021950288090127418 0.0024032246549941915 3.4542360910877724e-05 0.001 4.5297071074567876e-06 0.001 4.523160537295681e-07 0.001 1.9520124636354262e-08 0.001 1.6719598770187287e-10 0.001 1
447 -3.6948 245.96501 2.152170870043832e-07 0.001 1.4427964615348318e-06 0.001 7.538052776168226e-06 0.001 3.851811076811838e-05 0.001 0.00017578686183370926 0.002362949786612558 0.0007182739201328538 0.005955388970891496 0.0020136804183686218 0.011418581713492758 0.004878741344629188 0.015316853781310018 0.009811582853365997 0.013134861424701461 0.017218219113649895 0.007491877724433606 0.03031386930322134 0.011887671012177992 0.05395034296958621 0.010658335182498646 0.09063537150373084 0.004576369691605783 0.13179713646454858 0.008641159639327288 0.1581366196289814 0.015458655520068074 0.15483961089387152 0.015398447439283688 0.12370230634148721 0.008468844864705928 0.08534335210111746 0.0049900479881383325 0.05481872535129261 0.010425860137767372 0.034898712214564705 0.011101351593795081 0.02254133923345744 0.007889488398136768 0.013172745358843793 0.012827526015504437 0.0068641486211689735 0.014639983487068808 0.002844736273574215 0.010321418384717156 0.0009660375518610719 0.0051960581032414865 0.0002504835206249969 0.0020369259270039287 4.942909652917605e-05 0.001 9.864130993656629e-06 0.001 1.0501414219617897e-06 0.001 1.2061004956330426e-07 0.001 1
448 -1.4915 241.03033 2.1224480035979156e-07 0.001 1.6915876387152368e-06 0.001 8.564601582033659e-06 0.001 4.4074269422366936e-05 0.001 0.0002164973648860857 0.0018078744755614233 0.0007888053616262247 0.0049791595326941045 0.002070004240374995 0.010069239742680711 0.004296376215324074 0.015034641799411115 0.008809444912329614 0.013418893611852003 0.017002283101821815 0.00734454848936622 0.03038099746625665 0.01141484806312715 0.05360449558811153 0.01087520234661599 0.0898398658462428 0.004160747691811746 0.13174223752334427 0.008330883754910083 0.16042543923134975 0.015704690044144307 0.1583908696559101 0.01540485071510625 0.12819174615495338 0.007994452438356496 0.08705531651664543 0.00434817395018379 0.053585192885227645 0.011355620598528893 0.032441806888343784 0.011462731481836559 0.020326336711523427 0.00760427767305144 0.011515134294575432 0.01434255543206984 0.005670229490205075 0.015057513582735757 0.0024285479822652844 0.010075886334951267 0.0008479346178660769 0.004824108353388324 0.00024990531503505964 0.0017710478466171796 5.415395651665909e-05 0.001 1.0111536797739519e-05 0.001 1.5338417605272398e-06 0.001 1.9059726300010807e-07 0.001 1
449 -1.4253 234.69725 5.027582377171864e-08 0.001 4.6490649409548575e-07 0.001 3.129156313929196e-06 0.001 1.8751262062037554e-05 0.001 9.733872228811549e-05 0.001336300357048928 0.00043780600705915556 0.004057213225547042 0.0014941277458744011 0.008917037915579079 0.004129819946561657 0.014534133221367967 0.01033383144454248 0.01487175007632595 0.019950778729825123 0.008634235634278807 0.03460909621602521 0.011503835292101432 0.056758247257280146 0.011840455018998004 0.09066216185603898 0.004761431811050536 0.1316542761344907 0.008186310970348387 0.16344974660824352 0.01624226257811512 0.16631636552458817 0.01644233208601925 0.13767832269907548 0.008168472984560693 0.09350242868125987 0.004623405765888058 0.05194184364546094 0.012263810280447575 0.0245436230938366 0.010954905131370546 0.00903653076084357 0.00844597600122936 0.0028187286777777553 0.014876946027520585 0.0005625306482343047 0.014398095595050297 0.0 0.008866046910323392 0.0 0.003869766183463903 0.0 0.0012638023779419612 0.0 0.001 0.0 0.001 0.0 0.001 0.0 0.001 1
450 -5.5527 234.54091 1.810853869042158e-08 0.001 1.757374402012149e-07 0.001 1.1718361375375257e-06 0.001 1.2829809618827084e-05 0.001 6.130847072141945e-05 0.0013985811964515409 0.00026481821661621753 0.004094821919147661 0.0011244959273631642 0.009112029732695147 0.0031208883020855697 0.014719160122384969 0.007513410362595523 0.014718132764976702 0.0154413609963183 0.008375040751462892 0.02995543043591907 0.011255189856274007 0.055956218380444886 0.01185104466096118 0.09387686433096429 0.005047546767096706 0.13676262722805194 0.00861749754092829 0.1660546235255127 0.01730582309101099 0.16307793846469956 0.015570825393829937 0.13146528488418746 0.007897177435690295 0.08860897079461763 0.005517807257560112 0.05273671737769163 0.012209854715673367 0.02894988572825772 0.011076838974584342 0.014961169633389367 0.009280031780112549 0.006521424623952602 0.01587327988432129 0.002263484531750029 0.014798359164156706 0.000934485761339632 0.008900087023601991 0.0002850855701147361 0.0038598712308175586 4.4230756468430256e-05 0.001239852758686562 4.984421811022663e-06 0.001 9.578339196596292e-08 0.001 0.0 0.001 0.0 0.001 1
451 -9.998 223.79994 0.0 0.001 0.0 0.001 0.0 0.001 0.0 0.001 7.449925688810274e-06 0.001 0.00012090379658896239 0.0029954469092695053 0.000625866467468307 0.007950122990690965 0.0019299476446580125 0.014489391109241669 0.005235981425641323 0.016750670640158935 0.012467381911080848 0.009882921158459134 0.02648755863530483 0.011036621447453612 0.05265059208707163 0.01308898595917686 0.09537481392659314 0.004968571633543049 0.14384267707277226 0.009162327205281512 0.17494412594318917 0.017171545990542422 0.16791012024206528 0.01672698574597771 0.1298863466609511 0.007176000508355734 0.08529897124555658 0.006275070507406361 0.0506269527797078 0.012875767237886263 0.028627390646912197 0.009465247362259541 0.014854630497180697 0.011781917975444527 0.006267895608754843 0.016363737773418166 0.0021974009465951356 0.012635741860437777 0.0005257851059479559 0.006271061495860965 0.0001172074302712079 0.0022905180317588586 0.0 0.001 0.0 0.001 0.0 0.001 0.0 0.001 0.0 0.001 1
452 -20.5834 219.8028 1.1200271753463085e-08 0.001 1.1767914368365831e-07 0.001 1.2759137505865771e-06 0.001 8.203703052828582e-06 0.001 5.848905074235057e-05 0.001 0.00027694558585972544 0.0027189067466503363 0.001091868947617643 0.007457477450801372 0.0027991183265840243 0.014211186106526585 0.006232575568354075 0.016489697621927146 0.012996504102315704 0.01007621583365917 0.026996744690594248 0.010665111548005769 0.055027041901019806 0.012739028677331121 0.09967311388358546 0.00468250390567905 0.14910061983243664 0.010221932263408492 0.1784318336182305 0.018300313076152028 0.16726854326180185 0.01488869356059834 0.12567690619786678 0.006562823873329501 0.07979085767153536 0.008541217793916103 0.04584680671556665 0.01469103173728016 0.02547157374097329 0.008135935103698309 0.014065542652947273 0.014810482558186781 0.006278473865047274 0.01786121376999235 0.002210701788769102 0.011937261254306903 0.000564752986262742 0.005388200479624768 0.00010915974187424821 0.0017355292441142158 1.9949817347427165e-05 0.001 1.9148031886025805e-06 0.001 3.1888476216347034e-07 0.001 3.212204040849971e-08 0.001 1.7464578004352516e-09 0.001 1
453 -33.1982 209.81476 1.0299719711417336e-09 0.001 1.651119849703446e-08 0.001 2.2401249036707212e-07 0.001 2.9876942078844752e-06 0.001 2.909157921013976e-05 0.001 0.00019945995333564464 0.001969210817076025 0.0010628938280817155 0.006135449784538232 0.0035656159510311838 0.01308581259723323 0.008821830922238717 0.017467306924353578 0.01761414935872697 0.011636103345758157 0.029367657348778275 0.010718379133990865 0.05330395313961288 0.013255942587830017 0.09874961704188318 0.005303005670095416 0.15658197746385177 0.010514268537436616 0.18741685146551124 0.018420103518992675 0.1662716053084175 0.014435402759063298 0.11353331654813822 0.005346360559472622 0.06821102014736287 0.010254360736491896 0.04250493281311236 0.013211823884539795 0.027524246847935148 0.008572572166076282 0.01539035003722277 0.015571310196478247 0.00692514195411622 0.015057596381982044 0.0022478362763223973 0.008248611562710976 0.0005614770968858492 0.0030032258122201635 9.69929580895231e-05 0.001 1.4796722444521194e-05 0.001 1.8016290549215466e-06 0.001 1.4494819828094332e-07 0.001 8.977882849419752e-09 0.001 4.346861322596493e-10 0.001 1
454 -31.4805 226.33905 7.414797118470951e-08 0.001 6.456086892433748e-07 0.001 4.4261070574619145e-06 0.001 2.097840193152003e-05 0.001 7.944447707005854e-05 0.0013044128481774007 0.0001883812277564842 0.004205515004974769 0.0004875486835792093 0.00999187668252657 0.0010203026044380786 0.016113063617062426 0.0023561741493618627 0.016324585925665724 0.009068454466852765 0.008447745902276803 0.02719769613852698 0.012334811071466832 0.06387270995411902 0.011486190414086907 0.11270011755597299 0.0042497418453077 0.15588458939466063 0.011396621657535286 0.17429274521214083 0.018019513714953153 0.15978428070975445 0.014754949811484369 0.12347359022906045 0.006259283670805721 0.08124658098097441 0.008297040648845684 0.04610435676753001 0.014144973090025714 0.023025215653796473 0.008673642599703131 0.011509135058638056 0.013249695772443617 0.004841568090087483 0.016995119632490063 0.002089338561563289 0.012159778060142689 0.0005441495470055794 0.005891417859200528 0.00016115522507448844 0.0020321620375932862 3.78544125352656e-05 0.001 7.14622754129037e-06 0.001 1.2012523368303332e-06 0.001 1.273525168874603e-07 0.001 1.1801456740006088e-08 0.001 1
455 -41.408 234.00992 0.0 0.001 0.0 0.001 0.0 0.001 0.0 0.001 0.0 0.002197363447686946 0.0 0.0061675904536403845 0.0 0.012439332815949902 0.0 0.017372771008300574 0.0014676931947181192 0.014133608354468755 0.010463226515711776 0.007358256852477734 0.03252438108547233 0.0133298356362029 0.07110802961484688 0.009880132652377409 0.1182060806228572 0.004413473432245109 0.15647073002200382 0.012052372708727319 0.16915090140389008 0.017556564577865877 0.15379876612073567 0.014007253113742124 0.11806422318570267 0.005741595164520642 0.07908806967532862 0.008188089457720309 0.04714685216207733 0.013824580083118349 0.02449464850329246 0.008285905726539925 0.011767451499731582 0.011896197977060458 0.004584398938691101 0.01651462707621095 0.0013569479655237487 0.01271294579242848 0.0002896567122741 0.006773935105646215 1.3945049064788676e-05 0.00262197275451566 1.8967424792502163e-06 0.001 2.02424752610809e-06 0.001 7.009250836564985e-08 0.001 2.4715185840602884e-10 0.001 6.398412173305051e-09 0.001 1
456 -32.702 219.71385 1.2542579716057665e-08 0.001 1.2044829527816142e-07 0.001 1.3541583439857198e-06 0.001 7.4740592261402825e-06 0.001 5.0260582454428536e-05 0.001 0.00019345699609880934 0.0033823747364216247 0.0009597032619619012 0.008674745527718651 0.0023694712430111517 0.015839040705183813 0.005376670641823962 0.017329728512913048 0.013108728032704029 0.010034792914051224 0.029302554613059244 0.012534450780544935 0.060608327573186745 0.012636254275201972 0.10807653994709467 0.0048586793552731974 0.15516188346774057 0.01174264627313433 0.17937916119079206 0.019021573590549526 0.16431992231166923 0.01508038663343629 0.12240002044354265 0.006020800184346475 0.07618573888126885 0.009655320752999949 0.0418549843241861 0.014335917560531666 0.02172357380727246 0.008667100357644314 0.011513600031795568 0.015292957089009181 0.0050398938833702295 0.016444937412083242 0.0017009314503594226 0.010991452381254931 0.0005299948029073628 0.0047858333810943945 0.00011223998215493227 0.0014765086287334961 2.0753410759937466e-05 0.001 2.3102590606625486e-06 0.001 2.864558097672947e-07 0.001 2.9678998231824745e-08 0.001 1.5184720381603828e-09 0.001 1
457 -42.6992 223.85475 0.0 0.001 0.0 0.001 0.0 0.001 0.0 0.001 0.0 0.001403541094537966 0.0 0.00451116481302199 0.0 0.010308025043142831 0.0 0.016516573787813273 0.0005336854893578549 0.016454917421001605 0.0065361149922567655 0.007562825800399568 0.025309247150242478 0.013236109136671146 0.06521977681974903 0.011171084812626783 0.1186099427110113 0.004325751858379523 0.1641522379225518 0.012596344474925358 0.1777269499627462 0.01910785916965914 0.15301001897916175 0.013323068378213537 0.11312841676974332 0.005073275196334541 0.07566228581914432 0.009595956443125268 0.04833632707072759 0.014311584369637087 0.028550738521826515 0.008631190202309071 0.014717085016013003 0.014498513002420176 0.006084437673371394 0.016474980754374122 0.0018782909325907016 0.010973951518266658 0.00043612664103337423 0.004980426487263559 8.932347794636838e-05 0.0016393787398723374 1.7138429867578403e-05 0.001 1.7642416054741697e-06 0.001 8.658108879722787e-08 0.001 4.797964395886839e-09 0.001 0.0 0.001 1
458 -48.3932 217.01326 1.4620400619118988e-08 0.001 1.8564454370600458e-07 0.001 1.7788839304641785e-06 0.001 1.5868675568750966e-05 0.001 8.836884483906845e-05 0.001 0.0003516966386156589 0.0033070360094151494 0.0014896276026545791 0.008489896480875532 0.003936705414144434 0.014835563566217819 0.00840954952782396 0.015648217201726003 0.016099930467011275 0.008049919737190183 0.031171861582750104 0.012128925105511784 0.06134100061747009 0.010742062040679429 0.11094730109145237 0.004919092619829556 0.16221907514747788 0.012391193738457637 0.18157069861789094 0.018955380419136678 0.15481935124096124 0.012652514540881676 0.1062929549439261 0.004810246228350391 0.06581419097509644 0.01031738319167777 0.042155049823616744 0.012668148684106905 0.027411199559439985 0.008946642349763691 0.015151023599643876 0.015513824606697174 0.007370604784902368 0.015455272907741093 0.002503292850061391 0.008966628613367169 0.0006743778224145165 0.0034725812312870847 0.00014002468215971542 0.001 2.132960678628928e-05 0.001 2.6688789702181154e-06 0.001 2.49242110508202e-07 0.001 1.75887126696161e-08 0.001 1.024624072474344e-09 0.001 1
