data/processed/NGC5813-h6/hist_kins_s.ecsv
# %ECSV 1.0
# ---
# datatype:
# - {name: binID_dynamite, datatype: int64}
# - {name: v, datatype: float32}
# - {name: sigma, datatype: float32}
# - {name: losvd_0, datatype: float64}
# - {name: dlosvd_0, datatype: float64}
# - {name: losvd_1, datatype: float64}
# - {name: dlosvd_1, datatype: float64}
# - {name: losvd_2, datatype: float64}
# - {name: dlosvd_2, datatype: float64}
# - {name: losvd_3, datatype: float64}
# - {name: dlosvd_3, datatype: float64}
# - {name: losvd_4, datatype: float64}
# - {name: dlosvd_4, datatype: float64}
# - {name: losvd_5, datatype: float64}
# - {name: dlosvd_5, datatype: float64}
# - {name: losvd_6, datatype: float64}
# - {name: dlosvd_6, datatype: float64}
# - {name: losvd_7, datatype: float64}
# - {name: dlosvd_7, datatype: float64}
# - {name: losvd_8, datatype: float64}
# - {name: dlosvd_8, datatype: float64}
# - {name: losvd_9, datatype: float64}
# - {name: dlosvd_9, datatype: float64}
# - {name: losvd_10, datatype: float64}
# - {name: dlosvd_10, datatype: float64}
# - {name: losvd_11, datatype: float64}
# - {name: dlosvd_11, datatype: float64}
# - {name: losvd_12, datatype: float64}
# - {name: dlosvd_12, datatype: float64}
# - {name: losvd_13, datatype: float64}
# - {name: dlosvd_13, datatype: float64}
# - {name: losvd_14, datatype: float64}
# - {name: dlosvd_14, datatype: float64}
# - {name: losvd_15, datatype: float64}
# - {name: dlosvd_15, datatype: float64}
# - {name: losvd_16, datatype: float64}
# - {name: dlosvd_16, datatype: float64}
# - {name: losvd_17, datatype: float64}
# - {name: dlosvd_17, datatype: float64}
# - {name: losvd_18, datatype: float64}
# - {name: dlosvd_18, datatype: float64}
# - {name: losvd_19, datatype: float64}
# - {name: dlosvd_19, datatype: float64}
# - {name: losvd_20, datatype: float64}
# - {name: dlosvd_20, datatype: float64}
# - {name: losvd_21, datatype: float64}
# - {name: dlosvd_21, datatype: float64}
# - {name: losvd_22, datatype: float64}
# - {name: dlosvd_22, datatype: float64}
# - {name: losvd_23, datatype: float64}
# - {name: dlosvd_23, datatype: float64}
# - {name: losvd_24, datatype: float64}
# - {name: dlosvd_24, datatype: float64}
# - {name: losvd_25, datatype: float64}
# - {name: dlosvd_25, datatype: float64}
# - {name: losvd_26, datatype: float64}
# - {name: dlosvd_26, datatype: float64}
# - {name: losvd_27, datatype: float64}
# - {name: dlosvd_27, datatype: float64}
# - {name: losvd_28, datatype: float64}
# - {name: dlosvd_28, datatype: float64}
# - {name: losvd_29, datatype: float64}
# - {name: dlosvd_29, datatype: float64}
# - {name: is_good, datatype: int64}
# meta: !!omap
# - {dv: 100.0}
# - vcent: [-1450.0, -1350.0, -1250.0, -1150.0, -1050.0, -950.0, -850.0, -750.0, -650.0, -550.0, -450.0, -350.0, -250.0, -150.0, -50.0,
#     50.0, 150.0, 250.0, 350.0, 450.0, 550.0, 650.0, 750.0, 850.0, 950.0, 1050.0, 1150.0, 1250.0, 1350.0, 1450.0]
# - {nbins: 1145}
# - {nvbins: 30}
# - PSF:
#     sigma: [0.7981244701379099, 2.5355469313804813]
#     weight: [0.8646833678516875, 0.13531663214831247]
# schema: astropy-2.0
binID_dynamite v sigma losvd_0 dlosvd_0 losvd_1 dlosvd_1 losvd_2 dlosvd_2 losvd_3 dlosvd_3 losvd_4 dlosvd_4 losvd_5 dlosvd_5 losvd_6 dlosvd_6 losvd_7 dlosvd_7 losvd_8 dlosvd_8 losvd_9 dlosvd_9 losvd_10 dlosvd_10 losvd_11 dlosvd_11 losvd_12 dlosvd_12 losvd_13 dlosvd_13 losvd_14 dlosvd_14 losvd_15 dlosvd_15 losvd_16 dlosvd_16 losvd_17 dlosvd_17 losvd_18 dlosvd_18 losvd_19 dlosvd_19 losvd_20 dlosvd_20 losvd_21 dlosvd_21 losvd_22 dlosvd_22 losvd_23 dlosvd_23 losvd_24 dlosvd_24 losvd_25 dlosvd_25 losvd_26 dlosvd_26 losvd_27 dlosvd_27 losvd_28 dlosvd_28 losvd_29 dlosvd_29 is_good
[from data line 1065]
1066 -17.2118 228.10599 0.0 0.001 0.0 0.001 0.0 0.001 0.0 0.001 0.0 0.0013594028730458925 0.0 0.004248853434330336 0.0 0.010090569754915143 0.0 0.016981169182830207 0.0 0.01874620497843392 0.0 0.013412104232396048 0.01693352647599223 0.015321516615930349 0.06371729045495571 0.01670361885897251 0.1186341217151545 0.01316639728588024 0.1578510655901463 0.014303186680085539 0.16927867675539726 0.021091813780748772 0.1607914795341649 0.018735581026892212 0.13581968370391662 0.012757128254150527 0.098642440302268 0.013201009397717144 0.0549459188251473 0.01669990456302234 0.020149260566442867 0.013340531742432691 0.00323652607040624 0.01517105463428885 0.0 0.0187279414903761 0.0 0.014434947124265142 0.0 0.007748360970472612 0.0 0.002911031830000815 0.0 0.001 0.0 0.001 0.0 0.001 9.28131929795041e-09 0.001 7.246890644700876e-10 0.001 1
1067 -9.5261 210.06204 3.154284257469435e-11 0.001 1.5865219178822837e-09 0.001 4.482915023399074e-08 0.001 1.0768561523484914e-06 0.001 1.9293882817948468e-05 0.001 0.0001541157651843684 0.0014814388805882333 0.0010307584545707345 0.00481407392569954 0.004150628134157159 0.010960986835106636 0.013166884620299624 0.016846399567082823 0.028540641575582976 0.015680103638307345 0.04421319080074062 0.012365381051226434 0.06044693954853376 0.014756131990092375 0.08497473402450291 0.010775302812967812 0.12839691895746413 0.01216575169733329 0.17621110190474992 0.021818216157308737 0.18734434059249838 0.02161823117565416 0.1436247314510498 0.011297923157220308 0.07926145223388548 0.013410791365443521 0.030667640845272667 0.01502688193211304 0.010259910165139373 0.012402656391593346 0.003990666789178669 0.016109096041529256 0.002140434622915932 0.015353012915343845 0.000978762260293925 0.009314520237072823 0.00035260383653804364 0.00397916024705291 6.532834800138954e-05 0.0011893089846840368 7.159996482564724e-06 0.001 6.066523500366181e-07 0.001 2.993328027659199e-08 0.001 1.2708824952711075e-09 0.001 3.0259504656832096e-11 0.001 1
1068 15.7387 176.72003 4.827059779584818e-16 0.001 1.0321741469152885e-13 0.001 8.477737315945302e-12 0.001 4.182698940674276e-10 0.001 1.7783525131992227e-08 0.001 5.269210475517156e-07 0.001 8.18414160153528e-06 0.001 6.821100501691377e-05 0.0028602688049065936 0.00042422782638209687 0.009390446260570211 0.0016333383824735045 0.019959130111459188 0.008271584526598878 0.020776041895419747 0.025591438207252563 0.01585229995690582 0.07035834014264247 0.018981021907885063 0.14498731721080838 0.013193406560146684 0.2101081582110948 0.02099642500363255 0.21648934069271508 0.02499309473252781 0.16368324910091048 0.014926613378724238 0.09512980132049556 0.015552293975838252 0.042091726574026246 0.017766482904263373 0.015912347413404127 0.016994434636698977 0.0043522391121629846 0.021198845545748177 0.0007870108334493104 0.012580867062465369 9.645697474178775e-05 0.004291726827595122 6.335970964801246e-06 0.001 1.2877689019957344e-07 0.001 1.8033899806696016e-08 0.001 4.047100589283039e-10 0.001 6.2971259993468266e-12 0.001 3.6687655738693516e-14 0.001 3.7059382773459473e-16 0.001 1
1069 12.5443 253.80515 1.0717808286469086e-07 0.001 0.0 0.001 0.0 0.001 0.0 0.001 0.0 0.002597668473725072 0.0 0.006280662125552352 0.0 0.011639624016009417 0.0 0.01545302596192586 0.0 0.014392027894479976 0.00796303938087572 0.009801059434995702 0.02766621138935814 0.013076947901377986 0.06126708627251339 0.012385883422602884 0.09956726341525005 0.009011333965012101 0.13247252126014628 0.010365805263804512 0.15125923197304447 0.015203667400669613 0.15249092229718836 0.016235719549643715 0.13858746353639798 0.012091725817229712 0.1088944216676102 0.008625051897779255 0.07114010702959683 0.011379540710512403 0.03546687821089533 0.013101141958365928 0.012021172935536943 0.009545765884284041 0.0012035618823490535 0.012397380884142467 0.0 0.015658947852583958 0.0 0.013000916350268552 0.0 0.0076660767423870225 0.0 0.003473727989387409 0.0 0.0012467557953732293 0.0 0.001 0.0 0.001 1.1571154452971006e-08 0.001 1
1070 -23.0981 232.95929 0.0 0.001 0.0 0.001 0.0 0.001 0.0 0.001 0.0 0.0017084940751813087 0.0 0.00494039275717 0.0 0.010798533949120939 0.0 0.016783597287829244 0.003557075623796514 0.0165966534843685 0.015478577158475641 0.009704627570087733 0.03823942566877242 0.013919527953839257 0.07234477717043535 0.013116028941189042 0.10901878006326697 0.00807429661905193 0.14176623787426534 0.01230012057300528 0.16466920432870746 0.01901307757749486 0.16689410798183174 0.016932190268247535 0.1412673450511159 0.009896381027753157 0.09416160590427236 0.010289101097909412 0.04390561898273418 0.014421217540851284 0.008697244192326075 0.010558405793651467 0.0 0.013539134351422026 0.0 0.017896699149263173 0.0 0.014333096539683579 0.0 0.008107515268355117 0.0 0.003224637834051285 0.0 0.001 0.0 0.001 0.0 0.001 0.0 0.001 0.0 0.001 1
1071 18.9445 209.32831 3.218183793074947e-10 0.001 9.565313958641258e-09 0.001 1.8980675260615647e-07 0.001 2.686705775748905e-06 0.001 2.828704472549609e-05 0.001 0.0002125347662109343 0.001 0.001227172838229645 0.0033568631476218434 0.004872006012977808 0.008642984389612574 0.013703644841977704 0.01480634684498475 0.026757530182019592 0.015267002098066241 0.038010245085444275 0.01009165916971216 0.04479233724019698 0.014373495604946364 0.06143019707736894 0.009312848367529821 0.1095869520157009 0.009097158310807749 0.16904669334291464 0.016472293672399663 0.18464606241022882 0.01876280680220606 0.13765994965615097 0.01044264328179939 0.07800434048911599 0.007959470234611674 0.04579190340398783 0.01314173626585688 0.034894914208577606 0.010938535364744498 0.026609392277683736 0.01320645209607627 0.014998854971853376 0.015954294672633047 0.005697747060589071 0.010764399155409422 0.0016264338431409649 0.004883809972266669 0.00034544997893867156 0.0015170366523957978 4.907810609224193e-05 0.001 4.929643692047477e-06 0.001 4.3179834194961754e-07 0.001 2.4230310785984714e-08 0.001 1.073868228570113e-09 0.001 1
1072 -8.5173 228.02156 2.290002263369611e-09 0.001 1.9579280782495842e-08 0.001 0.0 0.001 0.0 0.001 0.0 0.001110818796591979 0.0 0.0035940222205408986 0.0 0.008711711249287338 0.0 0.014784530284565466 0.0 0.01778229502653207 0.004295802709473721 0.012705581691613035 0.021277296122255915 0.01294416717114028 0.057930752278437525 0.014826099669705241 0.10582695284443554 0.010102247011900559 0.1500346712974191 0.011871417019574379 0.1721225270683504 0.019210223324446232 0.1662997890698332 0.01758513084199695 0.13743543349646303 0.011126513743755923 0.09690073848657346 0.009889213068632899 0.055731613501950134 0.015444752210526283 0.023911012625011985 0.012126465607073776 0.0076267434957235924 0.012869526534872718 0.0006066451347892688 0.017854331367446116 0.0 0.014728340226547584 0.0 0.007827734542921468 0.0 0.003047008628813442 0.0 0.001 0.0 0.001 0.0 0.001 0.0 0.001 0.0 0.001 1
1073 -1.092 239.56285 4.49653445910155e-08 0.001 4.5657957694652896e-07 0.001 3.1781603154889257e-06 0.001 2.0048850327413674e-05 0.001 9.284163302192676e-05 0.0017159746271930636 0.0002997823092843922 0.004696122830633767 0.0007067501943262348 0.009572954308973303 0.0016035470571891864 0.014308296713129172 0.0024023017685371306 0.014056516273458611 0.006248490008534615 0.009122234957492996 0.017850091323387187 0.011741124901908123 0.04784684139068182 0.012232651090493277 0.09389192329838042 0.006944882105769663 0.14147073396441967 0.010796668151734842 0.16567198653308216 0.018517917835889394 0.15371734949749624 0.016409157315310854 0.1184875170853606 0.009659749384937098 0.08313209271722746 0.006786018736772037 0.05899518084804821 0.011931357511154352 0.043284400830169 0.012926066020368969 0.030500213716031552 0.0093651529797324 0.019268172822753084 0.014449033165882455 0.0096412942641644 0.015034865895926295 0.0034661739458835754 0.010120262489621187 0.001071615013945045 0.004753292335975098 0.0002691380255718181 0.0017265587546545906 4.9441716186378685e-05 0.001 7.496077085727051e-06 0.001 8.226078000963809e-07 0.001 7.279586748102268e-08 0.001 1
1074 -30.002 234.65419 4.4198256390697314e-08 0.001 4.849619882715591e-07 0.001 3.3977993370284717e-06 0.001 2.739167740784339e-05 0.001 0.00013002362497839537 0.001883620155841499 0.000582484416387666 0.0053157937350019665 0.002260083149826773 0.010830639051640355 0.0064789214899805036 0.016155846592749202 0.013583609556619426 0.01440290525608812 0.024062354244992572 0.00938971754742349 0.04081584483619545 0.013969695092528081 0.06541941026331557 0.01178246452902795 0.10038779444032182 0.007543287337547444 0.1410626905438736 0.012065710310256939 0.16714059064813447 0.01819631831161117 0.160851540158839 0.01591087751252479 0.12502837460401545 0.008875381997101382 0.07881737289051353 0.009702072169813836 0.041555601920069525 0.013968954849546538 0.01886616192608913 0.009776344264472877 0.008197978194303925 0.012776537219535207 0.0029615443526244253 0.016760389738659544 0.0012913774199236245 0.01366522425910182 0.00038922176481442244 0.0075414234758084 7.521358782754945e-05 0.0030084051934454142 1.0487329363749142e-05 0.001 0.0 0.001 0.0 0.001 0.0 0.001 0.0 0.001 1
1075 10.5067 228.2175 0.0 0.001 0.0 0.001 0.0 0.001 0.0 0.001 0.0 0.001 0.0 0.003180893647037381 0.0 0.008010842408961154 0.0 0.014605348616079292 0.0 0.018433473243851146 0.0 0.014780340223486843 0.013282722100337417 0.012677069779477712 0.04752842730471126 0.016689127646663696 0.09711078598300953 0.011387296917037736 0.14527739310985768 0.012338282264509726 0.1709549271928597 0.01849928900699671 0.16725313989017276 0.01932867269956072 0.1415747962066087 0.012657570694057402 0.1036463997879264 0.009873622522678996 0.064827798231985 0.014021634798208761 0.03254411689793558 0.013706880165276915 0.012669740591272037 0.013033040345183797 0.003329752703324054 0.017123776893508063 0.0 0.014676888226398201 0.0 0.008817098871426166 0.0 0.0036125754308774464 0.0 0.0011505080174182554 0.0 0.001 0.0 0.001 0.0 0.001 0.0 0.001 1
1076 2.29 227.77817 1.5205982993747716e-09 0.001 3.549216409774383e-08 0.001 2.7374951253441945e-07 0.001 9.240423233026391e-07 0.001 8.784873442198082e-06 0.001 0.00010642511204645597 0.003366706895138927 0.0004514096660965282 0.008419509506052702 0.00164342652813897 0.015438549365212127 0.00494910459536328 0.01863808224824704 0.01276787986652698 0.013441544602095718 0.028244243044526527 0.0131791045462818 0.05653714275275765 0.015143527995901275 0.09582296494472982 0.010099290523493717 0.13620941083216953 0.011637682699525725 0.16729185266052513 0.01759513915058808 0.1716386415424386 0.01914025064083409 0.14582963301270815 0.012344811527469232 0.09984902210176168 0.010347026810992706 0.05328100512262532 0.014612852742434419 0.020295777645543394 0.013729601836099259 0.005072040894001586 0.012317332795738996 0.0 0.016717770682713733 0.0 0.014150064920921423 0.0 0.008054642961969014 0.0 0.0032772021553079686 0.0 0.001005043353448139 0.0 0.001 0.0 0.001 0.0 0.001 0.0 0.001 1
1077 6.332 166.6772 0.0 0.001 1.3341352448235922e-14 0.001 2.1176412519883295e-12 0.001 3.031595756354955e-10 0.001 2.152534053716613e-08 0.001 8.496627826898421e-07 0.001 2.0158223750161983e-05 0.001 0.0002661748798027657 0.0015704652521186697 0.0020032348586363482 0.006906139049495814 0.00987410601935902 0.017246020707869462 0.02911648885714685 0.021301128264680707 0.04963469020893015 0.014327851842069826 0.07276262308826767 0.01712281961099213 0.12512513544858567 0.012594325819795887 0.20863168338259883 0.02086208166353186 0.2291627201581656 0.022544930270904734 0.14893939497393827 0.013757156971113627 0.06640406109219962 0.016547041528839207 0.03088965570599091 0.01420855974970748 0.017108590269515025 0.019790519285292036 0.007884819840535602 0.017910801546161724 0.0019169902057182499 0.007568148167157868 0.00023875094943112823 0.0018412352884265206 1.9011837674922853e-05 0.001 8.168134706736987e-07 0.001 2.1322973440489187e-08 0.001 3.669502479871719e-10 0.001 2.922511902659016e-12 0.001 2.2612296526075533e-14 0.001 0.0 0.001 1
1078 -14.0998 253.20508 0.0 0.001 3.1931167141314704e-07 0.001 5.723766091096815e-06 0.001 3.78995342336315e-05 0.0012039506479276404 0.00026525750013109076 0.0033422268917056887 0.0010641222437960652 0.007508739861695202 0.003482114169222211 0.012435738469640783 0.008938814773983356 0.014842105061163506 0.01832357792733161 0.011918577565770673 0.030454895927471207 0.01053343292514816 0.04559959886938112 0.013918681126750928 0.06578175402977704 0.010280669070152394 0.0920423763469466 0.00833676503475108 0.12441338300063864 0.010934520483560292 0.15169915345379892 0.017109725912393944 0.15754319228528377 0.01720330179450734 0.1334218364602385 0.011119519636497079 0.091312508497084 0.008959484324717985 0.0498826309320806 0.011979619937819885 0.01982444300522663 0.011667538532115374 0.005573757313332172 0.009655820367248394 0.0003326406522802678 0.012927999929972105 0.0 0.013988189803546287 0.0 0.010254232475560201 0.0 0.0056104720041423705 0.0 0.0022748050963288732 0.0 0.001 0.0 0.001 0.0 0.001 0.0 0.001 1
1079 -1.3721 181.64937 0.0 0.001 0.0 0.001 0.0 0.001 0.0 0.001 0.0 0.001 0.0 0.001 0.0 0.00155793264867729 0.0 0.005762232897396913 0.0 0.014720855328484047 0.002166528585951029 0.02608280702917618 0.015015612949391534 0.03321563066059099 0.045058121209075104 0.03155292513722903 0.0921215514143552 0.038044725373831266 0.1540370020794302 0.041451303234627895 0.20232068420857507 0.0408342537960906 0.21321386569402845 0.04029242580568536 0.16642212355090033 0.04466387702279548 0.08360245481826382 0.040548398739198646 0.02604205549002936 0.0373183102051519 0.0 0.03442336752281326 0.0 0.026893000686889428 0.0 0.014557163705267887 0.0 0.005361382155948896 0.0 0.0015320969231219245 0.0 0.001 0.0 0.001 0.0 0.001 0.0 0.001 0.0 0.001 0.0 0.001 1
1080 31.8691 216.18312 2.905727166629088e-10 0.001 7.22951868902052e-09 0.001 1.4558397422922697e-07 0.001 2.059908874934607e-06 0.001 2.1747862345771455e-05 0.001 0.00015701993863206942 0.0012206800114732638 0.0008788983396319587 0.003955147409326786 0.003315166803608824 0.009304063708951479 0.00941165206255167 0.015325895581243577 0.019858101626131802 0.01547344915070477 0.0336775121706337 0.010563996755892629 0.048296959224322186 0.013436822553864664 0.07051209896656702 0.0105326477961043 0.11027940448117125 0.008848497620728334 0.15941411333865557 0.015669547572417203 0.18365336086625242 0.020169724776904444 0.15789888186637657 0.012858468266377127 0.10113547706354785 0.008691966038654166 0.051963586029211334 0.012928926909633116 0.025413135333286055 0.011832410411540588 0.013181997030941743 0.011128191186749632 0.006772533203975007 0.01629400344751313 0.0030262600294017677 0.013905207978974186 0.0009388417476475153 0.007309092718900068 0.00017014761161286143 0.002623081573835227 1.915561769384254e-05 0.001 1.6186730542094341e-06 0.001 1.1144906233189943e-07 0.001 5.448001277130725e-09 0.001 2.027428069858282e-10 0.001 1
