data/processed/NGC4621-mock/gauss_hermite_kins_o.ecsv
# %ECSV 1.0
# ---
# datatype:
# - {name: vbin_id, datatype: int64}
# - {name: v, datatype: float64}
# - {name: dv, datatype: float32}
# - {name: sigma, datatype: float64}
# - {name: dsigma, datatype: float32}
# - {name: h3, datatype: float64}
# - {name: dh3, datatype: float32}
# - {name: h4, datatype: float64}
# - {name: dh4, datatype: float32}
# - {name: h5, datatype: float64}
# - {name: dh5, datatype: float32}
# - {name: h6, datatype: float64}
# - {name: dh6, datatype: float32}
# - {name: is_good, datatype: int64}
# - {name: n_gh, datatype: int64}
# meta: !!omap
# - PSF:
#     sigma: [0.36, 0.92]
#     weight: [0.76, 0.24]
# schema: astropy-2.0
vbin_id v dv sigma dsigma h3 dh3 h4 dh4 h5 dh5 h6 dh6 is_good n_gh
[from data line 275]
276 -1.103236934292637 3.361 254.83063666565678 4.1105 0.002443451129667328 0.015555467 0.002258704460097552 0.018605102 -0.001855144383145427 0.1 -0.0018622333042525086 0.1 1 6
277 19.243317507421846 5.3089 213.21633675409092 10.6245 -0.028196667279666982 0.03233818 0.019151881088089528 0.046353623 0.0014154781130968326 0.1 -0.013553922224274284 0.1 1 6
278 18.456274017813662 4.5487 250.54944760276402 5.552 -0.013043495367538566 0.023091124 -0.008150234841040433 0.02498364 0.002839033540197023 0.1 -0.001125630425570818 0.1 1 6
279 28.73427002829057 4.2419 235.17960483029037 6.9125 -0.018101523837821935 0.029488245 -0.0038761064405324064 0.033042826 0.0008837921322186821 0.1 0.0005667852302171034 0.1 1 6
280 14.37796654939218 8.4485 212.18590197635396 14.8799 -0.028473140088888908 0.054152083 0.017117433620588016 0.05826424 0.00676645195623354 0.1 -0.010045317954530982 0.1 1 6
281 19.154453569704593 4.9389 217.5549862018381 8.578 -0.017495005296054553 0.035102267 0.01346269895025227 0.037777524 -0.0009051539838560423 0.1 -0.010332189448652678 0.1 1 6
282 18.571879449974116 5.6445 223.58858132042954 8.7813 -0.008534277258126822 0.0320238 0.0037294777219258647 0.03878816 -0.0017954861708287385 0.1 -0.005022733574279481 0.1 1 6
283 24.99526254786814 4.5989 228.6856411110859 5.1942 -0.013016655409407203 0.030985603 0.0016895675437123652 0.026131514 -0.0020409082188050727 0.1 -0.006680952557291945 0.1 1 6
284 26.07380047386426 5.6468 244.69607767442932 6.7319 -0.018493138775203467 0.024816807 -0.013387922542865565 0.02885229 0.00649410677931111 0.1 0.0022888731645360487 0.1 1 6
285 4.642692248708617 4.2684 252.1416697135687 5.5904 -0.0008992492853006618 0.019585615 0.0013921852843463605 0.02231079 -0.0019489729372368274 0.1 -0.000689122633069389 0.1 1 6
286 24.113961740057817 5.3176 248.16148489663735 5.7008 -0.018054954886047237 0.01947846 -0.013329558057423413 0.027551489 0.006456739699369421 0.1 0.002062922945334938 0.1 1 6
287 11.94214472513173 4.7273 250.4783407738136 5.8978 -0.006520538169000127 0.018972915 -0.004555038474777623 0.020448312 0.0015808496380687838 0.1 -0.004018252815173478 0.1 1 6
288 2.3975989925857175 4.1593 252.90599628359155 5.5882 0.00012229553847145896 0.018550247 0.004779706885076334 0.025045544 -0.0010516421274629094 0.1 -0.0054051974364672205 0.1 1 6
289 29.93807240312311 5.1314 230.82108913719355 6.8753 -0.01665558500077137 0.02263328 -0.0060601612372448 0.025136905 0.0002286785259565594 0.1 -0.0053605583371516 0.1 1 6
290 33.365119950747314 3.967 244.09813137024202 4.9942 -0.026602405591122445 0.019859541 -0.02141441443621908 0.022038624 0.005857213453996688 0.1 0.007752046563742802 0.1 1 6
291 -4.191776124455634 4.1766 251.9891115202336 5.2131 -0.001683965913423049 0.015474661 0.007445229193603861 0.018508742 -0.0013981433305427582 0.1 -0.007505062126405304 0.1 1 6
292 -2.2068258703693484 4.4505 254.10299274732466 5.7623 -0.0005012389007073019 0.01741606 0.003988469683040789 0.025099736 -0.0005981562490585145 0.1 -0.004663984525627243 0.1 1 6
293 -3.2100625950919524 3.5731 250.08392493845082 4.7119 0.001209016427688925 0.01765163 0.007916247169555425 0.0201765 -0.002261799471985221 0.1 -0.007936953426685324 0.1 1 6
294 -1.2832636253250351 3.9828 255.1439314619596 6.8227 -0.0014024592804613724 0.02070549 0.0015133099814434968 0.0268632 -0.000645349403723087 0.1 -0.0022524326450100154 0.1 1 6
295 19.164285860088164 4.156 248.72149327536883 5.0602 -0.012963403110282603 0.02102209 -0.007824510582523264 0.020713523 0.005334538144837461 0.1 -0.001212990099033873 0.1 1 6
296 21.850737704078472 6.1239 214.29844769907362 14.1663 -0.018308722530126716 0.048737843 0.017480441875479313 0.04628821 -0.003210119419835679 0.1 -0.014149755061889783 0.1 1 6
297 29.93893943204561 4.7928 246.92296767897778 5.5894 -0.02455900294208324 0.02263825 -0.020416278005720826 0.02440416 0.005994442277203472 0.1 0.0007568166090013034 0.1 1 6
298 2.5333665839371413 3.5711 248.49144006908554 4.9292 -0.003662552971122851 0.016281838 0.008933040870333708 0.018576328 -0.00163335056889336 0.1 -0.008707781587630116 0.1 1 6
299 0.02829557790105819 4.0879 253.89042580928987 5.8454 -0.0002539968259457474 0.017991103 0.0011571879996828205 0.023044689 -3.242333711209858e-05 0.1 -0.0018339851849108598 0.1 1 6
300 1.475428047247435 3.6588 246.2878858604016 7.1 0.0008868380158944138 0.015072934 0.012537303548695486 0.024498953 0.002034544966472088 0.1 -0.011449620624682631 0.1 1 6
301 6.172777388707589 4.2269 246.32681751305486 4.325 -0.005272117513762589 0.01970641 0.005270856867171842 0.019559028 -0.0018974769236659128 0.1 -0.004806891664677184 0.1 1 6
302 -2.6286976231921844 4.0516 243.16432415551958 5.5736 -0.0013143539545688735 0.022734636 0.013842080130104573 0.025197152 0.002202351084070785 0.1 -0.01224051353651602 0.1 1 6
303 27.36149929392463 5.359 248.23409813018753 5.435 -0.02503887308106828 0.025891572 -0.01539897410229086 0.02637567 0.007424181997515618 0.1 0.0003546626034728823 0.1 1 6
304 25.115092748633145 5.2265 226.4793635804739 6.7959 -0.010608267653175258 0.02464745 -0.0005942824622654064 0.031868488 -0.0034873549590302925 0.1 -0.00580166028210696 0.1 1 6
305 36.641360831279904 4.6278 241.6074476530663 5.0937 -0.026476126977679173 0.01827968 -0.022500026357926414 0.020853324 0.00753992795498854 0.1 0.00780464576756397 0.1 1 6
306 34.947815764896404 5.5692 234.00650283101024 7.9533 -0.021118170897533917 0.03135304 -0.009448126560950546 0.042292047 0.002371340321073251 0.1 0.0007831201570297208 0.1 1 6
307 -0.33686733680391 4.3655 250.0723179698138 8.119 -0.0022756126776573623 0.021382315 0.004569366567787546 0.030623132 0.003504289522529296 0.1 -0.005188240833487302 0.1 1 6
308 12.438693872519295 4.2916 246.7457933392904 5.8896 -0.008149073568967286 0.021588083 -0.0007942708277416141 0.02424965 -0.0009447109988787855 0.1 -0.005158408231036193 0.1 1 6
309 20.580744132864837 6.4891 221.25140000230152 12.1031 -0.008862442538558968 0.03767724 0.0061156794203733305 0.07864636 -0.0027152702630513213 0.1 -0.0065289023393302874 0.1 1 6
310 0.21796962939374814 5.0948 242.47160201705915 7.3064 0.0004992973983605807 0.01997015 0.015067259679733692 0.028527064 0.003631799686232129 0.1 -0.013064511928850834 0.1 1 6
311 32.1806614919145 4.4394 246.6215125446634 5.164 -0.02751361924901451 0.022137381 -0.021844071104078495 0.020093407 0.006387395897521651 0.1 0.009478403241483378 0.1 1 6
312 0.5080334953003425 4.3206 245.75060387792348 5.7414 0.004063368432394604 0.022241848 0.009125123290166912 0.024564352 0.005456073690321458 0.1 -0.008213544550956693 0.1 1 6
313 20.72696128050905 3.9241 244.67582863277087 6.3503 -0.01737420637735296 0.02606642 0.001649074360997138 0.024478229 -0.0016174002228917894 0.1 -0.0012257543766872184 0.1 1 6
314 0.3980835297378591 4.9959 243.88745705199688 7.2139 -0.0007952487660611886 0.024245584 0.014073672454269616 0.0296892 -0.0005307318647741091 0.1 -0.011826118929087626 0.1 1 6
315 -1.3335867134293147 3.8816 244.4933570035266 7.8148 -0.004677919484754126 0.022280183 0.012621914443051073 0.04110409 -0.0006131576351150279 0.1 -0.011457631349660222 0.1 1 6
316 -0.035477264560312624 4.0559 243.42851678943586 6.6546 -0.0055864868684008945 0.02424769 0.01328333595236024 0.02777678 -0.0010364383946761847 0.1 -0.012038245221849564 0.1 1 6
317 -0.02238656848882599 3.7332 245.66998570616477 5.4388 -0.00563089478882201 0.017825592 0.008555392354651007 0.025289437 -0.0012207593700291263 0.1 -0.007848836756746578 0.1 1 6
318 3.076995159700238 4.482 242.79869593505927 6.5314 -0.006416740161295439 0.020997936 0.010424214258428292 0.026872873 -0.005929392084608055 0.1 -0.010194291846229145 0.1 1 6
319 -14.209976766800425 4.3424 240.87316858520123 6.2076 0.01071641455680275 0.017893253 0.002419249362519022 0.025898887 0.001647974862127392 0.1 -0.006396945266232923 0.1 1 6
320 40.631321427846196 5.6675 237.1872369661688 7.8005 -0.029290088851453417 0.030888382 -0.01808902445944128 0.030133303 0.0041187560481895985 0.1 0.007356557989224947 0.1 1 6
321 -9.130561613835747 5.1088 239.71371835413456 7.2383 0.00923814926938306 0.020351144 0.016274113971602458 0.02566153 -0.0005014970974440086 0.1 -0.01392959964922675 0.1 1 6
322 -22.509574902310835 4.1032 241.5070335092552 5.5293 0.0155673589482122 0.021235833 -0.005046009216344623 0.032099314 -0.0014193295215009496 0.1 -0.0005946045552211868 0.1 1 6
323 -1.015742721832468 4.08 244.6232679431834 5.1344 -0.001152713950838286 0.016472297 0.00835041474011071 0.019468606 -0.00048194332784459585 0.1 -0.006751971046364575 0.1 1 6
324 6.240558416779742 4.662 241.9855870752331 7.5361 -0.005972717517390137 0.02364305 0.0055449777602306575 0.031095032 -0.004140183652170597 0.1 -0.005795812590035674 0.1 1 6
325 -0.1126553227203236 4.3229 241.45072584559514 6.1896 0.004332356126469956 0.020926736 0.014400021788795942 0.02677153 0.0026985439142086487 0.1 -0.01149573756591238 0.1 1 6
326 25.26198861662704 4.674 244.59437201681365 5.6699 -0.01741906841075235 0.023470784 -0.011992292249518368 0.028457247 0.0028553882549064913 0.1 0.0007310219772022758 0.1 1 6
327 -3.151240944324265 5.1843 238.65406069851747 5.9271 0.007743584521028499 0.022963988 0.01750349269461477 0.025284005 0.003170235494280161 0.1 -0.015167261579632047 0.1 1 6
328 36.057250593812405 4.7067 243.9362569221234 7.5092 -0.027273043921058844 0.023370355 -0.024856346734011926 0.04226158 0.006801323634737187 0.1 0.012139557093578402 0.1 1 6
329 -0.912462964813938 4.8268 242.70153923417047 6.404 0.001997533210928369 0.01903829 0.00975630049749444 0.023731321 0.004320812970132501 0.1 -0.007770180382484635 0.1 1 6
330 11.982555332346609 4.3327 243.90119355250994 6.5825 -0.008300269055478881 0.025074165 0.005682929925511227 0.02976361 -0.0004585254243727058 0.1 -0.00720569411742393 0.1 1 6
331 29.412459046302672 5.0032 224.43640365873915 9.4957 -0.01587146499400489 0.027714625 -0.0030380156375382824 0.031183705 -0.0021770095523661465 0.1 -0.0038744950468766986 0.1 1 6
332 34.772638530667614 5.0923 230.58046298982586 6.4178 -0.018718371350471052 0.029373134 -0.006965315944836033 0.034820195 0.0009186290612814194 0.1 -0.005932013691538409 0.1 1 6
333 25.45655544690381 6.5416 216.78596413807966 8.0189 -0.018798934285162557 0.04872261 0.012252727490630446 0.041358616 -0.0015010654901610287 0.1 -0.011661783607773297 0.1 1 6
334 30.87480021982569 5.0226 242.44923003693543 5.3468 -0.021766227536661367 0.019217057 -0.016466506232681418 0.024989156 4.3851272821991694e-05 0.1 0.0023196859317627548 0.1 1 6
335 18.68475233200336 4.6709 240.77105575000184 6.8843 -0.01299432168252026 0.027543906 -0.0002159915162386604 0.029152578 -0.0008937377696688194 0.1 -0.004062878526660287 0.1 1 6
336 45.526065688016786 6.1726 240.3035386374263 6.6926 -0.037494735125966405 0.02966103 -0.027299832070213352 0.028835976 0.008684309070257672 0.1 0.01099029176934079 0.1 1 6
337 -30.717560101375263 5.519 242.3646569113008 6.7219 0.021038191655034334 0.025188135 -0.016694777218454873 0.035288364 -0.0023946165142521235 0.1 0.005891891363930476 0.1 1 6
338 -1.1572918883633427 4.1992 239.06339216477755 6.5402 0.006164906397519681 0.022618422 0.015797503630037724 0.028806522 0.0033321331842157435 0.1 -0.012954809998270304 0.1 1 6
339 41.32837504643421 5.0172 243.0798153490988 6.7799 -0.03260416233895299 0.024223682 -0.02914487297332992 0.030146617 0.008972510199575583 0.1 0.014684222992687089 0.1 1 6
340 1.1746365241693886 4.9097 238.70159814125185 5.9145 -0.0032556527944293374 0.022937763 0.017974955499270598 0.028356712 -0.00810306985440601 0.1 -0.013206124600984736 0.1 1 6
341 -0.7806684407587642 4.3277 240.44656725705786 5.5578 -0.0002548658773087343 0.021942534 0.011910983224940212 0.024222786 -0.0004378400726462615 0.1 -0.008807200179564049 0.1 1 6
342 1.6313621554755189 4.3342 237.35083177163224 7.622 -0.006815616299211737 0.021019567 0.022041426116428592 0.031771246 -0.0025074542161226936 0.1 -0.015802374100300564 0.1 1 6
343 0.9703112893895687 3.9665 239.70702810611283 6.779 -0.007239825651086434 0.02420946 0.014381389112781655 0.034644846 0.00045072483866679183 0.1 -0.011315493826883582 0.1 1 6
344 6.1384705958409835 4.175 237.24626959043331 5.5652 -0.007046508589844394 0.020777736 0.016611384952110553 0.02326413 -0.005230664790836257 0.1 -0.014947177586240437 0.1 1 6
345 -0.06649685847766351 5.2775 238.95935718616775 6.6918 -0.0027750455840261042 0.025529435 0.01471420516002864 0.030959982 0.00013380156864249444 0.1 -0.01033989229927586 0.1 1 6
346 24.6862840085536 4.6115 240.16328432494015 6.1701 -0.016680886228695114 0.02474663 -0.006034843056314859 0.028877728 0.0048144091888560414 0.1 -0.0017365012605216944 0.1 1 6
347 9.301799008900414 4.5394 237.00944000350987 5.8156 -0.011783602567938839 0.022621345 0.014060975016245795 0.02774358 -0.0011233372160355058 0.1 -0.012299260589319747 0.1 1 6
348 -10.939770529962718 5.351 237.77371545017428 8.1522 0.009770937673035846 0.023259545 0.01073732090399189 0.037641946 0.0008713580410605578 0.1 -0.00954517179550301 0.1 1 6
349 -7.755321198175269 4.8343 236.33139717248076 10.1057 0.01112334036194721 0.034043394 0.016397810922053203 0.041044872 -0.0005217945189461056 0.1 -0.014423262010898216 0.1 1 6
350 -16.742774809177945 5.0801 235.876678432642 6.5323 0.011286506017739366 0.022450687 0.0033750166291246146 0.034188375 0.0010903273536168347 0.1 -0.006200367437406745 0.1 1 6
351 1.0223757236264281 4.3242 239.49040150878088 6.5578 -0.0019643060773342027 0.02277271 0.011182211388687326 0.029954769 -0.0007597843435708189 0.1 -0.008418358263703168 0.1 1 6
352 -1.3691947751207316 5.1831 238.3748884938916 6.2037 0.008446103302573841 0.023259757 0.014121954292172195 0.025516108 -0.000762878623038166 0.1 -0.011431512990793018 0.1 1 6
353 12.603358702242023 3.6466 236.79693178986082 5.7479 -0.010770965086312138 0.01783462 0.008804560927650666 0.026912749 -0.0032657530643566517 0.1 -0.007570069399437919 0.1 1 6
354 -4.1394731561279 4.8916 235.88230321697444 7.7477 0.00899166519926005 0.029391022 0.018130864505180817 0.032817673 0.003938906248047252 0.1 -0.016281359322805125 0.1 1 6
355 -24.813351948526886 4.3793 237.32089843226095 6.4841 0.015556930445771987 0.021186488 -0.0032690934599339874 0.030608123 -6.488351592861044e-05 0.1 -0.0014526041091514623 0.1 1 6
356 -0.04782805254167655 4.7425 238.92545233511532 6.1584 3.1467339239451934e-05 0.023486042 0.01105196915833484 0.025043525 0.0009087854344725674 0.1 -0.00798347931487633 0.1 1 6
357 35.712933554424474 5.0405 229.4811807128042 6.345 -0.01913730327489025 0.022332508 -0.008745942179238696 0.027961798 -0.0023831016790275892 0.1 -0.006587816800458661 0.1 1 6
358 48.857204499483245 5.37 241.8500810527612 6.5242 -0.043545731615354424 0.02561723 -0.03415731548771279 0.03224313 0.011015964218901395 0.1 0.017104324655987706 0.1 1 6
359 17.328709566795773 6.0151 234.9213894101262 10.4504 -0.011869689234638258 0.03211293 0.006532142629386515 0.04919399 -0.001565715131019034 0.1 -0.006352594553859412 0.1 1 6
360 46.14199227950571 6.4246 235.2933955489846 6.3014 -0.032787493962649975 0.028910693 -0.02004017995027074 0.03428671 0.006614928007059498 0.1 0.0050855307992007815 0.1 1 6
361 -1.627205058039341 5.0208 236.64168564781676 6.5671 0.004949913523168831 0.026344528 0.01564234086620351 0.033357024 0.0029853570945830477 0.1 -0.01230155098945428 0.1 1 6
362 -49.150871268168274 4.2767 240.48839977705742 4.5028 0.04014535380567238 0.017929612 -0.031144525942244063 0.018161757 -0.013640129305009255 0.1 0.013341995404813324 0.1 1 6
363 -0.6105251399832446 5.1732 237.44989187467243 7.8764 0.0024414500183574505 0.02925294 0.012355859516747439 0.032096263 0.0037590485732648263 0.1 -0.00880564042935078 0.1 1 6
364 2.254892374441203 4.57 236.21878062927163 6.9567 -0.0021645553533580966 0.023746341 0.01657669784089448 0.02887219 -0.006873822003628036 0.1 -0.012742462242678346 0.1 1 6
