data/processed/NGC4621-mock/gauss_hermite_kins_o.ecsv
# %ECSV 1.0
# ---
# datatype:
# - {name: vbin_id, datatype: int64}
# - {name: v, datatype: float64}
# - {name: dv, datatype: float32}
# - {name: sigma, datatype: float64}
# - {name: dsigma, datatype: float32}
# - {name: h3, datatype: float64}
# - {name: dh3, datatype: float32}
# - {name: h4, datatype: float64}
# - {name: dh4, datatype: float32}
# - {name: h5, datatype: float64}
# - {name: dh5, datatype: float32}
# - {name: h6, datatype: float64}
# - {name: dh6, datatype: float32}
# - {name: is_good, datatype: int64}
# - {name: n_gh, datatype: int64}
# meta: !!omap
# - PSF:
#     sigma: [0.36, 0.92]
#     weight: [0.76, 0.24]
# schema: astropy-2.0
vbin_id v dv sigma dsigma h3 dh3 h4 dh4 h5 dh5 h6 dh6 is_good n_gh
[from data line 365]
366 1.4704647416292291 4.7027 236.83707851590162 10.9388 -0.004397056610621954 0.030378954 0.013827344336609015 0.038665242 -0.0040200179812661056 0.1 -0.011700523840705485 0.1 1 6
367 -10.635892748514625 4.4332 233.36922926375294 5.6864 0.010456382929622057 0.023840893 0.012019868472411373 0.024508914 0.006793439560619956 0.1 -0.010667191907317018 0.1 1 6
368 -33.553514919571256 3.5939 238.7114373877463 4.0573 0.02337068211310186 0.017587064 -0.013686459032133582 0.021117669 -0.001252502030801941 0.1 0.0015434138410103076 0.1 1 6
369 8.6507935804051 4.21 233.9147842904765 4.4608 -0.012650060477441924 0.019133382 0.015067276316478733 0.01930713 -0.006231439502578295 0.1 -0.013367569521730328 0.1 1 6
370 0.761024733827826 4.6832 236.42022618954493 6.217 -0.0013281384187598688 0.020525549 0.01444400100973538 0.027407214 -0.0029594965182486066 0.1 -0.009876901969381555 0.1 1 6
371 -7.02196568049099 4.2971 233.2552753723005 9.7766 0.009266510734426723 0.02981135 0.017099530993116806 0.041261695 0.00581811682838468 0.1 -0.015274047578634247 0.1 1 6
372 26.244510217193834 4.0373 237.7910143715465 5.769 -0.01697724816658131 0.018834213 -0.0019341614982460015 0.025776882 -0.00019928610806179867 0.1 -0.003568619739289357 0.1 1 6
373 39.72271310934242 5.2736 240.4449102414983 7.9274 -0.03130642829536924 0.024815317 -0.022288778527082765 0.038709145 0.006391681606990768 0.1 0.0019451306256514037 0.1 1 6
374 1.3988631586001177 5.0076 236.359190994334 10.1254 0.0023699254197313948 0.03194482 0.013215731118392688 0.061514206 -0.00199351413254531 0.1 -0.009134127137406498 0.1 1 6
375 -0.6956573715080193 4.4994 236.445742183633 6.1503 0.00324880842348771 0.021635741 0.013465307897885283 0.026948862 0.002711408983229519 0.1 -0.010007730767922262 0.1 1 6
376 -47.49728344241789 4.9519 240.87643242856637 6.1501 0.03874718281830634 0.024937086 -0.030776954423233766 0.026378853 -0.011116695909623506 0.1 0.011832666533614662 0.1 1 6
377 -2.9835853956063443 4.663 234.69395583265572 6.3007 0.00639369045622184 0.024604134 0.014579587184602226 0.03174861 0.007270226218869612 0.1 -0.01216161968551989 0.1 1 6
378 12.689077693759462 4.7769 232.59486176453865 7.4059 -0.011467344184722101 0.021918954 0.010228135751172472 0.032689624 -0.006447391656709262 0.1 -0.008709294184383773 0.1 1 6
379 -0.08496773181445322 4.8373 236.2579147641706 8.6206 0.001616030375199429 0.024385463 0.012796972906218736 0.04311832 0.0003629427606471324 0.1 -0.008619078891536089 0.1 1 6
380 49.23486752674607 5.2802 240.32556184725823 7.1865 -0.04081275965087177 0.024640677 -0.031047122092084094 0.033554476 0.011668060512328177 0.1 0.01418573803613805 0.1 1 6
381 -44.45377375329825 4.2185 239.62168418005086 6.2667 0.033211993891617365 0.024121333 -0.026590054884915122 0.029226054 -0.008290127380814864 0.1 0.01134008910973721 0.1 1 6
382 -1.0087055287534668 4.0895 234.5559528910157 6.7211 0.0017708906376852555 0.022135865 0.013718956825686069 0.028250163 0.001870102560701806 0.1 -0.010628106029375011 0.1 1 6
383 -46.66078301445018 4.8538 232.8045197602333 7.6395 0.03128199413786894 0.03275467 -0.016537635334477458 0.037579466 -0.0013081635080686282 0.1 0.002360138980348195 0.1 1 6
384 -11.088015868972851 5.6205 231.6745015451737 6.9529 0.014777942224507155 0.02725209 0.01609469096556172 0.030295426 -0.0018971512705223742 0.1 -0.012496494187950194 0.1 1 6
385 -0.3999178278230806 4.2403 235.0412625106521 7.2177 0.0004939695486717462 0.02489331 0.0134692911342231 0.0321383 0.0025536712270992344 0.1 -0.009403586688633286 0.1 1 6
386 -17.753078899450436 4.2068 231.60858885954093 6.6729 0.012594253813891797 0.020589847 0.006769175556284019 0.03131541 0.0006910105871322444 0.1 -0.007252551984322024 0.1 1 6
387 2.5832826638881152 4.6713 232.7273266171676 7.524 -0.003742049202073391 0.023326933 0.016534028436450948 0.04279115 -0.004552472076241077 0.1 -0.011800949526272565 0.1 1 6
388 0.7718379090448706 4.9779 233.66616700404646 9.531 -0.002764812273311165 0.025562473 0.013712553384517179 0.045332473 -0.0036746504461095835 0.1 -0.010581121769752958 0.1 1 6
389 4.8245214525389235 4.4352 231.51717429676788 5.5135 -0.0060730039406546605 0.020414963 0.019372798779844515 0.030189486 -0.002534288173968184 0.1 -0.012673555955119485 0.1 1 6
390 -0.6449468979727233 4.3662 233.2795295239915 6.5896 -0.0004915912542425956 0.020626618 0.014732119838071362 0.028449822 -0.0030167456228665894 0.1 -0.009899339013423838 0.1 1 6
391 8.831494473214903 3.6103 230.57987667024034 5.4061 -0.01193214247009013 0.023858264 0.01663949022400306 0.023145933 -0.0076108907255746094 0.1 -0.01407917327299336 0.1 1 6
392 24.08919636720318 5.0177 232.07089995886147 8.6218 -0.014451336089304326 0.025172189 0.0018110291282152863 0.042395767 -0.0006576293385232596 0.1 -0.006126198103869979 0.1 1 6
393 32.485810545025885 5.4896 234.41960228491078 8.0869 -0.01902340585324494 0.025943404 -0.007564238785198523 0.0392502 0.0009056790045363387 0.1 -0.004772895229497115 0.1 1 6
394 48.45711053740839 6.4119 233.51736741993992 7.4227 -0.03485093730785686 0.029331021 -0.01821184809205461 0.031330526 0.008678790481934782 0.1 0.004007048734590398 0.1 1 6
395 10.11870967747167 5.4945 230.01337669965142 8.3177 -0.012364462193463656 0.02784605 0.013878957451727583 0.03535532 -0.007923422696738692 0.1 -0.012217642071606565 0.1 1 6
396 -0.25301270734924564 3.9308 233.57026265275155 5.9442 -0.0001516096812082529 0.018694738 0.013623305754088074 0.024190916 -0.005330882086452444 0.1 -0.009036025463270071 0.1 1 6
397 27.565917851178927 5.0092 220.40267209345512 8.1386 -0.013827571617682922 0.0329229 0.003402631208406556 0.044190016 -0.0017319699998947105 0.1 -0.008469043954088392 0.1 1 6
398 -24.321705211665428 4.3517 231.9442822276452 6.3282 0.0144808815163343 0.02012412 0.002572897236030556 0.02262478 0.0005909353460840497 0.1 -0.0055232595842997145 0.1 1 6
399 -40.623236551171445 3.6934 237.1832990244952 5.159 0.02868787677695094 0.020010564 -0.01804950013149581 0.022381183 -0.007740709284515106 0.1 0.004107443341611106 0.1 1 6
400 -0.015078971500540383 4.7144 232.88185545905884 8.6223 -0.001286877783444384 0.033359993 0.014008250180115447 0.035946492 0.0001485573285672831 0.1 -0.008872995410814748 0.1 1 6
401 48.638254195961686 4.7595 238.62508456005344 6.7959 -0.03803211941075389 0.029312653 -0.02714964354405559 0.031136766 0.008515641720167683 0.1 0.010972600124194782 0.1 1 6
402 55.329435688511126 6.0668 237.20777538088853 7.4101 -0.048035278815924135 0.030565113 -0.028193168841257735 0.041900557 0.01177875921696823 0.1 0.013805157617218587 0.1 1 6
403 42.65582809874456 5.7559 230.4137637710756 6.4805 -0.025702094656744303 0.029149728 -0.013114586789754764 0.030843824 0.002193767991237496 0.1 0.0008840132507859453 0.1 1 6
404 37.41352024364985 5.2019 234.6700021892439 7.5156 -0.02330213179926459 0.026777714 -0.012476596464583203 0.038130548 0.002823975460923176 0.1 0.003158989069698923 0.1 1 6
405 17.825155075220458 4.6287 229.81268093444203 8.1512 -0.01834237848954312 0.028178958 0.010890396993955463 0.043986753 4.868387023843957e-05 0.1 -0.008580034484285265 0.1 1 6
406 35.01444851851742 5.5829 227.39638202915356 8.232 -0.01748664894774231 0.02642248 -0.007968746206530961 0.027550625 -0.004886653500046909 0.1 -0.0006508523299982223 0.1 1 6
407 0.48832789083441647 4.6732 232.1315121055584 10.2505 -0.0001048063437183188 0.025038015 0.01441787331610474 0.03711441 0.001173376061705957 0.1 -0.008999966412029084 0.1 1 6
408 -9.851803195592122 5.0291 229.61588279752047 7.1651 0.01303560386688328 0.03046817 0.015094237653904148 0.03485156 0.007647947388036045 0.1 -0.013059599917408144 0.1 1 6
409 22.025588395630383 5.7933 229.79006695713113 8.8215 -0.01325243713021748 0.03498887 0.005056754947969614 0.033754915 -0.0011726637740164508 0.1 -0.006915460697555399 0.1 1 6
410 -3.5506610174450226 5.3234 229.25146832459146 10.8573 0.0044082761065002115 0.033823267 0.02104220155515551 0.07636672 0.002606055276442948 0.1 -0.011587960228410547 0.1 1 6
411 -35.062201531075885 3.9646 234.0284433165712 5.1109 0.020621675938887054 0.020017462 -0.009097336694384369 0.024875501 -0.002441237494959756 0.1 -0.004337184785176792 0.1 1 6
412 0.12997323357051344 4.9221 231.54040818722677 5.9157 0.0006354188321889127 0.024482042 0.013939886032600698 0.027794773 0.0036618706875294715 0.1 -0.00859139924578922 0.1 1 6
413 -1.43695134088412 4.9402 231.88439314035466 7.086 0.0017731309069112038 0.026390828 0.01291452491181029 0.031382807 0.0022571094229208045 0.1 -0.009281397205706957 0.1 1 6
414 46.3814145545742 5.3774 235.73200401253763 7.7685 -0.033249091968401194 0.027290706 -0.020295013799098448 0.03410442 0.007217168343146185 0.1 0.009442351095629686 0.1 1 6
415 57.87756380060294 5.2306 234.5114964819394 6.0138 -0.04930025345108739 0.029859278 -0.024070799298757817 0.028403446 0.013600417457670357 0.1 0.006032611202089063 0.1 1 6
416 55.51513436618291 5.638 231.81128446963714 7.5435 -0.043853210703723 0.027888766 -0.018944008501324203 0.030347697 0.007675573746229895 0.1 0.010801931807406191 0.1 1 6
417 -0.14880581228383827 4.8545 229.7433611526584 7.3633 0.0006329487686850674 0.02260847 0.015621260573774838 0.0346353 0.002060566008009378 0.1 -0.00867722618205583 0.1 1 6
418 -9.68523941490709 4.4826 227.5836494179676 5.7875 0.010748398867438062 0.020000625 0.017740427518918914 0.022001222 0.006381386016893366 0.1 -0.012407698857795161 0.1 1 6
419 -13.818944514874747 5.4519 228.7273607153542 8.0405 0.013562564286954952 0.02663361 0.010350569063067458 0.035380766 0.004003182393229412 0.1 -0.0071962926940349016 0.1 1 6
420 -30.277525169557148 4.0497 230.90474791352975 5.5285 0.017198473680713016 0.023768097 -0.004687775864581686 0.025967777 0.0008700383384714016 0.1 -0.005760460561444314 0.1 1 6
421 26.067526102271106 4.0999 228.17517265368218 5.536 -0.012405291205656732 0.02629534 1.7557345197370066e-05 0.0218113 -0.0008445793366062314 0.1 -0.005989109272354874 0.1 1 6
422 2.249365172080265 4.0281 230.15821857943305 6.7278 -0.00026140172455170864 0.023137469 0.014293984644082314 0.030383319 -0.001774898612851967 0.1 -0.008737136478239567 0.1 1 6
423 7.569797022620326 4.2378 226.49715271294352 6.2684 -0.006897930036797669 0.025032869 0.0197420340616418 0.03221267 -0.00268956461441713 0.1 -0.008354499858275922 0.1 1 6
424 57.93203893937867 5.0542 234.65348909080004 7.7992 -0.049253737913091025 0.02749914 -0.023823539581111098 0.03551988 0.013535220677487473 0.1 0.005972779254992714 0.1 1 6
425 20.134931645304338 5.0587 225.37208126238068 8.133 -0.011962654971279013 0.028280582 0.0029241908630368123 0.03254993 -0.002336934941095176 0.1 -0.005914536604777887 0.1 1 6
426 -18.85926863308383 4.7356 226.71268756037156 7.9821 0.016330212767791327 0.027398588 0.005549610716390566 0.037441164 -0.0005554688665654773 0.1 -0.004955450473720804 0.1 1 6
427 0.22745622881886743 4.5885 229.78860762833799 7.9753 -0.0013646985992899325 0.031124279 0.014037283126246303 0.037957344 -0.003001995856642058 0.1 -0.008637617793754111 0.1 1 6
428 42.212256915062746 5.4071 232.92582684822278 7.8315 -0.026588655383930394 0.018808458 -0.013177921388957145 0.031215647 0.0026726929738564373 0.1 0.0021137538811568397 0.1 1 6
429 13.477046579238042 5.1367 224.72413271310214 10.6934 -0.015103941775197784 0.030288614 0.015035840519528589 0.051934864 -0.005345374031783525 0.1 -0.007392835771052949 0.1 1 6
430 47.41443968395435 5.5547 229.91674359174309 8.0451 -0.031113742189070107 0.028736955 -0.01627876331246851 0.035319377 0.0020116697951208474 0.1 0.0031001397522491987 0.1 1 6
431 32.30721796566136 4.9544 227.77347141649253 7.7406 -0.02004754730831277 0.030234903 -0.0030489381036025902 0.03807731 -0.0032024901854745768 0.1 -0.004365563916153531 0.1 1 6
432 -0.23248884759630561 7.1199 227.20495727476876 9.4841 0.0011556452321974447 0.033230416 0.017698313510126278 0.038791448 -0.0002659922071744852 0.1 -0.008777987263892575 0.1 1 6
433 15.226658512101992 6.5559 224.95220085482006 12.5749 -0.010433117641149642 0.044692762 0.008184226504515814 0.07989376 -0.0009033061599672907 0.1 -0.006097888358925453 0.1 1 6
434 -25.56514699478603 4.8124 228.62244072284162 6.8337 0.014195971449634805 0.026770158 0.00606259837367265 0.026671287 0.0014731374273180872 0.1 -0.006068415218865195 0.1 1 6
435 -7.019636482585286 5.0562 226.1044871818399 6.5704 0.009663184516854247 0.02715907 0.01743198553600353 0.035711378 0.0009339576209222494 0.1 -0.010607149981247312 0.1 1 6
436 52.96693289985 4.7069 232.67552845085717 6.8726 -0.04495045870403136 0.025672358 -0.016943931577511385 0.02457662 0.004980687131567962 0.1 0.0012653131826839727 0.1 1 6
437 -55.214181943503085 5.2587 233.641282628046 5.6908 0.04337296800855449 0.029145468 -0.021477255497465212 0.0341885 -0.013117346548943769 0.1 0.007158496478434119 0.1 1 6
438 -55.84524060742112 5.4692 236.69117025157254 7.8997 0.048161827173399736 0.029895911 -0.02746024130268748 0.03266702 -0.011004970083371948 0.1 0.009971934639388282 0.1 1 6
439 -2.513962566664515 5.2256 227.94936867463323 7.0998 0.005024882787811017 0.027572414 0.013682120417885229 0.034991626 0.0009010578639536701 0.1 -0.0065802089881659715 0.1 1 6
440 2.636835852640822 5.551 227.6692604580899 8.514 -0.005601534957695931 0.03439808 0.013049415809765891 0.040226787 -0.0009086169319384198 0.1 -0.00723592104341726 0.1 1 6
441 6.9873839211296715 4.6272 226.43468289447026 11.6866 -0.011747534811069162 0.02942134 0.012963771791331572 0.06257954 -2.1452923640870314e-05 0.1 -0.008559103638426576 0.1 1 6
442 -51.159417616918525 3.7073 236.57391756556876 4.7585 0.039765153201623216 0.019924358 -0.024824184616022822 0.02794577 -0.00925845105430716 0.1 0.010635445305458551 0.1 1 6
443 -42.02167447234325 4.6893 230.2224475277867 6.4461 0.024164008924617064 0.020940553 -0.01385234816207387 0.029942308 0.0030529940837888386 0.1 0.0005155722557113484 0.1 1 6
444 -20.880827126932473 4.9304 226.43186706285442 7.1645 0.010556182089338973 0.031427246 0.0028677731253220896 0.034844253 0.002197347145686047 0.1 -0.006063531412544009 0.1 1 6
445 0.687869117048385 5.3058 227.55126026019988 10.6322 -0.005664576955941972 0.032329034 0.01493110206246109 0.04377077 -0.002561544233985462 0.1 -0.007663830965327554 0.1 1 6
446 -1.3273071338888167 5.191 226.60803404081975 5.1827 0.0057349508266317205 0.023301903 0.0144668300345728 0.029851444 0.004752192465368843 0.1 -0.007552722250327873 0.1 1 6
447 -0.2225313507434958 6.275 226.82421529480948 7.6966 0.0028200448252080255 0.03253675 0.015250327882622055 0.034994222 0.0017315466497264758 0.1 -0.008063833804206643 0.1 1 6
448 37.77099564713548 5.6547 230.51349709426728 8.4008 -0.02085014514862933 0.027993292 -0.008994270870055348 0.03661943 -0.003722835381057051 0.1 -0.0029830322662124124 0.1 1 6
449 -9.581395119310068 5.2343 226.29773352409418 7.8714 0.009733107504754372 0.02489647 0.010470766554380118 0.031201039 0.0065690309815476 0.1 -0.009408460146385921 0.1 1 6
450 64.13009067079902 4.9876 231.2826779488639 6.9164 -0.05704059464361605 0.032202367 -0.018822054170670864 0.03124646 0.017153499902305205 0.1 0.007536307204613709 0.1 1 6
451 -6.454300493455283 5.2519 226.41650170511892 6.8885 0.010661858952864022 0.031755436 0.014119528666644681 0.039597776 0.001293049365500696 0.1 -0.0083966809593621 0.1 1 6
452 -14.5570884270044 5.9039 224.79344257389522 7.9597 0.010975055517501144 0.025961699 0.010198177750889829 0.038417995 0.0008363122429240616 0.1 -0.006795669533092905 0.1 1 6
453 -41.465535085610306 4.6609 233.05781394281712 10.7728 0.026864248379288507 0.026582515 -0.01292260782632911 0.063114285 -0.0047709341540800605 0.1 -0.00016797555874623163 0.1 1 6
454 0.16601955300737142 5.88 226.0404474456288 7.3365 -0.0028456286442029187 0.028212748 0.015111384384212143 0.03978679 -0.00041915591859811396 0.1 -0.008286978983489287 0.1 1 6
455 -17.84967575368291 5.5209 225.8646557068391 8.2676 0.009695398030785948 0.02450175 0.004092777704565069 0.03730912 0.006311646639161382 0.1 -0.005242031392455028 0.1 1 6
