data/processed/NGC4621-mock/gauss_hermite_kins_o.ecsv
# %ECSV 1.0
# ---
# datatype:
# - {name: vbin_id, datatype: int64}
# - {name: v, datatype: float64}
# - {name: dv, datatype: float32}
# - {name: sigma, datatype: float64}
# - {name: dsigma, datatype: float32}
# - {name: h3, datatype: float64}
# - {name: dh3, datatype: float32}
# - {name: h4, datatype: float64}
# - {name: dh4, datatype: float32}
# - {name: h5, datatype: float64}
# - {name: dh5, datatype: float32}
# - {name: h6, datatype: float64}
# - {name: dh6, datatype: float32}
# - {name: is_good, datatype: int64}
# - {name: n_gh, datatype: int64}
# meta: !!omap
# - PSF:
#     sigma: [0.36, 0.92]
#     weight: [0.76, 0.24]
# schema: astropy-2.0
vbin_id v dv sigma dsigma h3 dh3 h4 dh4 h5 dh5 h6 dh6 is_good n_gh
[from data line 94]
95 -21.924896522499914 6.4957 248.8685912765558 8.859 0.021004062965046304 0.03805868 -0.007678056486914006 0.036765218 -0.008180019822710027 0.1 -0.0026471793921890884 0.1 1 6
96 -18.703723798648966 4.3922 245.2920189355767 5.2541 0.01251083830369617 0.020703038 -0.005168979407688414 0.021020822 -0.005447624940643882 0.1 -0.0009141676938591999 0.1 1 6
97 -19.878342484904024 5.3416 250.61442603718325 8.7521 0.017425653375926425 0.027825361 -0.007774809601160795 0.03197864 -0.006867107972702585 0.1 -0.000899640817580393 0.1 1 6
98 -18.202284075311525 5.0886 240.8255636338533 7.8779 0.012004165999751168 0.032416943 -0.0004231502107443334 0.03467713 1.816741612437826e-05 0.1 -0.0037729669049364543 0.1 1 6
99 0.21149838540658816 4.0765 233.45954296194108 8.5109 -0.0010331536927527959 0.023155825 0.0142032936409179 0.036101107 0.002346218480584047 0.1 -0.009368923166556098 0.1 1 6
100 -0.21316463116267315 4.0509 236.4923356000567 5.8452 -0.000973956187823157 0.0220741 0.013378052963888429 0.030125588 -0.0008315336645201546 0.1 -0.009073517755667782 0.1 1 6
101 -2.1081151967228804 4.6972 246.17174928203454 6.8464 0.0022619425435101304 0.02823556 0.013875445666641402 0.031744897 -0.001415893543685655 0.1 -0.011187247922145132 0.1 1 6
102 0.24122691422518477 4.2067 241.55350158477586 6.6348 -0.00396365326350296 0.025487987 0.01455391509420166 0.032361582 -0.0026382405253630543 0.1 -0.011470275434054473 0.1 1 6
103 -0.06808400547288174 4.8762 232.65627517191234 7.7506 0.003237033723322311 0.030084964 0.014724669906490887 0.03598539 0.0007469584123439457 0.1 -0.009222053603202445 0.1 1 6
104 0.9948100575947114 4.8879 238.0219097847782 5.5978 -0.0026140291052538156 0.02043844 0.015535153063138223 0.025712641 -0.00646900455580202 0.1 -0.011304348607900224 0.1 1 6
105 -4.6471685847971544 4.6859 252.7881270565713 5.1347 0.002882832823885591 0.023107521 0.006662308640889461 0.027066771 -0.003603126753065222 0.1 -0.0068698939373583005 0.1 1 6
106 1.2546630702078923 3.7422 235.62793521077108 6.4532 -0.0017817675634176013 0.020455541 0.013353188324276278 0.026932687 -0.0033816542335030697 0.1 -0.010050407088784349 0.1 1 6
107 -5.669887908261275 3.5118 258.95536422569836 5.3976 0.003577253924905742 0.018961925 0.0033568168968750936 0.020622263 -0.005388075386704909 0.1 -0.0031166275247619763 0.1 1 6
108 -17.71778897071349 4.394 235.51734983335928 4.9483 0.012958708035126394 0.021527125 0.0050949662027574855 0.02432102 0.00205784609682274 0.1 -0.006820961359284762 0.1 1 6
109 -15.485318668816108 4.0872 249.962289439169 5.2656 0.010129983300422843 0.019721566 -0.004843730483782273 0.01879746 -0.002100010415064925 0.1 -0.0013428949861645448 0.1 1 6
110 -0.016426098942720513 3.9142 232.223884111968 8.1624 0.0010136750895285934 0.02465331 0.01444838396029962 0.045585535 -0.000571558029530113 0.1 -0.009001307568064118 0.1 1 6
111 -13.14088381657435 5.1295 229.3809329586548 6.7095 0.012872152384436071 0.028720966 0.013402726793568177 0.03423002 0.00135113017997934 0.1 -0.010635011301219126 0.1 1 6
112 -2.2972546035619645 4.0139 229.2568646896677 6.6826 0.004462293457156312 0.024671398 0.016372421469229934 0.033182483 -0.0002720451582580779 0.1 -0.010223046693154238 0.1 1 6
113 -12.13053249804043 4.4134 227.95409075924022 8.0375 0.014622571818906804 0.02287342 0.015490033427476641 0.04258562 0.0004339317765275912 0.1 -0.009361997824697578 0.1 1 6
114 -7.530542118147422 5.9264 226.50190073467027 6.8385 0.007408681823040638 0.029826118 0.020191751392594708 0.03686741 0.003222311872997234 0.1 -0.010005254145863209 0.1 1 6
115 -0.4772476999850508 4.1814 229.7233905223114 6.7397 0.001406157019183267 0.02360791 0.014979496326139466 0.03356774 0.002500244159423543 0.1 -0.008980053290187074 0.1 1 6
116 -25.886285139820433 4.12 244.6497364250059 6.7056 0.020286949340423358 0.024622073 -0.011252866912646757 0.028691191 -0.00125488886704931 0.1 0.002566279254064793 0.1 1 6
117 -27.936245627385407 3.8189 239.75563407691877 5.529 0.020191227906597345 0.021733003 -0.009332508742166823 0.023419889 -0.0034944315245291273 0.1 0.0008104966190485366 0.1 1 6
118 -25.842043033948944 4.7486 247.54390622303237 7.3895 0.020402798160893788 0.02339312 -0.015066303591132826 0.027953476 -0.00665991013794527 0.1 0.0029535462273786333 0.1 1 6
119 -16.268818561621575 5.0805 229.32256937645002 6.8057 0.012440802700609876 0.028427904 0.008081036363758195 0.033994768 0.0010424823139325366 0.1 -0.0073295045105218355 0.1 1 6
120 -22.64166739184792 4.8026 234.9900344949362 4.8615 0.014038060295447305 0.01905224 0.0010807175772462642 0.023193322 0.0008389287288006529 0.1 -0.005197909899267533 0.1 1 6
121 -25.109756140661855 4.3004 248.4800928508654 6.0613 0.02117699085478361 0.025137959 -0.013881726903865244 0.030834598 -0.00833484989343401 0.1 0.002251106153837534 0.1 1 6
122 -11.386907261786215 4.9508 247.74091753354273 6.0924 0.006266804053540576 0.018885158 0.0006064521690666609 0.022450427 -0.00027248945427049915 0.1 -0.0048357028389761445 0.1 1 6
123 -3.9667655148622134 5.1262 248.09656197252278 6.7539 0.002688319968618543 0.02282524 0.0041334859497362585 0.02601146 0.004447837540972769 0.1 -0.003933054377501655 0.1 1 6
124 -21.22748629989531 4.3487 247.20891483731722 5.082 0.014842015941119566 0.0190237 -0.009011199385564888 0.02126566 -0.004675243166801177 0.1 0.0014057602511612088 0.1 1 6
125 1.4104624283460787 4.0965 247.29890811575282 5.5354 0.002795972735336476 0.018745376 0.009954306325087118 0.028162587 0.002715694619356706 0.1 -0.009732894571050777 0.1 1 6
126 -3.1004854357564655 5.1758 226.55577804740022 6.3647 0.005520520933116864 0.0327038 0.015666976260112733 0.03508871 0.0041091235969703925 0.1 -0.004513161715717345 0.1 1 6
127 -7.351770137816915 4.989 226.56110319050757 6.8576 0.011698451805253345 0.024528584 0.012362099147716545 0.029804092 0.00016320047283520638 0.1 -0.009344177031901475 0.1 1 6
128 -13.646615066747009 4.8742 225.4954671021363 6.7313 0.011518151331409227 0.029644383 0.01147045552681426 0.035371587 0.0045272416276252204 0.1 -0.007662920843161766 0.1 1 6
129 -19.439089331170873 4.5792 227.72857069740448 9.2292 0.012357527318363008 0.025962755 0.004870514596688123 0.04155112 0.0007160486841607829 0.1 -0.0059895876623593065 0.1 1 6
130 -30.76068219068014 5.4351 243.96169439542427 5.4132 0.022490382284650355 0.025137683 -0.018781271661567584 0.021257933 -0.004616505648097322 0.1 0.006564173943661223 0.1 1 6
131 -0.8204161770321883 5.9606 225.98351627735488 8.2572 0.007332127215699657 0.035972618 0.018115189410306536 0.04251977 0.00036109762731728135 0.1 -0.006113778914115915 0.1 1 6
132 -0.05576755790783933 4.0299 228.3651543345887 6.8836 -0.0014873254422726597 0.02507209 0.016238879304339576 0.0309564 0.00039257466867459 0.1 -0.00903398502911855 0.1 1 6
133 -10.150963977578847 5.3367 224.3150258583422 10.4406 0.009977719787008024 0.03742171 0.011053572733038728 0.051703766 0.0022397571933482126 0.1 -0.009248889197576571 0.1 1 6
134 -27.82446608203103 3.9196 234.35375142740187 5.2758 0.017093568705992993 0.020919824 -0.0030154710002628315 0.024843378 2.5064214931711415e-06 0.1 -0.005723852585320934 0.1 1 6
135 -31.622291856730442 4.523 246.5308210810236 5.291 0.02627057208566143 0.017612686 -0.02163852588511146 0.025626743 -0.0049058662097511896 0.1 0.006938864373703906 0.1 1 6
136 -0.19911919966402553 5.0275 231.04850131214286 7.323 -0.0016320358675592287 0.036489833 0.015095530714827441 0.041734673 -0.0025656008734109654 0.1 -0.009367061868351968 0.1 1 6
137 -6.283069598799493 5.1659 223.9015611080347 6.4011 0.012509797841236472 0.036457542 0.013420544928174582 0.037697285 0.003327202507341859 0.1 -0.004492122974910726 0.1 1 6
138 -12.975349433294213 5.4529 223.54326002905503 6.9082 0.01023294638036083 0.02894449 0.0101168011096088 0.029448157 0.003968466555267092 0.1 -0.0070913456911421615 0.1 1 6
139 -3.846929624429446 5.3464 223.89089768849084 8.885 0.011532071478797206 0.036864236 0.012608872972110685 0.034901716 -0.0015164595323182695 0.1 -0.006348852116713707 0.1 1 6
140 0.07228398190035035 4.5916 225.80070782259625 6.6587 0.0030903621197616547 0.025606334 0.015778609388218838 0.03538332 2.305929349490706e-05 0.1 -0.008353172717786501 0.1 1 6
141 1.6291332370228928 5.087 236.7767407319365 9.2736 -0.005860955326324943 0.02659321 0.015575294957197191 0.040707856 -0.0015072877690914359 0.1 -0.01251322486489814 0.1 1 6
142 0.8844550243674226 3.9109 234.32548032608784 7.7334 -0.0021758328720781475 0.017227415 0.014550104109353892 0.027172593 -0.0064985323123562585 0.1 -0.010874131328838825 0.1 1 6
143 0.7864649213295969 4.8133 239.19588680387514 8.2247 -0.007659055813567649 0.02420188 0.01559188457603239 0.03565392 -0.0052821686607491865 0.1 -0.01285346520840197 0.1 1 6
144 -2.1967885463841874 6.3865 224.39775593144935 7.6154 0.009701914414747883 0.044846777 0.012287185035696247 0.03397078 -0.001404417163730408 0.1 -0.0062763659237579685 0.1 1 6
145 -22.82613011706839 4.3618 228.26503796909546 6.9839 0.011735787371867585 0.025416467 0.0026914649321363856 0.037166856 0.0018228151740635708 0.1 -0.006038150883878498 0.1 1 6
146 -18.030021067116632 4.4227 224.79756900557732 6.4422 0.009618949039350197 0.026742985 0.0004494884146774491 0.033366818 0.0025137050769088506 0.1 -0.00536648347356817 0.1 1 6
147 -0.5036454731509894 4.9525 229.7593317789923 7.3035 -0.001420077758992068 0.025561621 0.015626793603096607 0.026910983 -0.00383576615429406 0.1 -0.009377420432965224 0.1 1 6
148 0.2774986945233888 4.4433 226.27995957010418 7.4252 -0.004565163247703233 0.02409697 0.0162514307352105 0.028900906 -0.0010007281441647363 0.1 -0.008653685848758747 0.1 1 6
149 -0.1561326520244979 5.3944 242.5769690303567 7.1415 -0.003812146152526058 0.024586845 0.014824810502764687 0.030252598 -0.0012810153799837497 0.1 -0.01255319799902639 0.1 1 6
150 -29.699680737896255 4.2605 246.367674268172 5.0644 0.02326520587907625 0.021072654 -0.019277256350314433 0.020897664 -0.007021225828992107 0.1 0.006193057723775205 0.1 1 6
151 -2.144967462211959 4.3063 247.02133757960834 6.865 -0.0002815348473041197 0.023636058 0.01159633598824003 0.027739936 0.000563451215828163 0.1 -0.011113368666816125 0.1 1 6
152 -11.017203971813016 5.0434 219.88699440002154 8.4898 0.01417361284495301 0.02943085 0.013521568556819968 0.0392973 0.0006842024753787798 0.1 -0.008438896161544496 0.1 1 6
153 -32.66668409076587 5.179 234.39871523133885 6.0157 0.019688689837979702 0.024875306 -0.007813208873154025 0.03282238 -0.0013173363996948414 0.1 -0.004606211755525838 0.1 1 6
154 -16.1906727437617 4.1299 221.86784331387614 5.0776 0.010084446398870718 0.027353577 0.008067219199244368 0.03049247 0.004128781556116328 0.1 -0.006599840363768954 0.1 1 6
155 -35.73556971240251 4.1978 242.00857663461125 4.9349 0.02572620021923929 0.014999134 -0.022192722524161972 0.0192718 -0.004836207334801084 0.1 0.010178683089152124 0.1 1 6
156 -26.21780710065577 4.2849 228.22025459301634 6.6737 0.012830537441754346 0.025471402 -0.00037326934314277913 0.036261726 0.0014723198494522973 0.1 -0.006250300003900975 0.1 1 6
157 -17.05936237529658 4.4045 244.40847477483135 5.7691 0.010638734889720067 0.021682581 -2.3998114331004634e-05 0.024998486 -0.00014294793109886764 0.1 -0.003330767324969401 0.1 1 6
158 -34.77255351215088 4.8507 244.49110183769258 5.1578 0.02622814831552266 0.02164126 -0.024059031910203355 0.025606092 -0.006595834575208231 0.1 0.012154798949575966 0.1 1 6
159 -26.078513423628735 3.9136 244.71865432734185 4.662 0.01797914933358423 0.021062102 -0.01368494878556357 0.026584517 -0.005013219374018616 0.1 0.0038313710376635546 0.1 1 6
160 -8.615968193637904 5.1984 242.2996783884109 6.4232 0.007120412042068638 0.023821764 0.007598051249246762 0.0243936 0.0005130387223638375 0.1 -0.007516592019464365 0.1 1 6
161 -8.381397502625243 5.5137 218.52148607625335 7.8115 0.021782777262668234 0.02914447 0.012748480564073735 0.031816866 -0.006788154245336149 0.1 -0.006260226422429764 0.1 1 6
162 -5.7013541721083545 4.9937 220.27001101666383 7.2889 0.015917947221760473 0.03333997 0.008965221624559613 0.04376387 -0.003335927268639884 0.1 -0.005639724709526052 0.1 1 6
163 -0.3941345947820235 6.2599 223.4337864977017 11.6964 0.0010819950853505939 0.047486797 0.012918827729158318 0.05902348 3.103390626950321e-05 0.1 -0.00762686757516687 0.1 1 6
164 -2.708167216346525 6.2005 221.99446218773045 12.0123 0.009788769089096067 0.03625152 0.01119559626376821 0.045198914 -0.0015665522703558234 0.1 -0.004857161452875548 0.1 1 6
165 -5.296053519633809 4.9929 220.12180990569334 5.6482 0.014284398396324569 0.032352876 0.008652983063792793 0.03269754 0.0005075049729256174 0.1 -0.0017784709537405534 0.1 1 6
166 -16.927228273390867 4.9746 218.398459212979 9.2467 0.019131972576037645 0.037396476 0.01409311415504629 0.0472824 -0.0012933167836389065 0.1 -0.009135515279148541 0.1 1 6
167 -15.69746843712376 6.104 216.12264082101228 10.8917 0.026876981627783007 0.042782303 0.016963014372073152 0.041258857 -0.006541950116199321 0.1 -0.01233502419006877 0.1 1 6
168 -21.971040481416498 4.2997 224.8408432284556 4.7432 0.00940066370518659 0.022191301 0.003221641844767846 0.027672034 0.0033643127661014322 0.1 -0.005522547329085098 0.1 1 6
169 -37.73908390766939 4.9838 234.6870629880353 6.6871 0.024931853452082126 0.022527833 -0.012539511036886185 0.026569476 -0.005060790738227237 0.1 0.0004542864109017014 0.1 1 6
170 -32.23538889970328 6.0015 228.55142257472076 12.0065 0.020606593557196788 0.03800518 -0.0016184728040716527 0.0482861 0.004598568921753926 0.1 -0.005576438735881431 0.1 1 6
171 -41.02466191153414 4.7072 241.22869641605803 4.6967 0.030768404877831914 0.017857952 -0.026381556944447174 0.02047034 -0.008446197623321869 0.1 0.010664854881110065 0.1 1 6
172 -0.06089734802742708 4.7275 222.76701349022983 6.6602 -0.004883829381115978 0.027671553 0.013821791163566891 0.040558755 0.0008224526152629398 0.1 -0.0073125284328678 0.1 1 6
173 -10.88307710377655 4.9591 216.66730398768314 7.8021 0.027110084323502683 0.030211031 0.015839830007430018 0.046706412 -0.005173108742693388 0.1 -0.0075061447350402224 0.1 1 6
174 2.437850251099826 4.2196 231.7444906235534 5.8412 -0.0017519198196672818 0.026164953 0.01337007926852797 0.026028024 -0.0035237900194490953 0.1 -0.010258509487451701 0.1 1 6
175 3.581585593708231 4.2918 232.43657699519343 7.8354 -0.004947247602905847 0.02236881 0.016646319884216124 0.024443988 -0.005099821888833636 0.1 -0.012739143019379473 0.1 1 6
176 2.1582155511206134 4.5013 221.69781571783534 6.4485 -0.009316328552634565 0.030325396 0.014072732325597977 0.0300004 -0.0031327225392549863 0.1 -0.006861834173093844 0.1 1 6
177 0.80527018223382 5.9713 229.42705426451013 11.2256 -0.001458248054690706 0.045580108 0.013937058959651902 0.04579006 -0.0022560137112540065 0.1 -0.008509939854202786 0.1 1 6
178 5.193055746180371 4.8804 233.05894075980677 5.6874 -0.00829950412630082 0.018367803 0.018904435451081357 0.019245727 -0.0032012296048872773 0.1 -0.015630401308503416 0.1 1 6
179 5.189899382624687 5.0374 234.72056717084368 6.5064 -0.0072500027872058215 0.025595576 0.021353297886091444 0.028688252 -0.0034911021040257718 0.1 -0.015302935065709553 0.1 1 6
180 2.30172968610002 5.2024 223.92185574057078 10.9763 -0.008895542389172388 0.0359273 0.016059684793455896 0.07182074 -0.001460211263487437 0.1 -0.004604559385901098 0.1 1 6
181 -0.1588268911221863 7.0718 222.04993815947554 21.9753 0.00396995036648986 0.050125513 0.009488095622203957 0.09421637 0.00022175806899991306 0.1 -0.0055078802812499 0.1 1 6
182 -4.084791001908224 5.7707 217.78974633332052 8.914 0.012767405629820879 0.037644338 0.006440883772348686 0.046956383 -0.0016202228495435856 0.1 -0.002490274213043849 0.1 1 6
183 -7.962806687174362 5.2322 217.45315861550415 8.1577 0.019365300599255973 0.033225946 0.005162771356437858 0.037607525 -0.003791457407420089 0.1 -0.0023400744177196928 0.1 1 6
