data/processed/NGC4621-mock/gauss_hermite_kins_o.ecsv
# %ECSV 1.0
# ---
# datatype:
# - {name: vbin_id, datatype: int64}
# - {name: v, datatype: float64}
# - {name: dv, datatype: float32}
# - {name: sigma, datatype: float64}
# - {name: dsigma, datatype: float32}
# - {name: h3, datatype: float64}
# - {name: dh3, datatype: float32}
# - {name: h4, datatype: float64}
# - {name: dh4, datatype: float32}
# - {name: h5, datatype: float64}
# - {name: dh5, datatype: float32}
# - {name: h6, datatype: float64}
# - {name: dh6, datatype: float32}
# - {name: is_good, datatype: int64}
# - {name: n_gh, datatype: int64}
# meta: !!omap
# - PSF:
#     sigma: [0.36, 0.92]
#     weight: [0.76, 0.24]
# schema: astropy-2.0
vbin_id v dv sigma dsigma h3 dh3 h4 dh4 h5 dh5 h6 dh6 is_good n_gh
[from data line 184]
185 -18.443363512980678 4.923 215.95902255877957 11.6514 0.017550211553648 0.037332486 0.016605895896955176 0.05911003 0.0030640135927616605 0.1 -0.01281263804356361 0.1 1 6
186 -18.927448906832975 5.4078 220.01201121967907 6.529 0.010753718134686679 0.03527311 0.007493843212561086 0.041042846 0.005606094388693184 0.1 -0.007471476472972523 0.1 1 6
187 3.029937283257391 4.7129 225.84798084431975 9.3828 -0.006816005536956831 0.027740087 0.015442652642704276 0.03859488 -0.0006721807527964 0.1 -0.007844463635873631 0.1 1 6
188 2.869000481416188 6.6975 239.09616347112933 9.2946 -0.007101636669738634 0.029730093 0.018311479273643 0.040848475 -0.004672078784645419 0.1 -0.013549264389244028 0.1 1 6
189 -23.093545800270032 4.0283 224.97156995800992 4.8707 0.009808770973634548 0.020544931 -0.000548605456028519 0.027791072 0.0035743559395222764 0.1 -0.006235872943061806 0.1 1 6
190 1.7617283590938486 5.6556 221.19562569516864 8.4738 -0.007337289178082114 0.03992626 0.009090934967676425 0.045977227 0.001404167814683961 0.1 -0.0054091138032958805 0.1 1 6
191 -8.337105916700825 6.6207 215.68750335329003 6.9559 0.01573409499805155 0.033781055 0.0021704224345491397 0.03660702 -0.0008459205455489342 0.1 -0.0008179153863853794 0.1 1 6
192 -17.034567810360564 6.098 212.89966787687254 13.2836 0.028813615718236825 0.05957475 0.018083289717720493 0.08807942 -0.005481767141552212 0.1 -0.014450865453691526 0.1 1 6
193 -6.071148999460555 5.2319 215.66936099223878 5.2368 0.013502862556542978 0.034027964 0.0023085300548099153 0.027352972 -0.0010798629262282536 0.1 -0.0005414850179373733 0.1 1 6
194 3.9531515383575213 5.0546 221.61689351932307 9.434 -0.011443595007157045 0.03377194 0.008074451865610469 0.04712789 0.0017044913154658078 0.1 -0.004147217646340755 0.1 1 6
195 -10.99425469105468 7.9325 211.55574730870717 10.9851 0.02072800400049667 0.05528812 0.007863012539409613 0.06774919 -0.0016496251523307904 0.1 -0.003378702887207354 0.1 1 6
196 -23.40378353716179 5.8714 212.9046248806681 10.8722 0.022253361230897366 0.05211643 0.01991053543328566 0.06207086 0.0009934400636967427 0.1 -0.015321652155678205 0.1 1 6
197 -22.81667623068442 4.1052 216.7981136790187 5.2699 0.016317064168567676 0.026943462 0.011489969302720044 0.030539844 0.002524239043402621 0.1 -0.01122076666931317 0.1 1 6
198 -12.083580940882511 8.9112 213.25124504453376 15.7209 0.02719771492663866 0.058062613 0.01415323379499907 0.07285544 -0.007205869770107058 0.1 -0.009681864063365549 0.1 1 6
199 -0.421866159907279 4.8309 219.4048647143189 7.753 0.0014008952382907837 0.023388747 0.007980501583480522 0.03506247 -0.0005455332209984478 0.1 -0.0028812058050457488 0.1 1 6
200 -3.098498963709074 4.7343 213.71731621383458 7.4867 0.00850829853755844 0.027332982 0.007213875730691808 0.04216439 -0.0005200013854668601 0.1 -0.0011220560885002754 0.1 1 6
201 -25.729988537595577 5.3254 219.57203390033615 5.5199 0.012669451767592137 0.02804048 0.0035920935889502577 0.030906659 0.003181120996642866 0.1 -0.008588744159298731 0.1 1 6
202 -35.168950950358905 5.3042 229.2587776266755 6.6997 0.018007937785888124 0.023115011 -0.0070671181536050304 0.029827576 0.00213439378105196 0.1 -0.0018256895156923596 0.1 1 6
203 -29.659019793983283 5.93 226.1204695414648 6.6601 0.013224743647371287 0.037765387 -0.0054653999568962984 0.03458752 0.005827668693162376 0.1 -0.006563906817784704 0.1 1 6
204 -38.1371637829166 6.0108 231.64789022603372 7.3559 0.022668800875161852 0.03147003 -0.009181945127873369 0.03647228 -0.0005008683888990723 0.1 0.0008212698037168521 0.1 1 6
205 -46.124124802596626 5.5084 235.7349006863148 8.69 0.03307208069251795 0.02959211 -0.02030585477783121 0.04026322 -0.006639414220894708 0.1 0.004334318737521093 0.1 1 6
206 -48.67611410664549 4.4503 238.5727810295753 4.8428 0.03864554956423875 0.023697244 -0.027272648997375526 0.023346983 -0.009237798563568326 0.1 0.007549770818908452 0.1 1 6
207 -39.462136533001434 4.3036 242.91729881344546 4.3924 0.030173290289811108 0.02389663 -0.027209977291073974 0.027387269 -0.007501367907852048 0.1 0.009964404024672672 0.1 1 6
208 -6.243389764827135 7.8722 211.10548340297038 18.4226 0.011345364973533958 0.044921897 0.006580674580662158 0.0796434 0.00010028959144134202 0.1 -0.002522555223887867 0.1 1 6
209 4.770252086559477 4.4974 222.5615866932028 6.7122 -0.013548358126753752 0.028385276 0.011513827884598872 0.036350396 0.0012103936915114294 0.1 -0.005769896733362617 0.1 1 6
210 6.400591702419136 5.1142 224.8587445842785 13.0476 -0.011359445323411894 0.024486842 0.016384175855998592 0.03521479 -0.006712450274501457 0.1 -0.007742965471567675 0.1 1 6
211 5.518431702627835 4.8411 220.08894022907384 7.1367 -0.015248878983072032 0.028692583 0.007096704099202972 0.030939389 0.0016721384068802757 0.1 -0.002531533762353909 0.1 1 6
212 6.823551883852801 5.5039 227.88367419133965 8.8229 -0.008324042174149688 0.03185569 0.013895484248584574 0.04646716 -0.0014479299650429571 0.1 -0.009460041363444218 0.1 1 6
213 2.3222007235116298 6.3561 215.63088387447624 10.6891 -0.007062137667560252 0.03980292 0.007233945326384793 0.03756772 -0.0003050385770913774 0.1 -0.0017574405508538398 0.1 1 6
214 5.777555115383227 5.1389 218.03012615220908 9.0448 -0.012274509742271853 0.028823074 0.0017863622741849327 0.041081697 0.002362723444451871 0.1 -0.0002568186102345529 0.1 1 6
215 9.291670306966065 4.3535 227.24842514392935 7.7901 -0.009128673851119441 0.02664643 0.020649124569937442 0.04017385 -0.0024737190697280993 0.1 -0.010074204745240392 0.1 1 6
216 9.210378858187031 4.7652 230.66575483910526 7.9751 -0.011201653748208513 0.027541518 0.012930342302297317 0.032849953 -0.004252918560449301 0.1 -0.010899564349545733 0.1 1 6
217 2.866934059731654 4.868 243.47798261186875 6.1009 -0.001819436401557243 0.022868738 0.011020479431459337 0.025996562 -0.004612533723275521 0.1 -0.010353986377015735 0.1 1 6
218 -2.574019909391921 4.2841 252.25754756273417 5.9115 0.0024579882354840354 0.017321767 0.004590496837662464 0.022595732 -0.0027471429566406024 0.1 -0.004461822874205797 0.1 1 6
219 7.6953568846119325 5.8413 236.18071776058116 7.8803 -0.009946543657708603 0.025229463 0.01635498375882392 0.030570468 -0.002026341399642218 0.1 -0.014402278989183958 0.1 1 6
220 -0.3307446285647129 7.7063 213.00385446175778 16.0143 0.0017039812768519676 0.044078138 0.010688167182559565 0.06045819 -0.0009604836279100601 0.1 -0.0046300323050236635 0.1 1 6
221 -4.745376455669022 3.9914 263.1426782613582 5.0155 0.003936688247593311 0.018753642 0.005632286944224515 0.019185843 -0.0034146396364728116 0.1 -0.004587539034781498 0.1 1 6
222 10.005357889536851 5.1925 232.21148328740014 6.4395 -0.01164642339330817 0.02885482 0.012402828419598966 0.03465598 -0.007675124348615758 0.1 -0.010316633196434687 0.1 1 6
223 7.6649385683752795 7.6142 217.909092637891 10.0055 -0.017957625883586122 0.034542035 0.003275338186529341 0.050647575 0.002954310154159965 0.1 -0.001076235487443689 0.1 1 6
224 4.014072390675748 3.7915 247.9130137968711 6.2323 -0.0003118420064654624 0.021328714 0.004340228122267496 0.025567716 -0.0021373032040077804 0.1 -0.004212037638759603 0.1 1 6
225 6.947269027546223 5.6254 240.3114859047332 6.4428 -0.007664478846277821 0.029750383 0.008941491512368106 0.030870954 -0.004254830781138957 0.1 -0.008671457051878904 0.1 1 6
226 -7.371264229178946 3.2489 268.05452351594505 5.3177 0.008074350639453479 0.013885383 -0.0011756806474940095 0.017693315 0.0018561247055400199 0.1 -0.004778945176645864 0.1 1 6
227 -0.2425806924940408 4.2553 256.282322350524 6.2113 0.0024429997024472076 0.019264517 0.003017266607158374 0.023443114 -0.000971735088297556 0.1 -0.0020709295113696432 0.1 1 6
228 10.522291831478503 4.8023 234.03606202804707 6.4887 -0.00965196982896661 0.024085212 0.010283533263665656 0.026174465 0.00011603880031062566 0.1 -0.009048582316467867 0.1 1 6
229 8.24147737301146 3.7218 222.30004319987782 6.7431 -0.01304084366497036 0.027543662 0.013515042429554246 0.031105477 0.0012221419666228813 0.1 -0.006691018778601792 0.1 1 6
230 7.472217184348436 6.0487 219.12953226481636 12.1541 -0.018949782968847338 0.044868737 0.012535246072388895 0.06743334 0.0031279293854289195 0.1 -0.0034394130720326837 0.1 1 6
231 11.093631922053536 4.5059 225.24685855348463 7.2196 -0.01166476900080544 0.028861057 0.012057492597354683 0.037227698 -0.007515427150572834 0.1 -0.008165672919363974 0.1 1 6
232 8.42429794173092 6.2932 217.43342136575816 7.8089 -0.02240278043429911 0.031208728 0.010001230119206906 0.036951065 0.005711925448623709 0.1 -0.003823822197393406 0.1 1 6
233 -3.7298737245505458 4.2158 262.44890923150547 5.9868 0.003943374159914425 0.019056616 0.00017264105608998716 0.021938885 -0.002511320266737025 0.1 -0.004739472233680919 0.1 1 6
234 8.214385638952868 4.9163 241.65711407340032 7.0246 -0.006409395641352274 0.022680257 0.0069646148369838365 0.029742217 -0.0011084545539969206 0.1 -0.006961286528064684 0.1 1 6
235 15.675999563363993 4.1604 237.31492554100356 5.6868 -0.016474586761945204 0.023112342 0.007742027512172958 0.025032572 -0.0026202365788350825 0.1 -0.0065324162175793375 0.1 1 6
236 5.120753820784785 5.0578 251.60514203282654 6.8994 -0.0012646221745498834 0.02544809 0.001960017913379874 0.030406116 -0.000801476271642094 0.1 -0.0010930739995518753 0.1 1 6
237 -6.49777147481215 3.7849 269.0855011104208 4.7979 0.00474900732986 0.013580434 -0.0030319042517270743 0.019301474 -8.12920029953678e-05 0.1 -0.0023590439580610622 0.1 1 6
238 3.6561487213080968 5.4075 213.34051048103348 9.1426 -0.009094239004155395 0.038179994 0.0072695770540453205 0.045334917 0.0009942239521365916 0.1 -0.0015550602708562383 0.1 1 6
239 7.732984399316168 5.411 213.97519135416826 8.9962 -0.012861670082078714 0.034695778 0.002581894930705175 0.042266287 0.00013909583174409937 0.1 0.0002888477512139646 0.1 1 6
240 13.670126461541802 5.9632 228.00563181147294 8.4015 -0.012698354806699057 0.040487666 0.012002968829857102 0.05076925 -0.00568917181115374 0.1 -0.00891891968199651 0.1 1 6
241 12.632885103021264 5.5047 218.9806466788169 8.6643 -0.018699267984019954 0.028223261 0.016184992614545313 0.038478367 0.0005750573081242131 0.1 -0.007293412382030495 0.1 1 6
242 2.35725091328691 4.6206 255.83496184265627 6.7922 0.00011107982658412798 0.020698316 -0.0002734391482277173 0.024129145 -0.0002248442732150939 0.1 -8.018725171958082e-05 0.1 1 6
243 14.281405518939764 4.5705 221.5444575577507 8.9311 -0.016331268970224997 0.027032085 0.01386510606638374 0.049558133 -0.005773601348769793 0.1 -0.005720192472472922 0.1 1 6
244 9.066543386918804 5.9658 214.99023126604214 23.5583 -0.017827600869481847 0.04699705 0.004979547715482657 0.061315518 0.002698147298704145 0.1 -0.0018462927339559958 0.1 1 6
245 13.167379498667986 5.2792 241.74176158842027 8.3039 -0.008807094164329461 0.025959276 0.0049709246977394615 0.029681642 -0.005637073278388557 0.1 -0.005654266458215447 0.1 1 6
246 -6.139995119170813 3.2962 263.9141032494349 4.4983 0.004946338541886064 0.014849674 -0.0002780854100378309 0.01651396 -0.0039081461794814795 0.1 -0.004825363873939082 0.1 1 6
247 11.101032482054263 4.4371 247.74322047574523 6.7871 -0.005731720730562266 0.023512777 -0.00039318277134652046 0.025036434 0.0008225605578697814 0.1 -0.004704521459607613 0.1 1 6
248 17.853815732316956 4.8602 230.11131874929447 7.5276 -0.012775559674917277 0.022511525 0.006519924781407035 0.031180454 -0.00035180256330608127 0.1 -0.0071608617512323065 0.1 1 6
249 15.433988570563649 5.1728 226.66073926326712 6.5944 -0.01210139188165557 0.03382285 0.008337392400761081 0.040715378 -0.004504976134603589 0.1 -0.006279390929170708 0.1 1 6
250 9.292409149315864 5.6108 253.55366333209344 7.8376 -0.005861948916978341 0.025415458 -0.004895765375986449 0.035374053 0.0013615366115972746 0.1 -0.0033204727379966487 0.1 1 6
251 -1.8470614764771482 4.3461 259.2853442552685 5.5709 0.0015038697081127556 0.017417796 1.7638138254446462e-06 0.022220414 -0.00021666056262040602 0.1 -0.001546678764902385 0.1 1 6
252 11.707148056314333 4.6593 216.804889517356 6.5735 -0.025227409727328585 0.0329467 0.012321145667317174 0.035244286 0.00843874934984215 0.1 -0.00998839441263706 0.1 1 6
253 -0.7336614718803344 5.8021 207.46072915866847 7.3698 0.0041469986360580195 0.040332615 0.013138026950203944 0.03611518 -0.001107533439977137 0.1 -0.005053144864489786 0.1 1 6
254 20.200696929217735 5.4317 241.0057758466065 6.3206 -0.013315640996142648 0.031106533 -0.002377211390045084 0.028370092 0.0002838510128225628 0.1 -0.007079572923554962 0.1 1 6
255 17.11113422455833 4.2108 244.0742745765296 7.3456 -0.011536076708166792 0.022957396 -0.006112418526214083 0.0296318 -0.0014413707332537476 0.1 -0.004266378808213395 0.1 1 6
256 -1.8689460718046949 4.1171 264.44434689076024 5.5623 0.0 0.015115471 0.0 0.01961209 0.0 0.1 0.0 0.1 1 6
257 0.2727792802260538 4.1146 262.7422966156112 5.226 0.0 0.015447513 0.0 0.018559441 0.0 0.1 0.0 0.1 1 6
258 -3.794128624285836 3.8047 263.8211047029513 5.1067 0.0 0.015147974 0.0 0.018514348 0.0 0.1 0.0 0.1 1 6
259 3.865107313687412 5.1664 254.57871422619314 6.4671 -0.00036407199455520457 0.026994018 -0.0007060890284594761 0.027862946 0.0002562013981394244 0.1 -0.00019992828337794604 0.1 1 6
260 10.099200393706795 5.4034 214.8986378647115 5.8995 -0.02447572957061908 0.02544634 0.011614305975623771 0.025738688 0.006680874887130689 0.1 -0.005989033046532067 0.1 1 6
261 16.05004871736739 4.1013 250.2988489945571 6.3595 -0.01202837959815804 0.020786246 -0.004528580467487534 0.02642884 0.000533744624267655 0.1 0.0008389623962209987 0.1 1 6
262 -5.178324022228036 3.3134 260.85107512646584 4.4084 0.0009406831151505517 0.012858556 0.0009866049713312163 0.015939156 -0.0022831497967394625 0.1 -0.0009684772709767455 0.1 1 6
263 2.109613436156989 4.1922 259.17932680426185 5.3346 0.0 0.016282791 0.0 0.022516144 0.0 0.1 0.0 0.1 1 6
264 2.020332145324396 6.1739 208.3695163364892 9.7041 -0.00685156148109748 0.040658683 0.012127334581944265 0.061972816 0.0004363676100505667 0.1 -0.0071428548950173195 0.1 1 6
265 20.818112239809164 4.9746 229.4943076393897 5.6156 -0.012995139812582424 0.026448682 0.005323555445038882 0.0344245 0.0005080973831828443 0.1 -0.006832254555282654 0.1 1 6
266 16.177487503786786 5.3446 224.81567388555663 10.0178 -0.0095226045789302 0.031387273 0.00599363949231169 0.05110704 -0.0010093662503621054 0.1 -0.005132042320119751 0.1 1 6
267 15.255537647003527 4.5273 217.4151855268895 6.5983 -0.017837061138625626 0.033064134 0.01547436262070894 0.030870682 0.0014284686471506057 0.1 -0.009553143788472367 0.1 1 6
268 -5.4013016184930605 3.9748 256.14312699031586 4.9745 0.00439308077385238 0.015484454 0.00427762610045606 0.018569993 -0.0018170654287697496 0.1 -0.003990589728066152 0.1 1 6
269 11.307124986728336 5.5544 252.97701667152276 7.2746 -0.0067319445891130345 0.022671498 -0.0037365448574084702 0.030162288 0.0053349033516057135 0.1 -0.0033899878889610334 0.1 1 6
270 24.79984327980804 5.5791 237.42442918022542 7.4728 -0.015526732042018954 0.023383558 -0.0034961391895031043 0.032647472 0.001471468233841571 0.1 -0.0016611118646234152 0.1 1 6
271 16.774018971437847 6.7997 220.0696971229297 12.9523 -0.014800092320257311 0.05133199 0.012124863982024349 0.069260694 -0.004381387684032409 0.1 -0.006742844409239426 0.1 1 6
272 21.531031754636093 4.1319 247.09682836437352 6.4859 -0.015855721583823465 0.022535643 -0.008746833395867046 0.032606583 0.0024044731857501625 0.1 -0.005950972094386742 0.1 1 6
273 8.005410363263197 5.8245 209.66948294969933 8.4462 -0.011237350853764544 0.032253258 0.006406879108169727 0.04555309 -0.00203112139288061 0.1 -0.0013835226909900684 0.1 1 6
274 11.72915813864147 5.4998 209.96436087199322 8.6789 -0.0202240895434802 0.031829793 0.011336245743909304 0.038853783 0.0007368432288761324 0.1 -0.005306517890554925 0.1 1 6
