data/processed/NGC4621-mock/histograms_set_o.ecsv
# %ECSV 1.0
# ---
# datatype:
# - {name: binID, datatype: int64}
# - {name: losvd_0, datatype: float64}
# - {name: losvd_1, datatype: float64}
# - {name: losvd_2, datatype: float64}
# - {name: losvd_3, datatype: float64}
# - {name: losvd_4, datatype: float64}
# - {name: losvd_5, datatype: float64}
# - {name: losvd_6, datatype: float64}
# - {name: losvd_7, datatype: float64}
# - {name: losvd_8, datatype: float64}
# - {name: losvd_9, datatype: float64}
# - {name: losvd_10, datatype: float64}
# - {name: losvd_11, datatype: float64}
# - {name: losvd_12, datatype: float64}
# - {name: losvd_13, datatype: float64}
# - {name: losvd_14, datatype: float64}
# - {name: losvd_15, datatype: float64}
# - {name: losvd_16, datatype: float64}
# - {name: losvd_17, datatype: float64}
# - {name: losvd_18, datatype: float64}
# - {name: losvd_19, datatype: float64}
# - {name: losvd_20, datatype: float64}
# - {name: losvd_21, datatype: float64}
# - {name: losvd_22, datatype: float64}
# - {name: losvd_23, datatype: float64}
# - {name: losvd_24, datatype: float64}
# - {name: losvd_25, datatype: float64}
# - {name: losvd_26, datatype: float64}
# - {name: losvd_27, datatype: float64}
# - {name: losvd_28, datatype: float64}
# - {name: losvd_29, datatype: float64}
# - {name: losvd_30, datatype: float64}
# - {name: losvd_31, datatype: float64}
# - {name: losvd_32, datatype: float64}
# - {name: losvd_33, datatype: float64}
# - {name: losvd_34, datatype: float64}
# - {name: losvd_35, datatype: float64}
# - {name: losvd_36, datatype: float64}
# - {name: losvd_37, datatype: float64}
# - {name: losvd_38, datatype: float64}
# - {name: losvd_39, datatype: float64}
# - {name: losvd_40, datatype: float64}
# meta: !!omap
# - {dv: 80.0}
# - vcent: [-1600.0, -1520.0, -1440.0, -1360.0, -1280.0, -1200.0, -1120.0, -1040.0, -960.0, -880.0, -800.0, -720.0, -640.0, -560.0, -480.0,
#     -400.0, -320.0, -240.0, -160.0, -80.0, 0.0, 80.0, 160.0, 240.0, 320.0, 400.0, 480.0, 560.0, 640.0, 720.0, 800.0, 880.0, 960.0, 1040.0,
#     1120.0, 1200.0, 1280.0, 1360.0, 1440.0, 1520.0, 1600.0]
# - {nbins: 618}
# - {nvbins: 41}
# schema: astropy-2.0
binID losvd_0 losvd_1 losvd_2 losvd_3 losvd_4 losvd_5 losvd_6 losvd_7 losvd_8 losvd_9 losvd_10 losvd_11 losvd_12 losvd_13 losvd_14 losvd_15 losvd_16 losvd_17 losvd_18 losvd_19 losvd_20 losvd_21 losvd_22 losvd_23 losvd_24 losvd_25 losvd_26 losvd_27 losvd_28 losvd_29 losvd_30 losvd_31 losvd_32 losvd_33 losvd_34 losvd_35 losvd_36 losvd_37 losvd_38 losvd_39 losvd_40
[from data line 103]
104 0.0 0.0 0.0 0.0 0.0 0.0 0.0 2.186975648419405e-06 1.5910856027582757e-05 0.00012046270012169101 0.0005967304490343386 0.00216139632033796 0.005341367620750075 0.010498681838956823 0.019256322612419073 0.03362473744868621 0.05325021851749861 0.07690517657325105 0.1035064746796275 0.1263760709844467 0.13664716605762658 0.12660835764121292 0.10499083256308385 0.07848722938908372 0.05373392653372934 0.033796855010401465 0.018995003114891832 0.009024076870369725 0.003964080609528253 0.0013818281414477644 0.0005341647517659314 0.0001398220869470199 2.402522170069988e-05 2.1925842308925035e-06 0.0 0.0 0.0 0.0 0.0 0.0 0.0
105 0.0 0.0 0.0 0.0 0.0 0.0 0.0 5.834281856674194e-06 3.828692178224598e-05 0.00017756416756873014 0.0007714311105548029 0.0027729392646238943 0.006261812931031388 0.012417800337968465 0.02206278246211508 0.03709787659582336 0.057811478748889644 0.07990819455207428 0.10290683723666476 0.12091405700099264 0.1281315196608907 0.11932270775381744 0.1000841054350856 0.07661909219246893 0.054888898441297 0.03610202954133366 0.021465987913149152 0.011757081413029313 0.00569738571343596 0.001974747683309831 0.0005647203285045684 0.00015958484778973053 4.684791535018206e-05 6.453210268908528e-06 0.0 0.0 0.0 0.0 0.0 0.0 0.0
106 0.0 0.0 0.0 0.0 0.0 0.0 0.0 1.6730027945541553e-06 1.2224996624962486e-05 0.00011427127988873395 0.0005760097913579325 0.001954592300976265 0.00480328099126487 0.009669109405780633 0.018237801712643623 0.0325312973371605 0.05275298226617332 0.07769931570336076 0.10474528767387349 0.12836490806972375 0.1380441222357934 0.1283928758358329 0.10489308628952486 0.07848186060774093 0.05276269683964723 0.03330771948158299 0.018523042665384237 0.008276869150622155 0.003578177942160944 0.0015278825228500338 0.0005773826596716738 0.00014713226172686236 1.3252585114474683e-05 1.811115089125348e-06 0.0 0.0 0.0 0.0 0.0 0.0 0.0
107 0.0 0.0 0.0 0.0 0.0 0.0 0.0 7.419081469165064e-06 5.122779874785774e-05 0.00020062357041613878 0.0008293752534880679 0.0027595214723663154 0.006322725255058491 0.012909812437057753 0.022610812242318125 0.03796062772065295 0.059584105698794326 0.08114291299882175 0.1025946626420877 0.11889588473822474 0.12448422344364159 0.11713108105076696 0.09895933173248904 0.07630179586559835 0.05529311054930461 0.0372448561880424 0.02269022871806039 0.012723031578277031 0.0061729848028032365 0.0022195093970823446 0.0006376583541397231 0.00018011443467135475 4.7238260016196295e-05 6.372876531796092e-06 0.0 0.0 0.0 0.0 0.0 0.0 0.0
108 0.0 0.0 0.0 0.0 0.0 0.0 0.0 9.268739640456976e-07 5.2285043209259785e-06 5.4188004357228076e-05 0.0002368419838425834 0.0008887735587006591 0.003338565845973868 0.00794877838332044 0.019179548152090557 0.036373572837694955 0.060399279001529554 0.08713353051538655 0.11314316765066446 0.13337676242846508 0.1350682762680093 0.12250686191063177 0.09892806307040129 0.07239633832638553 0.048525965838497935 0.029850316532606343 0.016980898131461204 0.008339408146376293 0.0037457288570186386 0.0011732675753944263 0.0002804318302356007 0.00011509373048803709 4.869006526216308e-06 6.399899541233297e-07 0.0 0.0 0.0 0.0 0.0 0.0 0.0
109 0.0 0.0 0.0 0.0 0.0 0.0 0.0 3.07675106333479e-06 1.1646310871831588e-05 7.053484619243322e-05 0.00028216926531313873 0.0013045416042319479 0.004408355065956781 0.010341679373745676 0.02194025621138924 0.03960313449204284 0.06174561360264219 0.0870030343559595 0.11033137271972962 0.12508662928370687 0.12666622617504122 0.11681903424146213 0.09742739680174936 0.0750267424546404 0.05321335688091544 0.033198458964833616 0.01881910741359935 0.009913402324534705 0.004562559684336657 0.001705398645152415 0.0003894477444832559 0.00010693404165838093 1.0444184608762822e-05 1.2728426952222272e-06 0.0 0.0 0.0 0.0 0.0 0.0 0.0
110 0.0 0.0 0.0 0.0 0.0 0.0 0.0 1.0634709990417274e-06 7.444492714368115e-06 0.00011808897771831424 0.000669063308525685 0.0019870117108955654 0.003919890036670746 0.007986928090085802 0.017579939771272646 0.03209228605669067 0.05178499088143736 0.07810465292434857 0.1056993378477352 0.13059786593735873 0.13987408266564855 0.1305550322364138 0.10546513666187407 0.07818086814062698 0.05154251807265736 0.0322315008987747 0.01753059182412549 0.007579405785239141 0.003628244926067167 0.0019393363359658446 0.0007448582269351828 0.00016478061240733188 6.8576085743231195e-06 1.264359834484948e-06 0.0 0.0 0.0 0.0 0.0 0.0 0.0
111 0.0 0.0 0.0 0.0 0.0 0.0 0.0 7.204020410277758e-07 6.981265770829104e-06 7.621646208746857e-05 0.0002727753658639025 0.0009178042100525854 0.002916320248865072 0.007309559403767523 0.01730774993401597 0.0340038859799422 0.05780872822103739 0.0846754778696028 0.11260184112789494 0.13411400085316313 0.13980796358212383 0.12547209626141875 0.10085490533003356 0.07282031249685114 0.04867873029226268 0.029982306350372873 0.017087979671388375 0.008192954326041281 0.0036921963162892145 0.0010962613517362396 0.00024113936571219541 5.2464264056010406e-05 4.031383729148093e-06 7.096442734008239e-07 0.0 0.0 0.0 0.0 0.0 0.0 0.0
112 0.0 0.0 0.0 0.0 0.0 0.0 0.0 5.870505731320587e-07 5.032983809146491e-06 0.0001278506953739279 0.0005392526778304049 0.001288569181737523 0.0030692184691289938 0.007348059025063599 0.016945412762494682 0.031919012375875536 0.053018266224675925 0.07911727863235765 0.10674233285348883 0.1310726646352986 0.1415366103787151 0.1303845967324773 0.10542202416693952 0.07671528350983561 0.051656152126649854 0.030836483463830295 0.01687502479879214 0.00904201352327405 0.004337769426360731 0.0014928026423111425 0.000432013267976767 6.471344772788388e-05 5.5886130513815606e-06 6.769577867915423e-07 0.0 0.0 0.0 0.0 0.0 0.0 0.0
113 0.0 0.0 0.0 0.0 0.0 0.0 0.0 4.644246226825392e-07 4.618627017149579e-06 6.73606964262237e-05 0.00031818570324137666 0.0009403058224362199 0.002874743463444664 0.007272498264463646 0.016809380233294015 0.03291242071576503 0.05640747606632676 0.08302797716354493 0.11176101685732218 0.13326076831639783 0.14135978193343782 0.1272707626709412 0.101994748197894 0.0736027234367927 0.04911505490660143 0.030136967432577714 0.017246896423520917 0.008370318469308413 0.0038083864397230206 0.0011013600999313054 0.00026761790589935634 6.0854596827508086e-05 3.217959122709443e-06 6.305534744373181e-07 0.0 0.0 0.0 0.0 0.0 0.0 0.0
114 0.0 0.0 0.0 0.0 0.0 0.0 0.0 4.902142544341197e-07 6.273860658389619e-06 6.638327016535378e-05 0.00040295987214371395 0.0010393479435869112 0.0029392301906111667 0.007409061015833877 0.017027434072599188 0.03212409317630904 0.05466096592182316 0.08082954609365925 0.10940774784453446 0.1320836913514733 0.14197063658976253 0.12933050224407652 0.10347934067808069 0.07489584143302404 0.050156050335733664 0.03050108051568525 0.017088819923981435 0.008928490768097215 0.003998333713367201 0.0012289555319101018 0.00033037131398479794 8.58964768525513e-05 3.550500671104072e-06 7.89908613562956e-07 0.0 0.0 0.0 0.0 0.0 0.0 0.0
115 0.0 0.0 0.0 0.0 0.0 0.0 0.0 7.416520562544393e-07 4.6095855711476355e-06 0.00016132048313864666 0.0007358399129769784 0.0017459818956843932 0.0031447971685482886 0.006906329152927086 0.016523576909985606 0.031866342069849896 0.051525565621125896 0.07839506371770531 0.10567052557582562 0.13148548576845195 0.14183892816395394 0.13137302711029117 0.10640711431750788 0.0775126649900738 0.05166216448235865 0.031183337069552213 0.016791590818575838 0.008378150944393674 0.0041746278610336664 0.001787605598952094 0.0006022439888994411 0.00011163541802436359 4.677120239109808e-06 1.0239414257802568e-06 0.0 0.0 0.0 0.0 0.0 0.0 0.0
116 0.0 0.0 0.0 0.0 0.0 0.0 0.0 8.629349723108774e-07 4.171428560692024e-06 6.535603686506442e-05 0.00022142059876877383 0.0009559548101773248 0.003543627619616738 0.008559726517363838 0.020692641855692452 0.04090610162423725 0.06529462612557425 0.09122432577520032 0.11485950554698049 0.12910460878808488 0.12833485132998804 0.11680064009023583 0.09601269256881771 0.07319300994450821 0.05026916961545771 0.030168706431887862 0.01657720949447502 0.007954032182513253 0.0035912798956542007 0.0012692507156539723 0.00027845720963540427 0.00010685330465120685 5.975817767584698e-06 5.62198350383649e-07 0.0 0.0 0.0 0.0 0.0 0.0 0.0
117 0.0 0.0 0.0 0.0 0.0 0.0 0.0 6.401995829846397e-07 4.4175573999328315e-06 5.2157860661269394e-05 0.0001893411129535509 0.0008502815832241537 0.003247180370998603 0.007916644954803712 0.020318343915207624 0.04034816977050896 0.06547244677589749 0.09234467685210292 0.11608784986484708 0.13148637540375668 0.1304726776501798 0.11804364152281506 0.09592413849988865 0.07204207081408627 0.04843880223669967 0.028872868725039712 0.015757047628154105 0.007430325987296942 0.0032736622204167284 0.0010670525528977343 0.0002473346119956567 9.717290943739732e-05 9.836038163371643e-06 5.523888985016967e-07 0.0 0.0 0.0 0.0 0.0 0.0 0.0
118 0.0 0.0 0.0 0.0 0.0 0.0 0.0 1.1837271439145498e-06 9.499046817307308e-06 5.4054577715507073e-05 0.0002056993536675794 0.0010388388355108535 0.0037135915539276572 0.008909621979802938 0.020914405752042516 0.04168322550037936 0.06578369685892274 0.09171468357305576 0.1146034081773279 0.12736930646918748 0.1266385377753097 0.11543193314056724 0.09532696450487765 0.07378750224909168 0.05152295537638625 0.030877187168295964 0.016789713170834733 0.00819064658067166 0.003711716810231363 0.0013340463718831549 0.00026966868066239383 0.00010140031949905991 1.0120570279054761e-05 8.087227014208462e-07 0.0 0.0 0.0 0.0 0.0 0.0 0.0
119 0.0 0.0 0.0 0.0 0.0 0.0 0.0 6.103850315173381e-07 2.3840959112114244e-06 5.257772528523573e-05 0.0002507194847873221 0.0008446872945241001 0.002880915889588494 0.007242923662687347 0.0173928757650832 0.03444012491565823 0.058954555805479994 0.08656179939245573 0.11411857611900154 0.13551415630134003 0.1392536741378586 0.12492728765401401 0.10013873904942025 0.0720184275154724 0.047726533116465436 0.029156688371772422 0.016186411461405318 0.007711527182998704 0.0033131729962159284 0.0009672203501754668 0.00026530302735243433 7.14249326032685e-05 3.1555912136074883e-06 5.403891024194927e-07 0.0 0.0 0.0 0.0 0.0 0.0 0.0
120 0.0 0.0 0.0 0.0 0.0 0.0 0.0 6.42042642828385e-07 5.982932439775678e-06 4.082442566562664e-05 0.0001922167408544133 0.0008090496580464538 0.003091952675505051 0.007668151627767031 0.019543209555643502 0.037482769210589864 0.062255501492117046 0.0898355761220859 0.11543797322257979 0.13437626153007948 0.13484390520663542 0.12147005281297903 0.09739143813169336 0.07135000061242779 0.04751136962775007 0.02872562670463215 0.015812505695159622 0.007505510267751131 0.003289124527761683 0.0010278434704866805 0.00024126276024718618 8.288371321294347e-05 4.109804413279703e-06 6.059670842481616e-07 0.0 0.0 0.0 0.0 0.0 0.0 0.0
121 0.0 0.0 0.0 0.0 0.0 0.0 0.0 1.2342812452741882e-06 1.1938455009604118e-05 6.29656283161341e-05 0.00020434353993771753 0.001110692204256393 0.003802852478889063 0.009171690437164664 0.021124058783659472 0.041491294701748206 0.06513084849592551 0.09108767512668624 0.11413670398382121 0.12707500544545422 0.12624160763886985 0.11553269837616217 0.09538124710789686 0.07384106111980372 0.051953315539768674 0.03133306843901613 0.017172147985275513 0.008446950328844268 0.0038746885994562614 0.0013824629490446175 0.0003342564595803504 8.211003178576662e-05 6.490152819220344e-06 7.903531852712293e-07 0.0 0.0 0.0 0.0 0.0 0.0 0.0
122 0.0 0.0 0.0 0.0 0.0 0.0 0.0 1.442575512281603e-06 1.2302323938971422e-05 6.334504540170121e-05 0.0002812017070759294 0.001309876816061936 0.004561909923463801 0.010270104832303256 0.021526888736868078 0.038470927547028154 0.06020745808222478 0.08492128666236311 0.10854527169198668 0.12544875410064357 0.12835557962880834 0.11907496061251616 0.09910253146550733 0.07561944517123122 0.05285356907901881 0.033084384046559515 0.019225762432241576 0.010088496497054986 0.0047345113803776845 0.0017324772666555744 0.0004067910982807753 8.189566795760221e-05 9.225473108489358e-06 1.6581835432738131e-06 0.0 0.0 0.0 0.0 0.0 0.0 0.0
123 0.0 0.0 0.0 0.0 0.0 0.0 0.0 2.6833158465221597e-06 1.7148630967299648e-05 7.756357649117198e-05 0.0003322283698160112 0.0014521445318019185 0.0049672701724598105 0.010804408485765934 0.021219570281921892 0.036900596746025104 0.05720985780852046 0.08015433336561148 0.10425096611279916 0.1233679988492293 0.1298325727533453 0.12111176147413397 0.10150816103277845 0.07764236170269541 0.054823954593758197 0.03444290841796256 0.020628440481455092 0.01126981743705633 0.00530953379294746 0.0020259152935532916 0.0005083182545634623 0.00011071621642059067 1.5134792087241238e-05 1.970265859457946e-06 0.0 0.0 0.0 0.0 0.0 0.0 0.0
124 0.0 0.0 0.0 0.0 0.0 0.0 0.0 1.4559415961090043e-06 7.335556365158296e-06 5.238466746208692e-05 0.00024224845943766635 0.0011361680098822967 0.0039041101955969828 0.009397614468771675 0.021354207911125616 0.04049480921068398 0.06380913117372053 0.0894639036765454 0.11294994699385671 0.12728546515931177 0.1273347671950347 0.1166225249043838 0.09651060484944662 0.07399061152624602 0.05163178932464091 0.03155701312004641 0.017471810078489428 0.008809645217724468 0.004044801766775793 0.0014626950703530974 0.0003362774084323283 0.00010324468301939899 1.8474494214958847e-05 1.1402614721243731e-06 0.0 0.0 0.0 0.0 0.0 0.0 0.0
125 0.0 0.0 0.0 0.0 0.0 0.0 0.0 3.490471027357143e-06 2.8893675653224822e-05 0.00010633162850826545 0.00039467967747586425 0.001574971251013926 0.005169535445943143 0.010853555095169573 0.02075661426781441 0.03585047085378699 0.05506872903754427 0.0773546405960986 0.10190842821292961 0.12187237209409361 0.13148030556615758 0.12267816291617452 0.10272286443430317 0.07859476805424147 0.055861114536190276 0.03554905772704683 0.021293362992171966 0.011844986883287216 0.005871598274196078 0.0023567665338585313 0.0006313950136590153 0.00012726831504272294 2.5742062556630776e-05 3.470498959303118e-06 0.0 0.0 0.0 0.0 0.0 0.0 0.0
126 0.0 0.0 0.0 0.0 0.0 0.0 0.0 4.539979877085041e-07 2.4274293975751155e-06 8.132764311128645e-05 0.0005668934435678023 0.0013155815783388882 0.0028625824322387147 0.006737709888781253 0.015541343000897535 0.030252215382003938 0.05265928382509768 0.0798158966230999 0.10879536582104839 0.13301783837504919 0.14289322661067036 0.13190876175392297 0.10569738783225592 0.07605182429605135 0.05105399496156474 0.030193528678204944 0.016258781691137415 0.008613976965246828 0.0038690682942388015 0.0012942318946935114 0.00042159425219115307 8.893584135361114e-05 2.547711235376162e-06 3.523945590322592e-07 0.0 0.0 0.0 0.0 0.0 0.0 0.0
127 0.0 0.0 0.0 0.0 0.0 0.0 0.0 5.155264422597995e-07 2.46871551358451e-06 7.930210975513434e-05 0.00046125693113789433 0.001088629644701205 0.002828626958972461 0.006872686146001554 0.015815386777664253 0.030630856906773658 0.054151542241074636 0.0813238924209549 0.11119607327131809 0.13397749060634856 0.14317138324466044 0.13090860735001528 0.10373447206492863 0.0745036570798695 0.04958202835729683 0.029698946504821862 0.016547649160705565 0.00835453706282747 0.0035494882652782477 0.0010704944595617903 0.0003821483029514028 6.309953778563615e-05 2.1343112680008566e-06 3.784473413597715e-07 0.0 0.0 0.0 0.0 0.0 0.0 0.0
