data/processed/NGC4621-mock/histograms_set_o.ecsv
# %ECSV 1.0
# ---
# datatype:
# - {name: binID, datatype: int64}
# - {name: losvd_0, datatype: float64}
# - {name: losvd_1, datatype: float64}
# - {name: losvd_2, datatype: float64}
# - {name: losvd_3, datatype: float64}
# - {name: losvd_4, datatype: float64}
# - {name: losvd_5, datatype: float64}
# - {name: losvd_6, datatype: float64}
# - {name: losvd_7, datatype: float64}
# - {name: losvd_8, datatype: float64}
# - {name: losvd_9, datatype: float64}
# - {name: losvd_10, datatype: float64}
# - {name: losvd_11, datatype: float64}
# - {name: losvd_12, datatype: float64}
# - {name: losvd_13, datatype: float64}
# - {name: losvd_14, datatype: float64}
# - {name: losvd_15, datatype: float64}
# - {name: losvd_16, datatype: float64}
# - {name: losvd_17, datatype: float64}
# - {name: losvd_18, datatype: float64}
# - {name: losvd_19, datatype: float64}
# - {name: losvd_20, datatype: float64}
# - {name: losvd_21, datatype: float64}
# - {name: losvd_22, datatype: float64}
# - {name: losvd_23, datatype: float64}
# - {name: losvd_24, datatype: float64}
# - {name: losvd_25, datatype: float64}
# - {name: losvd_26, datatype: float64}
# - {name: losvd_27, datatype: float64}
# - {name: losvd_28, datatype: float64}
# - {name: losvd_29, datatype: float64}
# - {name: losvd_30, datatype: float64}
# - {name: losvd_31, datatype: float64}
# - {name: losvd_32, datatype: float64}
# - {name: losvd_33, datatype: float64}
# - {name: losvd_34, datatype: float64}
# - {name: losvd_35, datatype: float64}
# - {name: losvd_36, datatype: float64}
# - {name: losvd_37, datatype: float64}
# - {name: losvd_38, datatype: float64}
# - {name: losvd_39, datatype: float64}
# - {name: losvd_40, datatype: float64}
# meta: !!omap
# - {dv: 80.0}
# - vcent: [-1600.0, -1520.0, -1440.0, -1360.0, -1280.0, -1200.0, -1120.0, -1040.0, -960.0, -880.0, -800.0, -720.0, -640.0, -560.0, -480.0,
#     -400.0, -320.0, -240.0, -160.0, -80.0, 0.0, 80.0, 160.0, 240.0, 320.0, 400.0, 480.0, 560.0, 640.0, 720.0, 800.0, 880.0, 960.0, 1040.0,
#     1120.0, 1200.0, 1280.0, 1360.0, 1440.0, 1520.0, 1600.0]
# - {nbins: 618}
# - {nvbins: 41}
# schema: astropy-2.0
binID losvd_0 losvd_1 losvd_2 losvd_3 losvd_4 losvd_5 losvd_6 losvd_7 losvd_8 losvd_9 losvd_10 losvd_11 losvd_12 losvd_13 losvd_14 losvd_15 losvd_16 losvd_17 losvd_18 losvd_19 losvd_20 losvd_21 losvd_22 losvd_23 losvd_24 losvd_25 losvd_26 losvd_27 losvd_28 losvd_29 losvd_30 losvd_31 losvd_32 losvd_33 losvd_34 losvd_35 losvd_36 losvd_37 losvd_38 losvd_39 losvd_40
[from data line 410]
411 0.0 0.0 0.0 0.0 0.0 0.0 0.0 2.1223555585520242e-07 9.348911925954979e-07 1.7390671803766884e-05 0.00015549161749156768 0.0006271966956919575 0.0027637158582637248 0.0070924682701293245 0.019910850922942057 0.04072268808609774 0.06742128264576018 0.09557322352231397 0.12082074093229082 0.13557444359522028 0.13374895448809043 0.1181453317078093 0.09378017920242977 0.06897541311261148 0.04526474427301025 0.02660182396280814 0.01346106784978835 0.006008543450363293 0.0024074223632174 0.000664434864741356 0.0002036494807300337 5.545250304962336e-05 1.1294751439688368e-06 2.1420085813996983e-07 0.0 0.0 0.0 0.0 0.0 0.0 0.0
412 0.0 0.0 0.0 0.0 0.0 0.0 0.0 8.36261494533595e-07 9.064922072314491e-06 0.00018042598150907533 0.0007937126682691924 0.0018043558169457388 0.003363366031878542 0.007142250815726221 0.01709272181328126 0.03227871233447879 0.05161392798513528 0.07843223147140443 0.10546329509368144 0.13074805130021325 0.14055745412952458 0.1307304222812088 0.10614603426334702 0.07801870157605437 0.05177584981896735 0.031608386765449116 0.017206788589676197 0.008279738554913737 0.004096090606437956 0.0018971323842933996 0.000652347168244835 9.49472234965233e-05 5.81247364259933e-06 1.441417408914203e-06 0.0 0.0 0.0 0.0 0.0 0.0 0.0
413 0.0 0.0 0.0 0.0 0.0 0.0 0.0 9.267074911931752e-07 6.983611709435112e-06 0.00022510907413791779 0.0005683249432683463 0.0013801304704594097 0.0031146504285323876 0.007511027672645886 0.017418977840168617 0.03243341755471229 0.05285984370820791 0.07870342361298442 0.10608385879154021 0.1301218389683994 0.14039274980685698 0.12995796628894143 0.10558796042804774 0.07734715019328775 0.05205594940124116 0.03127406845281919 0.01706262940751098 0.009309545261120131 0.004474746572942735 0.0016328992622525245 0.00038793785013645465 7.531823119235546e-05 5.474722456382023e-06 1.1160960960970795e-06 0.0 0.0 0.0 0.0 0.0 0.0 0.0
414 0.0 0.0 0.0 0.0 0.0 0.0 0.0 7.317028039286756e-08 5.954222734976459e-07 4.9417098081257944e-05 0.00015469409287167355 0.0006058099791513925 0.001997401061154194 0.0052651401544396926 0.012419150315568502 0.02542625751225553 0.04391326395652414 0.06713521904006105 0.09098924433980415 0.11402424865941539 0.1304624500844343 0.1347204924399542 0.12468495305829536 0.10180286569499719 0.0735685894919959 0.043290258899040375 0.01970477108794793 0.006761589274177663 0.002455947769384543 0.00042942797371213763 0.0001288871164616717 8.272972067704174e-06 4.6684591939149666e-07 1.1545277093674088e-07 0.0 0.0 0.0 0.0 0.0 0.0 0.0
415 0.0 0.0 0.0 0.0 0.0 0.0 0.0 3.8856797650168924e-08 1.349762821401395e-07 1.5163825240300203e-05 0.0001434572118879059 0.0005588513776760812 0.0018382490157123478 0.004557818061173989 0.011599707114844112 0.024086831115694655 0.042453336991990796 0.06454087353113808 0.08729562579794892 0.11061287369266995 0.12816647022813818 0.1356410452352285 0.128294433708601 0.10852316084084994 0.07857644718437257 0.04464668703409796 0.019607441617524764 0.006322345960226287 0.0020733992660466913 0.00033401642595983725 0.00010463332386558909 6.527187982976953e-06 2.427142595704493e-07 3.285202192097213e-08 0.0 0.0 0.0 0.0 0.0 0.0 0.0
416 0.0 0.0 0.0 0.0 0.0 0.0 0.0 5.7764314136947984e-08 1.0098320249823344e-07 5.649470226720143e-06 0.00012924114025358735 0.0005675476046924372 0.0018990602126826653 0.004749158320455157 0.011586560057284714 0.023331875760204346 0.04168944301615642 0.06405369283458213 0.08821208504467856 0.1122649675813155 0.13008121021635088 0.13792703984442323 0.12828927771024076 0.1061134212943323 0.07641830123597888 0.04439159202549445 0.01956711237941535 0.006412635272488772 0.0019072185477810835 0.0003180294403123496 8.30352565984266e-05 1.5268425766070221e-06 7.92738967027498e-08 1.5393365947786264e-08 0.0 0.0 0.0 0.0 0.0 0.0 0.0
417 0.0 0.0 0.0 0.0 0.0 0.0 0.0 1.4822664303307513e-06 7.778960890421017e-06 0.00021645240068147263 0.0007091601285867312 0.0016245076088457302 0.0031476278302545 0.007041444202082778 0.016692906792668955 0.0319766063937666 0.05180306827381858 0.07857823011686378 0.10555259295432104 0.13115191611251917 0.14134216110479494 0.13112809335117415 0.10624209208151109 0.07764395794058686 0.0518219851000339 0.03112773616992508 0.016796208464882983 0.008745859206651569 0.0042330633340458045 0.0018170769771353617 0.0005050228866100164 8.171507904497448e-05 4.946263682115116e-06 9.350249943667642e-07 0.0 0.0 0.0 0.0 0.0 0.0 0.0
418 0.0 0.0 0.0 0.0 0.0 0.0 0.0 8.713008648766802e-07 4.28312174430931e-06 7.395573966771097e-05 0.0003479566724693276 0.001031668365684977 0.0029630610261789925 0.007448837053504725 0.017105613085957067 0.03275311236876986 0.05544052059779412 0.0814294743754129 0.1101934803605821 0.13201666007442045 0.14148090573172512 0.12818940418637076 0.10292602610618108 0.07435053918100056 0.05005229885575143 0.030614325712587372 0.01734742780741361 0.008814340968278633 0.00393475154852493 0.0011704255926383523 0.0002688030189834626 3.2458487229666836e-05 4.144529304296062e-06 8.058817688350489e-07 0.0 0.0 0.0 0.0 0.0 0.0 0.0
419 0.0 0.0 0.0 0.0 0.0 0.0 0.0 6.688843829801269e-07 3.1064745130833802e-06 5.789427373041795e-05 0.0002766881382268706 0.0008891493332745098 0.002748351273219391 0.007033516237856456 0.016783507380250612 0.033549356425584424 0.057714165559337546 0.08494550455697414 0.11313858159870135 0.13454475928324214 0.14088808694417038 0.1262695974775655 0.10109380383715603 0.07259951142309116 0.048259000384283296 0.029631344940958784 0.016643855002344575 0.00807611313883658 0.0035605288866851124 0.0010387624631703492 0.0002145887095399702 3.262196050566121e-05 3.111586761200146e-06 3.12534485663747e-07 0.0 0.0 0.0 0.0 0.0 0.0 0.0
420 0.0 0.0 0.0 0.0 0.0 0.0 0.0 1.7796334361121836e-07 1.4150911642304416e-06 1.6741968317627037e-05 0.00016240625781751284 0.0006100229476037972 0.0026913851553847616 0.007040550872367391 0.019509585489794777 0.03886258758574846 0.0644609238752464 0.09285014811974955 0.11899688511295303 0.1370445596239131 0.1362930709154589 0.12105660018505768 0.0952636494680048 0.06940731017584856 0.045447185315196585 0.026700247733488752 0.013708866187917397 0.006361743242460955 0.002561393648746689 0.0007065906210587991 0.000195453951822605 4.791966603020495e-05 1.21948255340511e-06 7.755917184661403e-08 0.0 0.0 0.0 0.0 0.0 0.0 0.0
421 0.0 0.0 0.0 0.0 0.0 0.0 0.0 1.3876655734212446e-07 1.026470523491041e-06 4.522307209805481e-05 0.00015769715688913798 0.0006201285486300564 0.002417074496863495 0.006414011504181738 0.013481876918730947 0.026518851378743172 0.04547448628897674 0.06994976417926088 0.09706638512169774 0.12336868713433122 0.13841183861016457 0.1379097583495674 0.11812143345186467 0.09131583125530696 0.06275912607948235 0.03718484074442494 0.018577576078653485 0.006762658228708581 0.0025944363114699114 0.0006578176959050683 0.00016380562556226705 2.3719522366782927e-05 8.706144562625822e-07 3.131296010643663e-08 0.0 0.0 0.0 0.0 0.0 0.0 0.0
422 0.0 0.0 0.0 0.0 0.0 0.0 0.0 1.1343128427008e-06 5.315245388804294e-06 5.2550659089827064e-05 0.0003625363821554019 0.00156189303175401 0.004297519152741893 0.009230154012828728 0.016825826781363844 0.030840637453057748 0.051521664133277856 0.07695570765931826 0.10543669846527984 0.13033965902790115 0.1412239527303835 0.13087661371829618 0.10677700566534298 0.07917971496463304 0.05299436523298837 0.03189194220839665 0.017041328423932304 0.007305837960739623 0.0031364060152225914 0.0014038652722147948 0.0005698305282950241 0.00015567985015932986 5.904593388356296e-06 1.0854875591228876e-06 0.0 0.0 0.0 0.0 0.0 0.0 0.0
423 0.0 0.0 0.0 0.0 0.0 0.0 0.0 6.45940821791808e-07 3.920798025788135e-06 4.317108072290331e-05 0.0002871467486180137 0.001216958399163825 0.003971029966458558 0.008858680679943288 0.01700817538873742 0.030471061552651738 0.050215623942409617 0.07494835795557146 0.10356159778157319 0.12922257704900672 0.14178280953515934 0.13192844774984658 0.10958473181190286 0.08120226149380202 0.0546696650698134 0.03211699441576974 0.01702297748267258 0.007349321789352179 0.0029157931716313115 0.0010878981773294362 0.0004026182644043561 0.00011901268232474853 3.6902450484114892e-06 8.744750418934255e-07 0.0 0.0 0.0 0.0 0.0 0.0 0.0
424 0.0 0.0 0.0 0.0 0.0 0.0 0.0 5.635708504218628e-08 3.7424303784809407e-07 5.789748800452189e-05 9.17345889261217e-05 0.0005221669713284409 0.0018458156669392508 0.004643684506487744 0.011656687535490222 0.02412524918077123 0.04243738298011367 0.06453252979190695 0.08727619966736028 0.11049863416156043 0.12821236425558305 0.13544187242525224 0.12827012033306381 0.10845696062930542 0.07855474499905869 0.044765918807801376 0.019599433092829657 0.006462493197894345 0.0020810977143060254 0.000348534899355378 0.00011243157704274007 5.23355275535236e-06 1.8977850125286963e-07 3.1863949137769684e-08 0.0 0.0 0.0 0.0 0.0 0.0 0.0
425 0.0 0.0 0.0 0.0 0.0 0.0 0.0 2.450544016761309e-07 1.6413732964690773e-06 2.0605118212990696e-05 0.00019027146096626434 0.0007268328626364643 0.0027017498090574766 0.00687374418080823 0.014481403933572808 0.02734900430348263 0.046377593592097664 0.07106883673396625 0.09983419780803846 0.12556534360995075 0.14033444711349896 0.1373471360058522 0.1161716488678432 0.08877666786615188 0.059786261485684125 0.03491124771180495 0.017202582283093182 0.006744517920641445 0.0025364889100221413 0.0007793281657613707 0.0001862260578798924 2.8708313540309686e-05 1.396082688688139e-06 1.874610812945118e-07 0.0 0.0 0.0 0.0 0.0 0.0 0.0
426 0.0 0.0 0.0 0.0 0.0 0.0 0.0 3.9158977074102263e-07 1.9781469281938402e-06 4.0677617012141016e-05 0.00021961502690221956 0.0008153773404569976 0.0026832497738138094 0.006898412596871909 0.017409324683245637 0.0345257395123934 0.0590657963710743 0.08735614712751381 0.11486628497867589 0.13638005134961398 0.1399871684833334 0.12503701114348698 0.09992779776613492 0.07169434198539455 0.04719259857964356 0.02853005763795616 0.015574304708754112 0.007495319932098531 0.003191799598221825 0.0008760708122757088 0.00018263331247613738 4.2827663918838826e-05 1.9085179436219627e-06 4.81802195692402e-07 0.0 0.0 0.0 0.0 0.0 0.0 0.0
427 0.0 0.0 0.0 0.0 0.0 0.0 0.0 8.066417726852131e-07 6.0382878578083114e-06 6.540071541375549e-05 0.0005268285450296271 0.0018422684490778535 0.004012919057370125 0.008444837836303544 0.016733365491486282 0.031062409864475903 0.05170042005853258 0.077645335428211 0.10663032456612564 0.13130600508768794 0.14176369830145663 0.1316497945420498 0.10570748402110608 0.07844106225324216 0.05163886990593714 0.03176819103001571 0.016444575015753835 0.0068628342892378185 0.0032126144762196374 0.0016613855896518764 0.0006573305466227747 0.0002014838018626587 7.246339063698554e-06 9.673661755020634e-07 0.0 0.0 0.0 0.0 0.0 0.0 0.0
428 0.0 0.0 0.0 0.0 0.0 0.0 0.0 1.4927552666205196e-07 3.492618539573079e-07 6.931884777705342e-05 0.0001922424462788072 0.0006018439337659474 0.00203104227605953 0.00542249696719271 0.012569351100541916 0.025077972705112677 0.04380417030313729 0.06703982727457881 0.09176121583223373 0.11668024134040694 0.13286170409373899 0.1367336750181872 0.12382355722715035 0.09885467227577956 0.07069316574564367 0.04224315696611846 0.019651124745543692 0.00683816052894434 0.0024598891901607225 0.0004496972524974723 0.00013096535581121844 8.787143275941696e-06 5.929043997364104e-07 1.2620770887721492e-07 0.0 0.0 0.0 0.0 0.0 0.0 0.0
429 0.0 0.0 0.0 0.0 0.0 0.0 0.0 4.075115202800382e-07 1.8925475922170513e-06 3.714994924727756e-05 0.00019651387572427935 0.000921396671640636 0.003307275711736944 0.007888631815841561 0.016457922296808758 0.029297126488168797 0.04825975087533149 0.07297366959723689 0.10226801212865645 0.12838233577171612 0.14279726862335762 0.13470905038250153 0.1130583824493277 0.08386219397996879 0.05633447321317639 0.03221329107116398 0.016121558353478047 0.006877073693852392 0.0026757416856884497 0.0009582381202095058 0.0003332905708144701 6.210858390939722e-05 2.4940784480581443e-06 3.7817732647730635e-07 0.0 0.0 0.0 0.0 0.0 0.0 0.0
430 0.0 0.0 0.0 0.0 0.0 0.0 0.0 3.5924769700571847e-08 1.9797141519298937e-08 5.4154377931128875e-06 0.00011014740650159974 0.0005403081140153164 0.0018059521016359882 0.004930890891829801 0.012123689502579898 0.022860692362469757 0.042135245225767344 0.06554094948002394 0.09136425015509543 0.11671945100324621 0.1337488722528394 0.13867498744687687 0.12482888754342751 0.10165692894010381 0.0731161749164357 0.042435322738996736 0.018912288365181967 0.006206383216396634 0.001842130498079034 0.0003655172466542479 7.435633531387568e-05 8.74757806620708e-07 1.2658214602727606e-07 0.0 0.0 0.0 0.0 0.0 0.0 0.0 0.0
431 0.0 0.0 0.0 0.0 0.0 0.0 0.0 1.0538154698871872e-07 6.406644278327696e-07 4.948905680214355e-05 0.00016784878895319513 0.0006113399705555756 0.0022340965736500793 0.0058735744242652205 0.012938489911696967 0.025686871400211555 0.044983654749434304 0.06918215510581266 0.09566313143342987 0.12255195521451394 0.13796386423834733 0.1382914138034584 0.11935988826396664 0.09273105755291498 0.06454467783362793 0.03845928742068709 0.018795007204747097 0.006775987834300187 0.0024557966137505917 0.0005361151985816108 0.00012908969036461726 1.278053058673576e-05 9.602099532778596e-07 1.5392289615622794e-07 0.0 0.0 0.0 0.0 0.0 0.0 0.0
432 0.0 0.0 0.0 0.0 0.0 0.0 0.0 6.814827570209816e-07 4.847696830208697e-06 0.0001478114949957124 0.0007207537617895134 0.001943191214551408 0.003642757039393016 0.007101170986545117 0.016499333659797187 0.03123076907703198 0.051106436716446574 0.07760821490389581 0.1065631848364215 0.13236682238422498 0.14247582628499256 0.13237827621070053 0.10632696151098003 0.07783987129519297 0.050904465686379165 0.03143969491350175 0.016432043191848072 0.006890981912654738 0.0034761574958608837 0.002007742764004702 0.0007347265649776926 0.00014721966892159444 4.607886044250116e-06 7.057055479451935e-07 0.0 0.0 0.0 0.0 0.0 0.0 0.0
433 0.0 0.0 0.0 0.0 0.0 0.0 0.0 2.3509535704324916e-07 1.0869262475040811e-06 2.4321422199291986e-05 0.0001734997800032198 0.000725664912477074 0.002770619431751816 0.007138091945167233 0.015171630397570909 0.028006396305544724 0.0467836979564022 0.07190026742146263 0.10174252317344962 0.12747792151319942 0.14236461868866412 0.1368388434538303 0.11510188065887726 0.08674965406593253 0.05777744636706628 0.03309653054949524 0.01597967178193922 0.006557949094928051 0.0025030977686787787 0.0008293637058489526 0.0002539079976014709 2.7882911216220488e-05 1.5421569387252143e-06 2.4662871338650857e-07 0.0 0.0 0.0 0.0 0.0 0.0 0.0
434 0.0 0.0 0.0 0.0 0.0 0.0 0.0 2.7216837428474665e-07 1.2788890269376563e-06 2.5857977202089897e-05 0.0001762432980962993 0.0006822648576257831 0.0026446711290375124 0.006855297746974248 0.018548353867703857 0.03699836680699094 0.06211754731727383 0.09064524384841566 0.11768986723131487 0.13780579306764046 0.13817828381380032 0.12340447574525053 0.0972857140390697 0.07010183279947539 0.04585105131088634 0.02690187037251631 0.013890674474180196 0.006703838714881608 0.0025672417882780644 0.0006582433150339796 0.00022094304897217183 4.22926342440974e-05 1.2794285793771097e-06 2.3629029465118518e-07 0.0 0.0 0.0 0.0 0.0 0.0 0.0
435 0.0 0.0 0.0 0.0 0.0 0.0 0.0 5.985984968898857e-07 3.726674699770924e-06 8.382752494956613e-05 0.0004755170258947147 0.0010023882105526128 0.0028367357084594863 0.007114535193303339 0.016659916198112145 0.03172140104011761 0.054447948818164275 0.08105267237358905 0.11013768096516792 0.13253881979633764 0.1422289261728947 0.12981640169666228 0.10369727036226623 0.074954323145435 0.049993082199634636 0.030152803137307848 0.01696070793875876 0.008712220869697822 0.0038455191582713773 0.0012194407150408703 0.0002872903279846588 4.7619392138378056e-05 3.6156270207620043e-06 7.386695655067082e-07 0.0 0.0 0.0 0.0 0.0 0.0 0.0
