data/processed/NGC4621-mock/hist_kins_o.ecsv
# %ECSV 1.0
# ---
# datatype:
# - {name: binID_dynamite, datatype: int64}
# - {name: v, datatype: float32}
# - {name: sigma, datatype: float32}
# - {name: losvd_0, datatype: float64}
# - {name: dlosvd_0, datatype: float64}
# - {name: losvd_1, datatype: float64}
# - {name: dlosvd_1, datatype: float64}
# - {name: losvd_2, datatype: float64}
# - {name: dlosvd_2, datatype: float64}
# - {name: losvd_3, datatype: float64}
# - {name: dlosvd_3, datatype: float64}
# - {name: losvd_4, datatype: float64}
# - {name: dlosvd_4, datatype: float64}
# - {name: losvd_5, datatype: float64}
# - {name: dlosvd_5, datatype: float64}
# - {name: losvd_6, datatype: float64}
# - {name: dlosvd_6, datatype: float64}
# - {name: losvd_7, datatype: float64}
# - {name: dlosvd_7, datatype: float64}
# - {name: losvd_8, datatype: float64}
# - {name: dlosvd_8, datatype: float64}
# - {name: losvd_9, datatype: float64}
# - {name: dlosvd_9, datatype: float64}
# - {name: losvd_10, datatype: float64}
# - {name: dlosvd_10, datatype: float64}
# - {name: losvd_11, datatype: float64}
# - {name: dlosvd_11, datatype: float64}
# - {name: losvd_12, datatype: float64}
# - {name: dlosvd_12, datatype: float64}
# - {name: losvd_13, datatype: float64}
# - {name: dlosvd_13, datatype: float64}
# - {name: losvd_14, datatype: float64}
# - {name: dlosvd_14, datatype: float64}
# - {name: losvd_15, datatype: float64}
# - {name: dlosvd_15, datatype: float64}
# - {name: losvd_16, datatype: float64}
# - {name: dlosvd_16, datatype: float64}
# - {name: losvd_17, datatype: float64}
# - {name: dlosvd_17, datatype: float64}
# - {name: losvd_18, datatype: float64}
# - {name: dlosvd_18, datatype: float64}
# - {name: losvd_19, datatype: float64}
# - {name: dlosvd_19, datatype: float64}
# - {name: losvd_20, datatype: float64}
# - {name: dlosvd_20, datatype: float64}
# - {name: losvd_21, datatype: float64}
# - {name: dlosvd_21, datatype: float64}
# - {name: losvd_22, datatype: float64}
# - {name: dlosvd_22, datatype: float64}
# - {name: losvd_23, datatype: float64}
# - {name: dlosvd_23, datatype: float64}
# - {name: losvd_24, datatype: float64}
# - {name: dlosvd_24, datatype: float64}
# - {name: losvd_25, datatype: float64}
# - {name: dlosvd_25, datatype: float64}
# - {name: losvd_26, datatype: float64}
# - {name: dlosvd_26, datatype: float64}
# - {name: losvd_27, datatype: float64}
# - {name: dlosvd_27, datatype: float64}
# - {name: losvd_28, datatype: float64}
# - {name: dlosvd_28, datatype: float64}
# - {name: losvd_29, datatype: float64}
# - {name: dlosvd_29, datatype: float64}
# - {name: losvd_30, datatype: float64}
# - {name: dlosvd_30, datatype: float64}
# - {name: losvd_31, datatype: float64}
# - {name: dlosvd_31, datatype: float64}
# - {name: losvd_32, datatype: float64}
# - {name: dlosvd_32, datatype: float64}
# - {name: losvd_33, datatype: float64}
# - {name: dlosvd_33, datatype: float64}
# - {name: losvd_34, datatype: float64}
# - {name: dlosvd_34, datatype: float64}
# - {name: losvd_35, datatype: float64}
# - {name: dlosvd_35, datatype: float64}
# - {name: losvd_36, datatype: float64}
# - {name: dlosvd_36, datatype: float64}
# - {name: losvd_37, datatype: float64}
# - {name: dlosvd_37, datatype: float64}
# - {name: losvd_38, datatype: float64}
# - {name: dlosvd_38, datatype: float64}
# - {name: losvd_39, datatype: float64}
# - {name: dlosvd_39, datatype: float64}
# - {name: losvd_40, datatype: float64}
# - {name: dlosvd_40, datatype: float64}
# - {name: is_good, datatype: int64}
# meta: !!omap
# - {dv: 80.0}
# - vcent: [-1600.0, -1520.0, -1440.0, -1360.0, -1280.0, -1200.0, -1120.0, -1040.0, -960.0, -880.0, -800.0, -720.0, -640.0, -560.0, -480.0,
#     -400.0, -320.0, -240.0, -160.0, -80.0, 0.0, 80.0, 160.0, 240.0, 320.0, 400.0, 480.0, 560.0, 640.0, 720.0, 800.0, 880.0, 960.0, 1040.0,
#     1120.0, 1200.0, 1280.0, 1360.0, 1440.0, 1520.0, 1600.0]
# - {nbins: 618}
# - {nvbins: 41}
# - PSF:
#     sigma: [0.36, 0.92]
#     weight: [0.76, 0.24]
# schema: astropy-2.0
binID_dynamite v sigma losvd_0 dlosvd_0 losvd_1 dlosvd_1 losvd_2 dlosvd_2 losvd_3 dlosvd_3 losvd_4 dlosvd_4 losvd_5 dlosvd_5 losvd_6 dlosvd_6 losvd_7 dlosvd_7 losvd_8 dlosvd_8 losvd_9 dlosvd_9 losvd_10 dlosvd_10 losvd_11 dlosvd_11 losvd_12 dlosvd_12 losvd_13 dlosvd_13 losvd_14 dlosvd_14 losvd_15 dlosvd_15 losvd_16 dlosvd_16 losvd_17 dlosvd_17 losvd_18 dlosvd_18 losvd_19 dlosvd_19 losvd_20 dlosvd_20 losvd_21 dlosvd_21 losvd_22 dlosvd_22 losvd_23 dlosvd_23 losvd_24 dlosvd_24 losvd_25 dlosvd_25 losvd_26 dlosvd_26 losvd_27 dlosvd_27 losvd_28 dlosvd_28 losvd_29 dlosvd_29 losvd_30 dlosvd_30 losvd_31 dlosvd_31 losvd_32 dlosvd_32 losvd_33 dlosvd_33 losvd_34 dlosvd_34 losvd_35 dlosvd_35 losvd_36 dlosvd_36 losvd_37 dlosvd_37 losvd_38 dlosvd_38 losvd_39 dlosvd_39 losvd_40 dlosvd_40 is_good
1 8.2711 282.083 5.663807196285633e-07 0.001 2.0736983431860484e-06 0.001 7.445902871903762e-06 0.001 2.3565402172730457e-05 0.001 6.533979790910696e-05 0.001 0.00017230634398793395 0.0014410635083725947 0.0004079287058730774 0.0028712014469892124 0.0008785746563693045 0.00513204872407729 0.001716027254536854 0.007862616693117394 0.003239396434776192 0.010108769965032259 0.005485485130844695 0.010636630617993144 0.008331538449129466 0.008334012998056655 0.012573701034594088 0.005397211154508249 0.018429934054496028 0.006676865135870457 0.02634824046389516 0.009057564729894019 0.037857329121697085 0.007928651198972504 0.05306498466484357 0.0043848006595993555 0.07133869855138485 0.0033390134807902566 0.09020707261623954 0.006271195913052752 0.10572851950250169 0.010086057317369765 0.1123771081699427 0.012073931018868451 0.10878305142732819 0.01048699145423513 0.09596542111200584 0.007160839552773593 0.07693700264174061 0.003783225340150742 0.05702778301983401 0.003564762030689856 0.03985906511804857 0.007112735263901892 0.026919141417793394 0.009113571131841951 0.017604611772416588 0.007188461216378241 0.011536089667322131 0.0050818308385293005 0.007530349564863407 0.007751728811837864 0.004685353277318097 0.010667892979987584 0.0025138320085198967 0.010436937494536717 0.00135526071642512 0.008295105733522202 0.0006214966032023848 0.005611588766582751 0.0002593041660471345 0.0033313972137952014 9.886587595757959e-05 0.0017069536689003463 3.374533389494518e-05 0.001 9.984834933383158e-06 0.001 2.994546892664134e-06 0.001 7.079843622567171e-07 0.001 1.0257396508582782e-07 0.001 1
2 0.773 283.8186 3.928988002635606e-07 0.001 1.4649057144527873e-06 0.001 4.839246735967667e-06 0.001 1.502022243116923e-05 0.001 4.408633995241028e-05 0.001 9.683972387890643e-05 0.0017117253991992803 0.00022689555211934402 0.003324997423791306 0.0005914838736522562 0.00570034410198339 0.0013462584832004533 0.008534603241848498 0.002547790418902375 0.010658871719859313 0.004825987857485793 0.01075401962967932 0.008269824375156458 0.008058797164363885 0.012669234858076028 0.00515906387734022 0.01943597532216006 0.0072066228432826574 0.028847727203084428 0.009339717222509274 0.041062986915487494 0.007691571598409715 0.05665132603268333 0.0038233937881804562 0.07420028425095666 0.0035318720018628624 0.09150173739055945 0.006821481468261961 0.10564493160398385 0.010559745352949013 0.11180170966584912 0.012440912995449922 0.10911757649859938 0.010905004419937886 0.09664011897176365 0.006938551156336369 0.07809883795711554 0.0034757527605821653 0.057733854702818534 0.0038590012724349053 0.03922477360047615 0.007520551522566109 0.024731708938778754 0.009029467992238496 0.014735049583776092 0.006987386388726173 0.008651626293255008 0.005072933032896891 0.0050171656178630815 0.008171551202490504 0.003126011180257833 0.010476550919805351 0.0014509382527274999 0.010413690168265495 0.0008075615641686437 0.00836644097563909 0.0004441231707355212 0.0057172023398673315 0.0002517093070540282 0.003321179997529781 0.00010887166624930306 0.0017282166758282986 4.663390962620598e-05 0.001 1.8195279738933773e-05 0.001 6.270061636757234e-06 0.001 1.699631616020614e-06 0.001 4.7667087274999196e-07 0.001 1
3 6.1214 282.2219 4.0582812654226743e-07 0.001 1.6183139755206047e-06 0.001 5.375779352551372e-06 0.001 1.6725752120732682e-05 0.001 4.869298659971887e-05 0.001 0.00011370348526993093 0.0014432891813081724 0.0003007646839445001 0.002916216388127385 0.0006529251196265689 0.005140325032155845 0.0013624610225324964 0.007830605011603447 0.0024139628461684968 0.010175408880635919 0.004146833501060453 0.010784934957303968 0.006457127132795355 0.008585560986492023 0.009967055172876318 0.005225547233543587 0.015816338416157982 0.0062671390772797994 0.02489648414489662 0.008735635450438916 0.03767359671456986 0.007735398508094262 0.05521048885846164 0.004186239125649426 0.07494617684446743 0.0031278606974796397 0.09404697628963984 0.00632430791787663 0.10756782748376816 0.010097007635839962 0.11233758513535949 0.012201554949916836 0.107601638573697 0.010313439226282022 0.09433358818551824 0.006860806297038703 0.07670913543262914 0.003607991407515304 0.05802931298924396 0.0035260832890154498 0.04154497503556482 0.0072989573587360634 0.028212936447214062 0.008990749393660444 0.018392361026040846 0.007096802403495007 0.011597961819698147 0.005048821679114399 0.00709965932219962 0.00791523646782764 0.004111524137406725 0.010418190308334924 0.0022387730191920376 0.010216703651551952 0.0011325120635634668 0.008217941470447996 0.0005664629115418707 0.005617345305817376 0.0002653910373786457 0.0032754638947530028 0.0001155160487205654 0.0016638814021065732 4.4682939062248206e-05 0.001 1.4497707592010352e-05 0.001 4.276839125106569e-06 0.001 1.2534756940645226e-06 0.001 4.154771472323936e-07 0.001 1
4 7.6189 284.477 4.7374468282342455e-07 0.001 1.7157452381316045e-06 0.001 6.134726743447336e-06 0.001 1.9797076505404114e-05 0.001 5.5459485539024045e-05 0.001 0.00014350543736551697 0.0015860816078833123 0.00035553800637325205 0.0031028718112867696 0.0007503790479776324 0.005348596671630318 0.0015358615755089301 0.008048186289329339 0.002734487891323243 0.010119973103351105 0.004468660599453058 0.010483879808857267 0.007086158451324132 0.008188327176711451 0.011393517731388695 0.0050591140686666375 0.017007051588214195 0.006559109908782848 0.025446957177034952 0.008779335541885517 0.037822188987213075 0.007729206669708014 0.05394032379093562 0.004220839313576058 0.07281356831076838 0.003379622648730457 0.09136414125516158 0.006420540110101812 0.10574903363524975 0.009978153446287476 0.11165806723317168 0.011822590368497678 0.1070869856509149 0.010534881504257382 0.09440563771872319 0.0068969707848263034 0.07591900209458985 0.003868393988875167 0.05710637316066127 0.0035673921091296905 0.04086889203690646 0.006962976143587887 0.02816040710131093 0.008689110633800179 0.019021171531959393 0.007105859572060872 0.012938390657174835 0.005047806626024974 0.008577731253532223 0.007514821398244976 0.005257041810636427 0.010027980951961484 0.003057207262042049 0.010314493378290579 0.001704039134973042 0.008487210816009302 0.0008922473364401347 0.005868652351488549 0.0003955292741105547 0.0035031769943378943 0.00016552836471198275 0.0018112727728132232 6.240462144359506e-05 0.001 2.089346234425497e-05 0.001 5.898277552201538e-06 0.001 1.3239617241468942e-06 0.001 2.7379107604839264e-07 0.001 1
5 -7.0427 282.481 0.0 0.001 0.0 0.001 4.736589419967542e-07 0.001 2.0453830365328953e-06 0.001 7.158050838274834e-06 0.001 4.321496795821917e-05 0.0017723344267197964 9.725188712431091e-05 0.003448469472017963 0.0002703304766716663 0.005909749386137858 0.0007171492746130964 0.008709344162245298 0.0016129972204698708 0.010845548349633912 0.0036174487230517544 0.010788504908897552 0.007005105333512268 0.008351607453686734 0.011606343027384962 0.005169658056967619 0.018806346831431855 0.0071448757906006416 0.029330944884480813 0.009441907627476443 0.042751728414037224 0.007556328732586052 0.05949276554800854 0.003575628859632446 0.07797721668007784 0.0035979422241682463 0.09510108236330302 0.00710191165891718 0.10794320391195034 0.010513224994984145 0.11269236740561826 0.012070133008203927 0.10809443524332589 0.010490469579043621 0.09486372276457833 0.006696577200003842 0.07657332448294023 0.0032349824286115464 0.056738172836998745 0.004390486956688006 0.038552338386713014 0.008001093495881248 0.02436725797282953 0.00897850987807674 0.014460590176010549 0.006408138432668157 0.008001860249412834 0.005410097951080515 0.004480772474232949 0.008586863684921169 0.0024843373687390698 0.010670293544166922 0.0011482055000342636 0.010260018091764033 0.0006640798790969415 0.007890855248869105 0.00028003288152012246 0.005234516441481481 0.00012653892976689356 0.002966515712095979 5.702787477982407e-05 0.0015020726684599854 2.247735967165269e-05 0.001 6.816140446022601e-06 0.001 2.0925874869213273e-06 0.001 5.854400438416269e-07 0.001 1.5740886168010076e-07 0.001 1
6 -12.5076 279.9931 0.0 0.001 0.0 0.001 0.0 0.001 0.0 0.001 4.354916888395315e-06 0.001 2.509712058924724e-05 0.001631788364647449 8.259168990649918e-05 0.00322356086393563 0.00027813073287066354 0.0055238613237407145 0.0007657702302460799 0.008328983659596037 0.001533662142577992 0.01051088849515048 0.003375464109754679 0.010624891798829422 0.006293149229685141 0.007866386010509357 0.010961871127675668 0.0051472708859717515 0.018179211986980248 0.007158451273530964 0.028795748263412944 0.009159724091599207 0.04290827426008568 0.00721658070903184 0.06036712496150255 0.0035508173797305885 0.07951410072879914 0.003992122242020932 0.09708609231419395 0.0074395595188518 0.10976903524003558 0.011276833681141185 0.11381496787738542 0.012191212279940772 0.10751884248500101 0.009980431782992828 0.09308800581398091 0.006138173003153183 0.07377840122122489 0.003222214601411276 0.054308405697923015 0.004648802277329413 0.03729660954688867 0.00836323281955586 0.02458793960244295 0.009002165838638627 0.015165943314796045 0.006187798434944772 0.009232680259434375 0.005605282759542932 0.005564841187784545 0.009201433969748846 0.003047386359983891 0.011142439490527989 0.0014934540140453573 0.010330162369110375 0.0006802419035245162 0.007687153138998041 0.00029887693970410425 0.004968926426227658 0.00011930770110870145 0.0027801120035459 4.19383271685582e-05 0.0013516304449767184 1.5640495559740236e-05 0.001 4.922294369249039e-06 0.001 1.4895056382140103e-06 0.001 3.4677966015870864e-07 0.001 7.961717117205868e-08 0.001 1
7 -2.823 272.1632 0.0 0.001 1.296507841842324e-07 0.001 6.512275310317229e-07 0.001 3.8097751976385646e-06 0.001 8.67264059686843e-06 0.001 3.1885217148114015e-05 0.0011018167393525534 8.988844545486443e-05 0.002392635199317064 0.00019867253971522227 0.004530733368410336 0.0005912214645737479 0.00742580675678039 0.0012875881377463654 0.01025966686455732 0.0023211450866270746 0.011630393081109372 0.0046619166367255225 0.00986136612353031 0.008503189578189992 0.006130858292800142 0.014055763356351038 0.006539488023524739 0.02369983161539349 0.009342234259644441 0.03797754029311722 0.00870606037787632 0.05654349976530016 0.004892824113263368 0.07813910733434136 0.003914443885230955 0.09893093495936238 0.007004873949818628 0.11294088426536941 0.011589385730878629 0.1168719919031087 0.012950630951166747 0.10949242531684299 0.010890149323666914 0.0937226503421722 0.0068821126984949105 0.07380857914704755 0.003935554796288536 0.0548597248750623 0.005082914421794191 0.03897461126572978 0.008906016629481036 0.026719103407061247 0.009563527463928065 0.017882187425349274 0.0064675934535837155 0.012039491539970519 0.006403143610484215 0.00732677319953644 0.010232202475841702 0.004113877593619119 0.011619105100743356 0.0022736680722307344 0.010191257380629806 0.001070638767632057 0.007300813559598339 0.000533456223858297 0.004427624842339802 0.0002120098397578827 0.002336298332142539 7.621657472666232e-05 0.0010737767783665269 2.477926835000094e-05 0.001 8.230541762476974e-06 0.001 2.526685373887397e-06 0.001 5.772321884558027e-07 0.001 1.4878909359686546e-07 0.001 1
8 -5.748 257.387 3.018192896898013e-08 0.001 1.0019451332802936e-07 0.001 5.129825627194305e-07 0.001 2.447735892062413e-06 0.001 1.1030622565086453e-05 0.001 4.027028756397696e-05 0.001 0.00011688351735763346 0.0014299314874005287 0.0003046891136397116 0.003093082566497987 0.0006592956044207595 0.005787201945281967 0.0013932549870370498 0.009061307779093277 0.002689613872155398 0.011610081853833554 0.005304687418668592 0.011475200059185538 0.00884294919308665 0.007700301584620672 0.014742838508725738 0.005841828066273708 0.0237112129136225 0.008767846079026125 0.03742323393912257 0.00935566244234551 0.05610532774266411 0.005481433858165276 0.07861193938278942 0.003278308315076736 0.1010850973135048 0.006854086422694895 0.11774031900433266 0.011187741972732368 0.12334381809804651 0.013225961839588095 0.11606213480956865 0.010699465313002754 0.09831032494285487 0.006172716221634518 0.07566380830069373 0.003273152393414351 0.05326442586706061 0.006257969355796304 0.03487169173327131 0.009781626871627024 0.02132439719866692 0.008514839907087485 0.012890330080664203 0.005492442240811694 0.007616276614830483 0.008613377275550609 0.0040178682774014525 0.011777750844018844 0.00200493966104555 0.011443582171583554 0.0010591442096687643 0.008565540610106523 0.0005089224684615483 0.005348288926171146 0.0001762025754626385 0.0028136159184639197 6.843714783858439e-05 0.0012703958244661114 2.2704884670576285e-05 0.001 6.511469298394228e-06 0.001 1.8384891542075287e-06 0.001 3.877288271674826e-07 0.001 8.185687441187662e-08 0.001 1.9069485867342533e-08 0.001 1
9 0.6638 277.8832 5.632620463693543e-07 0.001 2.31424619723863e-06 0.001 7.992098893891156e-06 0.001 2.5694634349747235e-05 0.001 7.704958314532924e-05 0.001 0.00020913143015507946 0.0012790252739866305 0.0005046586611026769 0.002643602512338368 0.0011124704177004135 0.004817012497216475 0.002198102722562595 0.007548156208557942 0.003961998103475629 0.009856516978321666 0.006320253485766376 0.010606689799486719 0.00916201798160639 0.008712297050041869 0.012988421642060686 0.005599771882763961 0.018037626381512448 0.006553887866822038 0.02553117884704425 0.008900474897433638 0.03691284435504531 0.00777121257692728 0.05305788100206064 0.004303038448873538 0.07278135306518944 0.0036486005298449614 0.09298437498510351 0.006434210621144812 0.10841873289447118 0.01034115209949222 0.1141276968493879 0.01198568481868141 0.10825648269313103 0.010149025670164173 0.09306607785810118 0.00664013826332259 0.07330814454206484 0.0037475402949787642 0.05376610754000368 0.004223203810156385 0.03747183711440616 0.007661267690157866 0.02585370115270118 0.009006172957892737 0.01751449327755321 0.00667091238839235 0.012256569937571168 0.005349982812621844 0.008352928787204339 0.008405034825763812 0.005214188465163933 0.010731642759475732 0.0031487994409532508 0.010229187696371987 0.0018392803494079615 0.007692951004026894 0.0008793169145187499 0.004924334644587622 0.00038999656455009746 0.002745105837426107 0.00016641718724320692 0.0013448844748069743 6.321435336207492e-05 0.001 2.170621061217611e-05 0.001 6.187271687347622e-06 0.001 1.7531635194821306e-06 0.001 4.405273677835249e-07 0.001 1
10 4.9948 268.5135 0.0 0.001 0.0 0.001 6.720111694881749e-08 0.001 2.5145986218753556e-07 0.001 2.202360094967141e-06 0.001 1.1348217630107451e-05 0.001 2.6525069291001862e-05 0.00209787717409602 0.00010490014261092913 0.0041794380158067706 0.00026292172642534175 0.007169143303341457 0.0006546323924134901 0.010458460840592279 0.0016387816472387795 0.012304495938511724 0.0036069358898199308 0.0111835882042332 0.0073854733738296175 0.0071097500013163175 0.014368618510287366 0.005883545938344403 0.024817710206855862 0.009677019048034472 0.03959751487099335 0.009888017438351762 0.058061586397377296 0.005313799494445926 0.07818782488281502 0.003177875570532611 0.09744360170051806 0.006672866608798053 0.11231907245378886 0.010514749781768425 0.11830003405714049 0.013260507062832778 0.11487479437516929 0.011950658365554423 0.10224893143404211 0.007449745261530284 0.08282342646229934 0.0033818889446039155 0.061041801420546944 0.004788721579725819 0.04068219445741768 0.008745697447094625 0.023679534864919655 0.009358806700414692 0.011737558701815679 0.006279848562880061 0.004840595718710052 0.006514384703121295 0.0012811600049695783 0.010368782904493355 0.0 0.011626004273139418 0.0 0.01008900251049408 0.0 0.007167729898931429 0.0 0.004243598595726513 0.0 0.0022072022090636914 0.0 0.001 0.0 0.001 0.0 0.001 0.0 0.001 0.0 0.001 0.0 0.001 1
