data/processed/NGC4621-mock/hist_kins_o.ecsv
# %ECSV 1.0
# ---
# datatype:
# - {name: binID_dynamite, datatype: int64}
# - {name: v, datatype: float32}
# - {name: sigma, datatype: float32}
# - {name: losvd_0, datatype: float64}
# - {name: dlosvd_0, datatype: float64}
# - {name: losvd_1, datatype: float64}
# - {name: dlosvd_1, datatype: float64}
# - {name: losvd_2, datatype: float64}
# - {name: dlosvd_2, datatype: float64}
# - {name: losvd_3, datatype: float64}
# - {name: dlosvd_3, datatype: float64}
# - {name: losvd_4, datatype: float64}
# - {name: dlosvd_4, datatype: float64}
# - {name: losvd_5, datatype: float64}
# - {name: dlosvd_5, datatype: float64}
# - {name: losvd_6, datatype: float64}
# - {name: dlosvd_6, datatype: float64}
# - {name: losvd_7, datatype: float64}
# - {name: dlosvd_7, datatype: float64}
# - {name: losvd_8, datatype: float64}
# - {name: dlosvd_8, datatype: float64}
# - {name: losvd_9, datatype: float64}
# - {name: dlosvd_9, datatype: float64}
# - {name: losvd_10, datatype: float64}
# - {name: dlosvd_10, datatype: float64}
# - {name: losvd_11, datatype: float64}
# - {name: dlosvd_11, datatype: float64}
# - {name: losvd_12, datatype: float64}
# - {name: dlosvd_12, datatype: float64}
# - {name: losvd_13, datatype: float64}
# - {name: dlosvd_13, datatype: float64}
# - {name: losvd_14, datatype: float64}
# - {name: dlosvd_14, datatype: float64}
# - {name: losvd_15, datatype: float64}
# - {name: dlosvd_15, datatype: float64}
# - {name: losvd_16, datatype: float64}
# - {name: dlosvd_16, datatype: float64}
# - {name: losvd_17, datatype: float64}
# - {name: dlosvd_17, datatype: float64}
# - {name: losvd_18, datatype: float64}
# - {name: dlosvd_18, datatype: float64}
# - {name: losvd_19, datatype: float64}
# - {name: dlosvd_19, datatype: float64}
# - {name: losvd_20, datatype: float64}
# - {name: dlosvd_20, datatype: float64}
# - {name: losvd_21, datatype: float64}
# - {name: dlosvd_21, datatype: float64}
# - {name: losvd_22, datatype: float64}
# - {name: dlosvd_22, datatype: float64}
# - {name: losvd_23, datatype: float64}
# - {name: dlosvd_23, datatype: float64}
# - {name: losvd_24, datatype: float64}
# - {name: dlosvd_24, datatype: float64}
# - {name: losvd_25, datatype: float64}
# - {name: dlosvd_25, datatype: float64}
# - {name: losvd_26, datatype: float64}
# - {name: dlosvd_26, datatype: float64}
# - {name: losvd_27, datatype: float64}
# - {name: dlosvd_27, datatype: float64}
# - {name: losvd_28, datatype: float64}
# - {name: dlosvd_28, datatype: float64}
# - {name: losvd_29, datatype: float64}
# - {name: dlosvd_29, datatype: float64}
# - {name: losvd_30, datatype: float64}
# - {name: dlosvd_30, datatype: float64}
# - {name: losvd_31, datatype: float64}
# - {name: dlosvd_31, datatype: float64}
# - {name: losvd_32, datatype: float64}
# - {name: dlosvd_32, datatype: float64}
# - {name: losvd_33, datatype: float64}
# - {name: dlosvd_33, datatype: float64}
# - {name: losvd_34, datatype: float64}
# - {name: dlosvd_34, datatype: float64}
# - {name: losvd_35, datatype: float64}
# - {name: dlosvd_35, datatype: float64}
# - {name: losvd_36, datatype: float64}
# - {name: dlosvd_36, datatype: float64}
# - {name: losvd_37, datatype: float64}
# - {name: dlosvd_37, datatype: float64}
# - {name: losvd_38, datatype: float64}
# - {name: dlosvd_38, datatype: float64}
# - {name: losvd_39, datatype: float64}
# - {name: dlosvd_39, datatype: float64}
# - {name: losvd_40, datatype: float64}
# - {name: dlosvd_40, datatype: float64}
# - {name: is_good, datatype: int64}
# meta: !!omap
# - {dv: 80.0}
# - vcent: [-1600.0, -1520.0, -1440.0, -1360.0, -1280.0, -1200.0, -1120.0, -1040.0, -960.0, -880.0, -800.0, -720.0, -640.0, -560.0, -480.0,
#     -400.0, -320.0, -240.0, -160.0, -80.0, 0.0, 80.0, 160.0, 240.0, 320.0, 400.0, 480.0, 560.0, 640.0, 720.0, 800.0, 880.0, 960.0, 1040.0,
#     1120.0, 1200.0, 1280.0, 1360.0, 1440.0, 1520.0, 1600.0]
# - {nbins: 618}
# - {nvbins: 41}
# - PSF:
#     sigma: [0.36, 0.92]
#     weight: [0.76, 0.24]
# schema: astropy-2.0
binID_dynamite v sigma losvd_0 dlosvd_0 losvd_1 dlosvd_1 losvd_2 dlosvd_2 losvd_3 dlosvd_3 losvd_4 dlosvd_4 losvd_5 dlosvd_5 losvd_6 dlosvd_6 losvd_7 dlosvd_7 losvd_8 dlosvd_8 losvd_9 dlosvd_9 losvd_10 dlosvd_10 losvd_11 dlosvd_11 losvd_12 dlosvd_12 losvd_13 dlosvd_13 losvd_14 dlosvd_14 losvd_15 dlosvd_15 losvd_16 dlosvd_16 losvd_17 dlosvd_17 losvd_18 dlosvd_18 losvd_19 dlosvd_19 losvd_20 dlosvd_20 losvd_21 dlosvd_21 losvd_22 dlosvd_22 losvd_23 dlosvd_23 losvd_24 dlosvd_24 losvd_25 dlosvd_25 losvd_26 dlosvd_26 losvd_27 dlosvd_27 losvd_28 dlosvd_28 losvd_29 dlosvd_29 losvd_30 dlosvd_30 losvd_31 dlosvd_31 losvd_32 dlosvd_32 losvd_33 dlosvd_33 losvd_34 dlosvd_34 losvd_35 dlosvd_35 losvd_36 dlosvd_36 losvd_37 dlosvd_37 losvd_38 dlosvd_38 losvd_39 dlosvd_39 losvd_40 dlosvd_40 is_good
[from data line 558]
559 -5.4439 208.2662 1.0905056796540305e-13 0.001 2.6505046890058055e-12 0.001 5.710280047530049e-11 0.001 9.650473915785516e-10 0.001 8.295995996347643e-09 0.001 8.744386014453355e-08 0.001 7.067404627211682e-07 0.001 7.596949081401766e-06 0.001 3.666062997738185e-05 0.001 0.00019570619715685752 0.002422219644046781 0.0006811652856462402 0.0056453777950801615 0.001953633991111393 0.010450170077444167 0.004792355177293345 0.014345469057058427 0.009673317419052294 0.013254889137013627 0.017703238483171523 0.009294077025233431 0.029648757767187048 0.011650510512413446 0.048971996137655134 0.011763133611471948 0.07660361174913333 0.007670685538643501 0.10987406077165444 0.008841080672868755 0.13959120906952727 0.014068186742111702 0.15220548414266039 0.017122474203280932 0.140916797868897 0.01333446973142606 0.10966300985601912 0.008075942868919071 0.07296367583816 0.008217200682339623 0.04231684810222393 0.012444639613022453 0.021866818054061956 0.010497292280728973 0.010831548101435037 0.009758540094212929 0.005325193468894446 0.013924164805192527 0.002639336215614937 0.013885049297301513 0.001036387648166512 0.00979207033957518 0.00035084424869151584 0.005234125648001628 0.00011556994298435772 0.002179048262022707 2.8858535056558234e-05 0.001 4.762998887696541e-06 0.001 6.635250289489437e-07 0.001 7.827325102223522e-08 0.001 9.32055482222951e-09 0.001 6.899411579274371e-10 0.001 3.452797759029513e-11 0.001 2.0082014173656083e-12 0.001 5.837417441553424e-14 0.001 1
560 7.3714 200.1065 6.907450333280499e-15 0.001 2.7398288756313564e-13 0.001 1.125036513443562e-11 0.001 2.1944417359275638e-10 0.001 3.7084146037155777e-09 0.001 4.585193952286157e-08 0.001 4.886931714477921e-07 0.001 4.489495331815829e-06 0.001 2.6985452982254103e-05 0.001 0.00013439139038986652 0.0013622677361913166 0.0005146818509179486 0.003806298989183995 0.0017011515996790208 0.008298494812342443 0.004243211954780899 0.01350020549202962 0.010139471451764281 0.015421241568883708 0.01905774903472707 0.012022429293259676 0.030662223837730655 0.010640153373051839 0.04700780544450074 0.013282730315455873 0.07008977250963189 0.010490086502439138 0.10122625523676258 0.00980745805950179 0.1359554748317306 0.013710389328974865 0.15711232366880803 0.018429992573848628 0.15139131836300346 0.01516368583276581 0.11918814981200304 0.010336520281100568 0.07674400202367505 0.01044050554331169 0.04078243684029478 0.01307554357776129 0.018556607462238774 0.011204689092455122 0.008396979818804632 0.011510895332914977 0.004006659232200546 0.015301807130543639 0.001786226095889027 0.013996860616166269 0.0008680685051459779 0.009076987163665548 0.0002806899421845061 0.004380168138115989 9.063517560681201e-05 0.001703791162421021 2.5767199293969147e-05 0.001 5.1320962486897155e-06 0.001 7.130606623667264e-07 0.001 8.152748895487359e-08 0.001 6.254002399153323e-09 0.001 3.2767560817903807e-10 0.001 1.851788325391559e-11 0.001 7.979200476585807e-13 0.001 2.6969953612626763e-14 0.001 1
561 -10.9814 186.5941 0.0 0.001 2.0507466784167722e-16 0.001 6.048469889197523e-15 0.001 2.91220492191987e-13 0.001 3.0993323830287335e-11 0.001 5.853654891987401e-10 0.001 1.8128509487763266e-08 0.001 2.825329265592416e-07 0.001 3.0790818346632864e-06 0.001 2.8435311163526082e-05 0.001 0.00021413792543354112 0.002450122666013418 0.0009699979022670085 0.006198874927394741 0.003104841073708525 0.011851695546615238 0.007926490228958588 0.01569635931513326 0.01541020405738192 0.013310109778399002 0.0249408315386922 0.01104510717438358 0.040656960410881564 0.013374119381463516 0.0694331964039734 0.010665513818153873 0.1131463452408762 0.01054038632823695 0.15603272479379368 0.01577245254999539 0.16963648476016482 0.01928841331104189 0.14341359808738605 0.013764094276116329 0.09775480621320837 0.01007647949747531 0.060720115684644534 0.011636621966142017 0.03902200031072696 0.012970226108421216 0.02679120208596963 0.011043045835849506 0.017354655120313704 0.014786188041181852 0.008741409782769525 0.015456604709850982 0.003440796038364172 0.010556493694705966 0.0010032046219738751 0.005053409262701545 0.00021834225634273418 0.0018852379446963798 3.215204978224905e-05 0.001 3.387388505941563e-06 0.001 2.825595089251957e-07 0.001 1.6997039427727404e-08 0.001 7.703239945447245e-10 0.001 2.5215537021969833e-11 0.001 6.917776445425276e-13 0.001 1.0504892731928325e-14 0.001 1.499147237424531e-16 0.001 0.0 0.001 1
562 34.9054 207.6224 0.0 0.001 0.0 0.001 0.0 0.001 0.0 0.001 0.0 0.001 0.0 0.001 0.0 0.001 1.612791129486738e-07 0.001 2.1802470754814464e-06 0.001 7.49005088294225e-06 0.0014654687210497149 0.0001069706609078439 0.0038693293103354244 0.0003613583319363249 0.008081430609862036 0.001191126527121232 0.013011784006439223 0.0038214374429762794 0.01500867251496792 0.010387550137364959 0.011084409359154376 0.021928316274546215 0.009258921675226323 0.04112356750129569 0.012884467807501524 0.06750001145176565 0.00968436562807026 0.09752284729922786 0.006607427012946601 0.12684910816131958 0.01061141664269371 0.14793967838983255 0.016080085997535992 0.1515577039550042 0.015511378086940517 0.1342418208881265 0.010289272123068467 0.0992200696692167 0.006367854670738311 0.06004911808524071 0.010678241974458567 0.027715007779020154 0.012849622283778893 0.00827916709296192 0.008677142649822332 0.0001953087750642211 0.01176328703698824 0.0 0.015476601651980691 0.0 0.01309637934543113 0.0 0.007825545469021707 0.0 0.0035910761498304015 0.0 0.001309316249405554 0.0 0.001 0.0 0.001 0.0 0.001 0.0 0.001 0.0 0.001 0.0 0.001 0.0 0.001 0.0 0.001 1
563 43.5324 212.9172 1.1999731129681158e-13 0.001 4.095573674269618e-12 0.001 8.370742319485641e-11 0.001 1.3825387636659103e-09 0.001 1.767552380606798e-08 0.001 1.418601377550559e-07 0.001 1.2922756345145965e-06 0.001 8.300800324890685e-06 0.001 4.558804593644294e-05 0.001 0.00020918956848685176 0.0016553537855290052 0.0007516788383294214 0.0041423118121258085 0.0024090796564770855 0.008263646628153128 0.005948214171311119 0.012625380902987187 0.011828020771802464 0.014223614546778155 0.020159780036433383 0.010967921482532388 0.030108711476380327 0.009510984188215615 0.04273893982022622 0.012316032156988762 0.05916264701065508 0.009697468213526197 0.08332926469260944 0.007069985015949527 0.11388963933095186 0.010201685469643049 0.1411697848134057 0.015591115370770042 0.14997852075784834 0.01649828600212705 0.13250444284831658 0.011345994208894872 0.09640472048642816 0.007168255436070789 0.05774066820131984 0.010107513116592422 0.028811345300081174 0.01253014286853661 0.012631097047351247 0.00897953980224114 0.005859714153172363 0.010506792809273607 0.0027207866241545256 0.015072811203358023 0.000947103749141715 0.013597596469850246 0.00039325512452937424 0.009083938827682658 0.0001750449669914117 0.004639594334459932 5.596410458707802e-05 0.0019075784091100176 1.4635098112882315e-05 0.001 1.9987477897322812e-06 0.001 3.55675720416872e-07 0.001 4.9913250818164614e-08 0.001 4.599992201537026e-09 0.001 2.8177763112703624e-10 0.001 4.297119462427693e-12 0.001 4.9142637081259424e-14 0.001 1
564 65.6896 227.4974 6.521259485686596e-13 0.001 4.77859024501594e-12 0.001 2.0281483039231546e-10 0.001 2.5545018953688015e-09 0.001 3.13369654070229e-08 0.001 2.587591025280648e-07 0.001 1.2856888273073165e-06 0.001 7.715319874369054e-06 0.001 3.4693760807351704e-05 0.0010268340184946012 0.00013292360265387945 0.0026511858804666145 0.0004074823079725292 0.0056879690625958185 0.0011593484581267058 0.009935571533584448 0.003296298142258117 0.013411033104373263 0.0069685533688037815 0.013574827623368483 0.014398774306506445 0.009728840501924674 0.02544793565628978 0.009371297659801605 0.04122789452816279 0.012450410648483073 0.06086133159968934 0.009658466079776978 0.08305236754570734 0.0067402436124879075 0.1064946040189924 0.009012655180137469 0.12729037406441746 0.013726418676528962 0.138913095990931 0.01593236798043829 0.1348375991443269 0.01277262227530044 0.11306956034775552 0.008113065590487016 0.07930893097203244 0.007283389822534937 0.044170345052593034 0.011738460811526411 0.016826702608160885 0.01138464556620395 0.002091890656295343 0.0075406658616898525 0.0 0.01164731191801135 0.0 0.014912898289703838 0.0 0.013092127269150416 0.0 0.008607384583181199 0.0 0.00451679806365609 0.0 0.0019352669761350232 0.0 0.001 0.0 0.001 0.0 0.001 0.0 0.001 0.0 0.001 0.0 0.001 0.0 0.001 1
565 29.5942 206.4899 0.0 0.001 1.4182101629527602e-15 0.001 1.0302461291846077e-13 0.001 5.273749120030453e-12 0.001 2.5318589050642207e-10 0.001 6.293797927219375e-09 0.001 1.3713077801679383e-07 0.001 1.7058807441722394e-06 0.001 1.816358687277905e-05 0.001 0.00012832343626561555 0.0016013172048218222 0.0006219293751741121 0.0038547587511501046 0.002481612801672496 0.007716264072503524 0.007218913926244751 0.011778083240313353 0.01543916469096524 0.014248438067906861 0.024842352176176734 0.012623026237482213 0.03402317106629831 0.010729876784951334 0.043570565210509546 0.01188030848838293 0.05793185389530045 0.009946608528669364 0.08287836358373472 0.008555080860034397 0.1195655760116055 0.01331485905748351 0.14912964032491355 0.021495540425231593 0.15232591603740653 0.021376388674307703 0.12412362431428803 0.012095452371917947 0.08191308875103533 0.009858115233905965 0.046713310461321274 0.012296918959065279 0.02479136864422661 0.011986272851138707 0.01442491942346716 0.010863205924306663 0.009238153423326578 0.012549055470231498 0.005359117703522946 0.012878402942333682 0.0022492454666778803 0.01018376134011457 0.0007922679439185065 0.006235832528775936 0.0001825630608312275 0.002966344078981347 3.024375828196353e-05 0.0011853201213954136 4.2159863230662104e-06 0.001 4.578228658413755e-07 0.001 2.6059621398546122e-08 0.001 1.4182806770892057e-09 0.001 7.255572214931206e-11 0.001 2.3832421508774943e-12 0.001 4.744806097995021e-14 0.001 6.595327218471382e-16 0.001 1
566 -4.383 200.7455 0.0 0.001 0.0 0.001 0.0 0.001 4.084836147032466e-14 0.001 5.590849010947875e-12 0.001 1.1810993393265575e-09 0.001 2.4934972048776798e-08 0.001 3.878582712011677e-07 0.001 3.936446142659146e-06 0.001 2.9334096827010122e-05 0.0017856481091619446 0.00020144093858606558 0.004446698410583461 0.0008949705572245585 0.008782755667667475 0.0028290985319751097 0.01327110449835282 0.006593684307311368 0.014871779304092536 0.011903751454960877 0.012162717965408097 0.020002354507634032 0.011506876265101763 0.038856238613852276 0.01341407424682338 0.07115673207527971 0.01132104831913491 0.11313168701204773 0.011128635856151592 0.14965153310712964 0.016910600294935768 0.1586606084238637 0.020662796161605934 0.13511362411506206 0.014914425945545713 0.09749515364795082 0.010682227221966933 0.06685561143324704 0.010458652520625163 0.04687994107729537 0.012738370102742057 0.03384160001436222 0.011844749590835634 0.023313785131181534 0.012679027230974669 0.013572028603906912 0.015123882573651128 0.006301126132410194 0.01327384544760842 0.002092287379807684 0.00832083898149565 0.0005122319192510365 0.00416830902870603 9.354491955008726e-05 0.001601634971146822 1.2057273539102244e-05 0.001 1.1543255828436899e-06 0.001 6.806894627946275e-08 0.001 1.882111295254131e-09 0.001 2.2986517171299704e-11 0.001 0.0 0.001 0.0 0.001 0.0 0.001 0.0 0.001 1
567 53.3417 221.1196 0.0 0.001 0.0 0.001 0.0 0.001 0.0 0.001 0.0 0.001 0.0 0.001 0.0 0.001 0.0 0.001 0.0 0.001 0.0 0.002289292096717722 0.0 0.005266750439095276 0.0 0.009693346135043693 0.0 0.01353539168225634 0.001716936574675 0.014009302680229714 0.008947019113570931 0.00962050521802289 0.02191255247220949 0.009428326611875022 0.04358989040468969 0.012867700724806346 0.06855758259877925 0.009602856805194914 0.09320945492939085 0.006391086665749959 0.11405974765470228 0.00960862941301368 0.13115155218718988 0.014546894732487096 0.141362690891867 0.0163522145579664 0.13754071355107408 0.011925761100661458 0.11502049939394304 0.007027127061424054 0.07752048158949952 0.008820457700560336 0.03759978918835071 0.012687417365143464 0.007811089450058285 0.009996744542317172 0.0 0.008747334389326313 0.0 0.014021008059814596 0.0 0.01502904214891785 0.0 0.011560919507855805 0.0 0.006666393772811823 0.0 0.0031220899450553966 0.0 0.001177366593581349 0.0 0.001 0.0 0.001 0.0 0.001 0.0 0.001 0.0 0.001 0.0 0.001 0.0 0.001 1
568 76.2258 204.7674 0.0 0.001 1.0778901090284484e-16 0.001 1.257510721825141e-14 0.001 8.946840347221841e-13 0.001 3.818953140177349e-11 0.001 9.963845875211353e-10 0.001 1.8312879676916317e-08 0.001 2.7821422724526097e-07 0.001 2.948343535527728e-06 0.001 2.566946475837241e-05 0.001 0.0001846980382001832 0.002196580728790469 0.000754201097847193 0.0051171332892409474 0.0027030968938310538 0.00970508765913981 0.007500921521520044 0.014309751735047662 0.015519516987521567 0.015424727859346867 0.02558082951817203 0.0123369917895511 0.038173408663717434 0.012561598876100716 0.05274176389888758 0.01331207488178061 0.07245991405357145 0.011055628212550874 0.10151805804817708 0.011470962394017271 0.13522423259801006 0.015783581092753407 0.15638087400424544 0.02102615081454641 0.14908305062223703 0.01725518944426782 0.11474671420401368 0.012395202965332086 0.07131918479554601 0.012631944030483486 0.03575698837891557 0.014035102766501094 0.014037556747129216 0.012253960310532563 0.005160371857707525 0.012836940817734885 0.0011246349203281648 0.014980602663709795 0.0 0.013629281342508088 0.0 0.00902698065854057 0.0 0.0045655109691257 8.02263270312539e-07 0.0018504971687926 1.7955803735098322e-07 0.001 5.8678051918963194e-08 0.001 2.4520062305406908e-08 0.001 2.6770468742232354e-09 0.001 8.22712416965073e-11 0.001 7.744163384291699e-13 0.001 2.3948809873043034e-14 0.001 1.0393417985485432e-15 0.001 1
569 62.3014 228.5482 0.0 0.001 0.0 0.001 0.0 0.001 0.0 0.001 0.0 0.001 0.0 0.001 0.0 0.001 0.0 0.001 0.0 0.0011547589548543753 0.0 0.0029035104287906824 0.0 0.006125208516941295 0.0 0.01041587695391558 0.00013769173692842603 0.013741693842990753 0.003580917517940098 0.01289893393026026 0.011052981475960181 0.00792191502061096 0.02351825293271268 0.00924964777273822 0.043029276787329214 0.012295715848537642 0.065421416847976 0.008824386699418721 0.08837679968045693 0.004648019769016187 0.10935336033467567 0.008432772626892078 0.12654480225293196 0.013893949026205082 0.13723520851235707 0.016504799997446765 0.1345238268458969 0.012002690849067285 0.11485593462873236 0.006273574583538881 0.08189204345251076 0.0060841493580448824 0.04497265994567841 0.011133152415560878 0.01550482704791321 0.010924175121588275 0.0 0.006660737016883833 0.0 0.010828701775267539 0.0 0.0143054494997506 0.0 0.013012879469499253 0.0 0.00881372346673907 0.0 0.004691429818453294 0.0 0.002057977507315266 0.0 0.001 0.0 0.001 0.0 0.001 0.0 0.001 0.0 0.001 0.0 0.001 0.0 0.001 1
