data/processed/NGC4621-mock/histograms_set_o.ecsv
# %ECSV 1.0
# ---
# datatype:
# - {name: binID, datatype: int64}
# - {name: losvd_0, datatype: float64}
# - {name: losvd_1, datatype: float64}
# - {name: losvd_2, datatype: float64}
# - {name: losvd_3, datatype: float64}
# - {name: losvd_4, datatype: float64}
# - {name: losvd_5, datatype: float64}
# - {name: losvd_6, datatype: float64}
# - {name: losvd_7, datatype: float64}
# - {name: losvd_8, datatype: float64}
# - {name: losvd_9, datatype: float64}
# - {name: losvd_10, datatype: float64}
# - {name: losvd_11, datatype: float64}
# - {name: losvd_12, datatype: float64}
# - {name: losvd_13, datatype: float64}
# - {name: losvd_14, datatype: float64}
# - {name: losvd_15, datatype: float64}
# - {name: losvd_16, datatype: float64}
# - {name: losvd_17, datatype: float64}
# - {name: losvd_18, datatype: float64}
# - {name: losvd_19, datatype: float64}
# - {name: losvd_20, datatype: float64}
# - {name: losvd_21, datatype: float64}
# - {name: losvd_22, datatype: float64}
# - {name: losvd_23, datatype: float64}
# - {name: losvd_24, datatype: float64}
# - {name: losvd_25, datatype: float64}
# - {name: losvd_26, datatype: float64}
# - {name: losvd_27, datatype: float64}
# - {name: losvd_28, datatype: float64}
# - {name: losvd_29, datatype: float64}
# - {name: losvd_30, datatype: float64}
# - {name: losvd_31, datatype: float64}
# - {name: losvd_32, datatype: float64}
# - {name: losvd_33, datatype: float64}
# - {name: losvd_34, datatype: float64}
# - {name: losvd_35, datatype: float64}
# - {name: losvd_36, datatype: float64}
# - {name: losvd_37, datatype: float64}
# - {name: losvd_38, datatype: float64}
# - {name: losvd_39, datatype: float64}
# - {name: losvd_40, datatype: float64}
# meta: !!omap
# - {dv: 80.0}
# - vcent: [-1600.0, -1520.0, -1440.0, -1360.0, -1280.0, -1200.0, -1120.0, -1040.0, -960.0, -880.0, -800.0, -720.0, -640.0, -560.0, -480.0,
#     -400.0, -320.0, -240.0, -160.0, -80.0, 0.0, 80.0, 160.0, 240.0, 320.0, 400.0, 480.0, 560.0, 640.0, 720.0, 800.0, 880.0, 960.0, 1040.0,
#     1120.0, 1200.0, 1280.0, 1360.0, 1440.0, 1520.0, 1600.0]
# - {nbins: 618}
# - {nvbins: 41}
# schema: astropy-2.0
binID losvd_0 losvd_1 losvd_2 losvd_3 losvd_4 losvd_5 losvd_6 losvd_7 losvd_8 losvd_9 losvd_10 losvd_11 losvd_12 losvd_13 losvd_14 losvd_15 losvd_16 losvd_17 losvd_18 losvd_19 losvd_20 losvd_21 losvd_22 losvd_23 losvd_24 losvd_25 losvd_26 losvd_27 losvd_28 losvd_29 losvd_30 losvd_31 losvd_32 losvd_33 losvd_34 losvd_35 losvd_36 losvd_37 losvd_38 losvd_39 losvd_40
[from data line 283]
284 0.0 0.0 0.0 0.0 0.0 0.0 0.0 8.523180858779913e-07 9.701648734902445e-06 8.62598075582596e-05 0.0002847296415398039 0.0013269033308637716 0.003616333922218429 0.007766456598449702 0.01636013318659991 0.029932666087284992 0.05022030427207445 0.07324110258772097 0.09567236736556486 0.1165803180822351 0.12786910194070034 0.12909160238137307 0.11504768421009204 0.09192027896697919 0.06584269412408911 0.04128029225769959 0.020647225178115555 0.008492392337479735 0.0034972820206775612 0.0009338640820667683 0.00021933834798149485 4.997719395395566e-05 4.502723009523849e-06 7.252918954764609e-07 0.0 0.0 0.0 0.0 0.0 0.0 0.0
285 0.0 0.0 0.0 0.0 0.0 0.0 0.0 2.267598748379458e-06 1.6723218565961413e-05 0.0001019583338639642 0.0005212006529345251 0.002019721953818348 0.005257237042882704 0.011417265727910767 0.0206469602236682 0.034945513534346204 0.05579610623797121 0.07789849953923246 0.1002557576280715 0.11854553631761579 0.12664130478558605 0.12182087477940845 0.10477512598001013 0.08160564181687295 0.05841999281631299 0.03819897258419999 0.022373103600218294 0.011427712448015138 0.0052075049838482945 0.0016092223431777243 0.000383103621997049 8.003054574126772e-05 1.8086152359254495e-05 1.89365609743476e-06 0.0 0.0 0.0 0.0 0.0 0.0 0.0
286 0.0 0.0 0.0 0.0 0.0 0.0 0.0 7.098666509004609e-07 8.19586733845193e-06 0.00010800522703635344 0.00035810749599074845 0.0014156959545488766 0.003942465045820284 0.008430027200114005 0.017162587396442688 0.031322314024058634 0.05190010236374896 0.07383697151282692 0.09538434641214161 0.11538955627047193 0.1263157784789188 0.12707379384723025 0.11407574670274769 0.09096554210977825 0.0651527947245441 0.04159811094489716 0.02109192768942571 0.009222770601746614 0.0038444183532765947 0.0010851292494219384 0.0002453966012269453 4.87445389724303e-05 1.3394938949312908e-05 8.540108918763987e-07 0.0 0.0 0.0 0.0 0.0 0.0 0.0
287 0.0 0.0 0.0 0.0 0.0 0.0 0.0 1.8083689581022756e-06 1.0800554257719014e-05 8.74923367283468e-05 0.0004015566893947086 0.0017671085694556596 0.004754909497739598 0.010437576801978795 0.019468516757132123 0.03366788433128733 0.0537449387827301 0.07579760350275988 0.09837724698823574 0.11753064311474941 0.12690312893499137 0.12420759040455254 0.10863163073073732 0.08528569818541609 0.060594204629114384 0.03907075832480101 0.022094053525304 0.010725882673294747 0.004631310228496548 0.0014077108875116817 0.000297661529185818 7.619358230662542e-05 1.5354146985869215e-05 1.7259002635440644e-06 0.0 0.0 0.0 0.0 0.0 0.0 0.0
288 0.0 0.0 0.0 0.0 0.0 0.0 0.0 9.43639592600566e-06 4.825915636946336e-05 0.00019344357077717055 0.0006374503034711363 0.0020502125011700872 0.005578303000729099 0.011491558637302928 0.02102912439767124 0.03562522394523546 0.055279546465061585 0.078107251474057 0.10141848099777971 0.12003817235848463 0.12789907217010915 0.12064583374277801 0.10261885944766624 0.07944161156956404 0.056909250157111874 0.03701147568767255 0.021677511294247335 0.01214786588090258 0.006249624572798294 0.0027413959380862864 0.0008390306264973781 0.00020874648089781516 5.55442091792191e-05 8.504473333918842e-06 0.0 0.0 0.0 0.0 0.0 0.0 0.0
289 0.0 0.0 0.0 0.0 0.0 0.0 0.0 3.217275549137852e-07 1.1029666232653712e-06 5.74842469365956e-05 0.00025473650243726934 0.0007369293606044336 0.0024865703452684913 0.0063296079345315425 0.013715069671449065 0.026747589546095036 0.04544914275832487 0.06960290579686859 0.0953234986071063 0.12080631591782146 0.1363381357516256 0.13707690536772005 0.11913387398398949 0.09284203468746965 0.06433228243166163 0.0387806653773608 0.01943475245300205 0.007027898836952475 0.0026717394935412506 0.0006574376424273006 0.00016816363897525734 2.1841066101181776e-05 1.3469082479009524e-06 1.7332456223064183e-07 0.0 0.0 0.0 0.0 0.0 0.0 0.0
290 0.0 0.0 0.0 0.0 0.0 0.0 0.0 7.121654916469223e-07 5.609837906210001e-06 0.0001020884832425243 0.00023878774894175314 0.0010254041082044375 0.0030122098452512835 0.006872520994557017 0.015168893956400694 0.028620097851109416 0.04901630974311523 0.07260218144456439 0.09452076441617324 0.11516448451689859 0.12771234061244946 0.12955948553706415 0.1175184618500177 0.0951609791441951 0.06919057724596973 0.042548297187816 0.020010931507350952 0.007764307426638922 0.003156033598250432 0.000798123630225965 0.00017372941121261216 5.037199542041766e-05 2.8312080679250136e-06 5.754677698034793e-07 0.0 0.0 0.0 0.0 0.0 0.0 0.0
291 0.0 0.0 0.0 0.0 0.0 0.0 0.0 6.5595277219003805e-06 4.616433729762292e-05 0.0001872132334022991 0.0007788110075989603 0.002743105652821144 0.0062435490338464406 0.012341415796944928 0.021946806660924346 0.037026412386789984 0.0573509670005552 0.07971559009898403 0.10276042649193431 0.12095720858765424 0.1287048420766457 0.1196581488847249 0.10053425732988913 0.07705735732760903 0.05493463792339719 0.03579753578503013 0.021296899705903396 0.011564116563197701 0.005623750243903802 0.0019255219551484186 0.0005652034435338315 0.00015172696745753984 4.232384007038419e-05 7.063043927995623e-06 0.0 0.0 0.0 0.0 0.0 0.0 0.0
292 0.0 0.0 0.0 0.0 0.0 0.0 0.0 7.729360312686802e-06 5.87823999125882e-05 0.0002209650377775954 0.000859192787325134 0.0028024894448049416 0.006308709882773751 0.01227034475220574 0.02190203578840627 0.03724128703845725 0.057304914382804675 0.07968338223628821 0.10250798903049635 0.12031663373039612 0.12722892912161915 0.11936255708151138 0.1010561562059285 0.07796860944552293 0.055424460957234294 0.03576921510894123 0.02127253762921911 0.01169075772519457 0.005683394125890869 0.0021024056205342432 0.0006531319818279716 0.00020037680558314475 5.4497781173889325e-05 7.84272688130072e-06 0.0 0.0 0.0 0.0 0.0 0.0 0.0
293 0.0 0.0 0.0 0.0 0.0 0.0 0.0 4.425981509277505e-06 2.838088337337748e-05 0.00014660564660113733 0.0006793616899787478 0.0025213904268083106 0.005983933892873992 0.012115050311844015 0.021714074780653358 0.03621245052830538 0.05685715017041007 0.07934198422330048 0.10288815879408908 0.12170380049507547 0.12977708443046357 0.12063686877440837 0.10094644385769046 0.07689667353428002 0.05502495737890892 0.036188533442126095 0.02121651692322997 0.01131299945306844 0.005442463793563935 0.0017050925548695482 0.0004747171707073674 0.00012692591092474854 2.8757572681397078e-05 3.9808101183398115e-06 0.0 0.0 0.0 0.0 0.0 0.0 0.0
294 0.0 0.0 0.0 0.0 0.0 0.0 0.0 8.898379428515385e-06 6.310894968111202e-05 0.00023562033233265177 0.0008460521488538482 0.002696747288394245 0.0061768627954232125 0.01204637186515099 0.021690897663403173 0.036945774357588716 0.05683213835284298 0.07958402488910317 0.10222647163663955 0.1197939906323871 0.12647817704425074 0.11960844964444596 0.10178739626526423 0.0790514004917826 0.0560282708879086 0.03586557840959376 0.021297040499296073 0.011667804344521462 0.0057422962040878005 0.002250115437956409 0.000739663332992933 0.0002227360267355325 5.745768305847572e-05 9.714422750029621e-06 0.0 0.0 0.0 0.0 0.0 0.0 0.0
295 0.0 0.0 0.0 0.0 0.0 0.0 0.0 1.4158853045970114e-06 1.810139966015756e-05 0.00011264209742941275 0.0002989961722858386 0.0015598771678390839 0.004221578367997345 0.009257961729190937 0.018020247119522045 0.03235751540345093 0.052496724684398643 0.07434571325734796 0.09657770916436312 0.11659121868335814 0.12678138145964293 0.12626882454820906 0.11183896661697744 0.08858597077496157 0.06307780002375984 0.04043395960297752 0.02167424476528014 0.009799155639517583 0.004134567658063073 0.001220390000093281 0.0002417894592338684 5.9940041358773196e-05 1.336226365608158e-05 2.448552122602041e-06 0.0 0.0 0.0 0.0 0.0 0.0 0.0
296 0.0 0.0 0.0 0.0 0.0 0.0 0.0 0.0 1.2093628768194786e-08 4.661502344639487e-06 0.00021608591571741826 0.0005592250088867391 0.0019032343208968015 0.004934554746898253 0.013543519061250472 0.027113402773258546 0.04437268209506264 0.06722334658302102 0.09872116590580744 0.1299359068701552 0.1485961652640134 0.1455179678797925 0.1194546514971239 0.086495107807813 0.05702933814336678 0.03210137175952963 0.013283054814195757 0.005789542547992914 0.0022566784595805757 0.0007590974401843429 0.0001876591932300065 1.4631755644241887e-06 3.2065291613704586e-08 2.912637462289507e-08 0.0 0.0 0.0 0.0 0.0 0.0 0.0
297 0.0 0.0 0.0 0.0 0.0 0.0 0.0 5.234671334113864e-07 1.1504846602695834e-05 5.823869159479901e-05 0.0002889704047278185 0.0012233691689764676 0.0033482536212020133 0.007532521738777154 0.0159884159148749 0.029750402508437582 0.05080494689114635 0.07351791141803184 0.0947887003521143 0.11489459429876785 0.12654532725994946 0.12813565229179608 0.11588151435836289 0.0935011866394014 0.06774445281333452 0.04257800364358508 0.02038037151971947 0.008348493383361803 0.00346942555355194 0.0009308485338334546 0.00021656718648038777 4.8572820427201235e-05 5.819211023355622e-06 7.650785662846709e-07 0.0 0.0 0.0 0.0 0.0 0.0 0.0
298 0.0 0.0 0.0 0.0 0.0 0.0 0.0 2.9786032827550714e-06 1.9649982875890263e-05 0.00011671519134240448 0.0005740120244487902 0.0022023196586301043 0.005538767389501525 0.011703979009854705 0.02104035641731434 0.03504515040708354 0.05565743436266894 0.07857686535792574 0.10216689530524188 0.12159580316779833 0.13002264362886323 0.12206592090250093 0.10273541461544691 0.07862127902239542 0.05615694888181444 0.036599650925044004 0.021237996854037825 0.011082175212148798 0.005178690146924154 0.0015619997347278672 0.0003698729497815316 8.352345297665657e-05 2.406023563253577e-05 3.607332194671246e-06 0.0 0.0 0.0 0.0 0.0 0.0 0.0
299 0.0 0.0 0.0 0.0 0.0 0.0 0.0 8.199879177543781e-06 5.79733620369253e-05 0.0002268198183767371 0.000793948680743748 0.00238511289260664 0.005811294680140421 0.011625861417162736 0.02131822841100167 0.036059524169621215 0.05614877272613583 0.07946333144436113 0.10248642484618417 0.1203437777113419 0.127075900635272 0.12036809190634046 0.10244329014087021 0.07944641281146166 0.05609930042461007 0.03591337144615943 0.021214425502645514 0.011562551213757766 0.005701898457344068 0.002334489196288601 0.0007746090794272513 0.0002229765291284328 6.041818393847591e-05 8.015628291059447e-06 0.0 0.0 0.0 0.0 0.0 0.0 0.0
300 0.0 0.0 0.0 0.0 0.0 0.0 0.0 4.487432156983616e-06 3.5693044133524253e-05 0.000139304189273843 0.00047973149304312223 0.0016687164928985883 0.005020839370588836 0.010668268180340881 0.020277483351318848 0.035063938219038866 0.05455074419398106 0.07746964089583835 0.10202778029735199 0.1220552891615407 0.13201743916481234 0.1229241093949566 0.10292716718649828 0.07847542613807051 0.05572400308611979 0.035930592715311106 0.02116776327393681 0.011808438361199903 0.006085555001356794 0.0025511970528202524 0.0007107717593973085 0.00015211379066843022 3.630105175491349e-05 3.9477086806482585e-06 0.0 0.0 0.0 0.0 0.0 0.0 0.0
301 0.0 0.0 0.0 0.0 0.0 0.0 0.0 1.4548041099159816e-06 1.79229872651453e-05 0.00010449954507057043 0.0004644751402660328 0.0018975946538548306 0.005081152879815168 0.010980460137164817 0.020207768012638693 0.03395774272851564 0.05398101598074157 0.07698945959657365 0.10070006624250158 0.12066428100001612 0.1296027997993955 0.12408710598970987 0.10559159188520849 0.08157519128871785 0.05817601071148806 0.037280281663130674 0.021339183506670998 0.010598503912929476 0.004871477509307901 0.0013975814808231915 0.0003160424657815832 9.043619268992498e-05 1.4165950491108557e-05 1.1172268944168736e-06 0.0 0.0 0.0 0.0 0.0 0.0 0.0
302 0.0 0.0 0.0 0.0 0.0 0.0 0.0 2.3522909269031017e-06 1.9140195757826513e-05 7.644325080673822e-05 0.00032789663516173754 0.0013140111610604932 0.0046873088906990035 0.010125842066060054 0.020151094900341695 0.03574543342543843 0.05610690099868367 0.07910683122784319 0.1040561269492485 0.12459082907541884 0.13292879439715496 0.12339846914354127 0.10220152591461569 0.0773884351672812 0.053785273521742255 0.03416569228333458 0.02057134768064983 0.01114559820871762 0.005406225556911464 0.0020521281669295915 0.0005115546211603196 0.00010000346340325832 1.9994842163806663e-05 2.4954292829755507e-06 0.0 0.0 0.0 0.0 0.0 0.0 0.0
303 0.0 0.0 0.0 0.0 0.0 0.0 0.0 9.99387838367196e-07 1.886912174687584e-05 8.248813076445754e-05 0.0002786760597933434 0.001290615457484882 0.0037308898070727986 0.008189906181816371 0.01682810753387365 0.03078855078749863 0.05146976267394712 0.07364296487205534 0.09534941324964957 0.11560785804304331 0.12669201530869723 0.1275885504554326 0.11465470023900935 0.09156229048709126 0.06568463021830857 0.041532957332496505 0.020978701943008125 0.008969214649551253 0.003677223206687053 0.0010774226621933951 0.00022062036651097187 6.59764293045829e-05 1.0387064793811952e-05 7.88633222862605e-07 0.0 0.0 0.0 0.0 0.0 0.0 0.0
304 0.0 0.0 0.0 0.0 0.0 0.0 0.0 5.697027692169447e-08 3.874700348744223e-07 4.3225633018243e-05 0.00023094059560995018 0.0006200729549932851 0.0021224812927519675 0.005873263432965217 0.013031616506656274 0.02548993382460069 0.04533658914330831 0.06988213869524242 0.09777158450889151 0.12551181517951365 0.1398467760931032 0.13870694085664292 0.11796222057995485 0.0912387838753485 0.06242147349879503 0.03654260207593029 0.01770943449825323 0.006566336893674498 0.002316307774037179 0.0006038512970819744 0.0001590472480744341 1.0976246784684184e-05 4.788122900001088e-07 6.816562261322482e-08 0.0 0.0 0.0 0.0 0.0 0.0 0.0
305 0.0 0.0 0.0 0.0 0.0 0.0 0.0 3.9097784153187393e-07 6.427769329677393e-06 0.00012381801375694183 0.00024189453538747918 0.0009040417197148005 0.0026225820958553255 0.006252568410415595 0.014240180534104214 0.027613743203278286 0.04727150961599626 0.0714098486942141 0.09388339386462957 0.11453111103386346 0.12853335249998107 0.13069437354172703 0.11923885164243805 0.09761784270025163 0.07115383072598996 0.04279858017517701 0.01974826142675299 0.007297889554517071 0.0029043055161368492 0.0007078192853936767 0.00015785495784422602 4.133415825929272e-05 1.9049449795065348e-06 2.0639533744616115e-07 0.0 0.0 0.0 0.0 0.0 0.0 0.0
306 0.0 0.0 0.0 0.0 0.0 0.0 0.0 1.3107064483415593e-07 1.4711318800537927e-06 0.00013613451767989265 0.00021009913412143428 0.0007181111092134386 0.0024601730194693575 0.006007796489455394 0.013506545549880178 0.026601676597734117 0.04519295476189948 0.06916101946492435 0.09388352767771195 0.1179775390377912 0.13366421747406138 0.13560768929667613 0.12081661969109735 0.09565853698746792 0.06739507316148743 0.04065767088801689 0.019832481558186784 0.00696167374567152 0.0027479485231871577 0.000638518976270717 0.0001317133624523156 2.7238369165293935e-05 1.523914860282734e-06 2.464580462400293e-07 0.0 0.0 0.0 0.0 0.0 0.0 0.0
307 0.0 0.0 0.0 0.0 0.0 0.0 0.0 8.085579881062359e-06 4.870754545532384e-05 0.00019469329117397023 0.0006628522301703687 0.0020655805267833986 0.005258875948597274 0.011041001373595448 0.020605819463603854 0.03511352722503725 0.05534874324476515 0.07916806335100372 0.10299986370972682 0.12179275603551097 0.1292655100875357 0.12184201857502315 0.10287767744657722 0.07907757029038083 0.05556460086487489 0.03570861162727146 0.020858482672855647 0.011365773209716205 0.0056481467572214615 0.002430786905732048 0.0007530756529584954 0.00020576056931499208 5.087502570064496e-05 5.974642908800269e-06 0.0 0.0 0.0 0.0 0.0 0.0 0.0
