data/processed/NGC4621-mock/hist_kins_o.ecsv
# %ECSV 1.0
# ---
# datatype:
# - {name: binID_dynamite, datatype: int64}
# - {name: v, datatype: float32}
# - {name: sigma, datatype: float32}
# - {name: losvd_0, datatype: float64}
# - {name: dlosvd_0, datatype: float64}
# - {name: losvd_1, datatype: float64}
# - {name: dlosvd_1, datatype: float64}
# - {name: losvd_2, datatype: float64}
# - {name: dlosvd_2, datatype: float64}
# - {name: losvd_3, datatype: float64}
# - {name: dlosvd_3, datatype: float64}
# - {name: losvd_4, datatype: float64}
# - {name: dlosvd_4, datatype: float64}
# - {name: losvd_5, datatype: float64}
# - {name: dlosvd_5, datatype: float64}
# - {name: losvd_6, datatype: float64}
# - {name: dlosvd_6, datatype: float64}
# - {name: losvd_7, datatype: float64}
# - {name: dlosvd_7, datatype: float64}
# - {name: losvd_8, datatype: float64}
# - {name: dlosvd_8, datatype: float64}
# - {name: losvd_9, datatype: float64}
# - {name: dlosvd_9, datatype: float64}
# - {name: losvd_10, datatype: float64}
# - {name: dlosvd_10, datatype: float64}
# - {name: losvd_11, datatype: float64}
# - {name: dlosvd_11, datatype: float64}
# - {name: losvd_12, datatype: float64}
# - {name: dlosvd_12, datatype: float64}
# - {name: losvd_13, datatype: float64}
# - {name: dlosvd_13, datatype: float64}
# - {name: losvd_14, datatype: float64}
# - {name: dlosvd_14, datatype: float64}
# - {name: losvd_15, datatype: float64}
# - {name: dlosvd_15, datatype: float64}
# - {name: losvd_16, datatype: float64}
# - {name: dlosvd_16, datatype: float64}
# - {name: losvd_17, datatype: float64}
# - {name: dlosvd_17, datatype: float64}
# - {name: losvd_18, datatype: float64}
# - {name: dlosvd_18, datatype: float64}
# - {name: losvd_19, datatype: float64}
# - {name: dlosvd_19, datatype: float64}
# - {name: losvd_20, datatype: float64}
# - {name: dlosvd_20, datatype: float64}
# - {name: losvd_21, datatype: float64}
# - {name: dlosvd_21, datatype: float64}
# - {name: losvd_22, datatype: float64}
# - {name: dlosvd_22, datatype: float64}
# - {name: losvd_23, datatype: float64}
# - {name: dlosvd_23, datatype: float64}
# - {name: losvd_24, datatype: float64}
# - {name: dlosvd_24, datatype: float64}
# - {name: losvd_25, datatype: float64}
# - {name: dlosvd_25, datatype: float64}
# - {name: losvd_26, datatype: float64}
# - {name: dlosvd_26, datatype: float64}
# - {name: losvd_27, datatype: float64}
# - {name: dlosvd_27, datatype: float64}
# - {name: losvd_28, datatype: float64}
# - {name: dlosvd_28, datatype: float64}
# - {name: losvd_29, datatype: float64}
# - {name: dlosvd_29, datatype: float64}
# - {name: losvd_30, datatype: float64}
# - {name: dlosvd_30, datatype: float64}
# - {name: losvd_31, datatype: float64}
# - {name: dlosvd_31, datatype: float64}
# - {name: losvd_32, datatype: float64}
# - {name: dlosvd_32, datatype: float64}
# - {name: losvd_33, datatype: float64}
# - {name: dlosvd_33, datatype: float64}
# - {name: losvd_34, datatype: float64}
# - {name: dlosvd_34, datatype: float64}
# - {name: losvd_35, datatype: float64}
# - {name: dlosvd_35, datatype: float64}
# - {name: losvd_36, datatype: float64}
# - {name: dlosvd_36, datatype: float64}
# - {name: losvd_37, datatype: float64}
# - {name: dlosvd_37, datatype: float64}
# - {name: losvd_38, datatype: float64}
# - {name: dlosvd_38, datatype: float64}
# - {name: losvd_39, datatype: float64}
# - {name: dlosvd_39, datatype: float64}
# - {name: losvd_40, datatype: float64}
# - {name: dlosvd_40, datatype: float64}
# - {name: is_good, datatype: int64}
# meta: !!omap
# - {dv: 80.0}
# - vcent: [-1600.0, -1520.0, -1440.0, -1360.0, -1280.0, -1200.0, -1120.0, -1040.0, -960.0, -880.0, -800.0, -720.0, -640.0, -560.0, -480.0,
#     -400.0, -320.0, -240.0, -160.0, -80.0, 0.0, 80.0, 160.0, 240.0, 320.0, 400.0, 480.0, 560.0, 640.0, 720.0, 800.0, 880.0, 960.0, 1040.0,
#     1120.0, 1200.0, 1280.0, 1360.0, 1440.0, 1520.0, 1600.0]
# - {nbins: 618}
# - {nvbins: 41}
# - PSF:
#     sigma: [0.36, 0.92]
#     weight: [0.76, 0.24]
# schema: astropy-2.0
binID_dynamite v sigma losvd_0 dlosvd_0 losvd_1 dlosvd_1 losvd_2 dlosvd_2 losvd_3 dlosvd_3 losvd_4 dlosvd_4 losvd_5 dlosvd_5 losvd_6 dlosvd_6 losvd_7 dlosvd_7 losvd_8 dlosvd_8 losvd_9 dlosvd_9 losvd_10 dlosvd_10 losvd_11 dlosvd_11 losvd_12 dlosvd_12 losvd_13 dlosvd_13 losvd_14 dlosvd_14 losvd_15 dlosvd_15 losvd_16 dlosvd_16 losvd_17 dlosvd_17 losvd_18 dlosvd_18 losvd_19 dlosvd_19 losvd_20 dlosvd_20 losvd_21 dlosvd_21 losvd_22 dlosvd_22 losvd_23 dlosvd_23 losvd_24 dlosvd_24 losvd_25 dlosvd_25 losvd_26 dlosvd_26 losvd_27 dlosvd_27 losvd_28 dlosvd_28 losvd_29 dlosvd_29 losvd_30 dlosvd_30 losvd_31 dlosvd_31 losvd_32 dlosvd_32 losvd_33 dlosvd_33 losvd_34 dlosvd_34 losvd_35 dlosvd_35 losvd_36 dlosvd_36 losvd_37 dlosvd_37 losvd_38 dlosvd_38 losvd_39 dlosvd_39 losvd_40 dlosvd_40 is_good
[from data line 486]
487 -28.0339 227.4366 0.0 0.001 0.0 0.001 0.0 0.001 0.0 0.001 0.0 0.001 0.0 0.001 0.0 0.001 0.0 0.001222238255052115 0.0 0.0030556745742636475 0.0 0.006441181345019605 0.0 0.010760408654781766 6.5983353930683e-05 0.014097446768153651 0.0022624856888843825 0.013265204776854937 0.008737364499227452 0.008468349474952584 0.02056416125426305 0.00954934881894195 0.040625575747186234 0.011933693791209352 0.06557630090898135 0.00865562561703576 0.09318764766278646 0.005918814947817673 0.11815418708258335 0.009261756207473076 0.1348470937540711 0.014707066415344971 0.13874309349205982 0.015469845366737928 0.1282095974997882 0.010980781608314498 0.10496997130101055 0.006538869991588266 0.07429984880823853 0.0070335870351211985 0.04401499533387469 0.011602327057454676 0.019952451328178175 0.010477107248258365 0.005789242284935975 0.007539199874528366 0.0 0.011483350449910947 0.0 0.014451066802818702 0.0 0.012313683638443408 0.0 0.007900486115430996 0.0 0.00405858771453864 0.0 0.0017216773382963224 0.0 0.001 0.0 0.001 0.0 0.001 0.0 0.001 0.0 0.001 0.0 0.001 0.0 0.001 0.0 0.001 1
488 63.7181 232.4582 5.687533950096404e-11 0.001 7.133501103007309e-10 0.001 6.593931442563919e-09 0.001 5.3639047362599075e-08 0.001 3.1726268909870203e-07 0.001 1.6661217267659468e-06 0.001 8.103708766516086e-06 0.001 3.7937826574786074e-05 0.001 0.00015773190993103366 0.001272555125707182 0.0005043879717043627 0.003102907335604278 0.001386199705467512 0.006299469834753414 0.0034275541420386185 0.009934264815945039 0.007652819964455592 0.012577943507092052 0.014118438750081608 0.011526662626461914 0.02266069433389722 0.007836777028279862 0.033242100918835546 0.009144180967519802 0.04495054738741765 0.011218827954004532 0.0589492228033006 0.0078051889996938635 0.07662009604448541 0.004891757302339553 0.09926941289940315 0.008025013413183874 0.12244896221487205 0.01280145017761608 0.13693207860740625 0.015066319523775684 0.13314837325899562 0.01120549865078823 0.11024943612010125 0.00640812833447376 0.07557033787429258 0.005405856791364239 0.041093412496162926 0.009877811978218635 0.01557139649206866 0.010488572785010659 0.001998710182120891 0.006734588015312374 0.0 0.009464098563521815 0.0 0.013396527173634903 0.0 0.012388655504002307 0.0 0.008652211455398427 0.0 0.004849827791394689 0.0 0.002223904358113907 0.0 0.001 0.0 0.001 0.0 0.001 0.0 0.001 0.0 0.001 0.0 0.001 0.0 0.001 1
489 -14.7849 218.263 0.0 0.001 0.0 0.001 0.0 0.001 0.0 0.001 0.0 0.001 4.841302483757154e-08 0.001 1.7067794010343523e-06 0.001 7.374912779327835e-06 0.001 2.096462353265783e-05 0.0017116968622893384 8.825870607721099e-05 0.004221345196071122 0.0002356815700347006 0.008445931802118369 0.0011165313951059434 0.012879386541201344 0.002798127136517133 0.01458316270239644 0.007023267046945763 0.011500184269339943 0.014988886061011291 0.009405116313768325 0.029620072614722846 0.012421165775208508 0.053390687851808886 0.01142014112719994 0.0844408305663146 0.007800910898488583 0.11637680130103441 0.009505668530768209 0.13964023418485333 0.014635531338149793 0.14474626071480684 0.016873949610356723 0.13032405626173374 0.012313459556344088 0.10258668224745995 0.008400344306878221 0.07209705113876891 0.008499872543637682 0.045304906562939895 0.011478489495278181 0.026474382006283634 0.011171354677131505 0.014684993231517573 0.009711685700298229 0.008151133851970725 0.013131503216440112 0.00380925275934059 0.014356416206318341 0.0013979317051799665 0.011012063770374583 0.00048089708735144356 0.006488465258058245 0.0001491031973437418 0.003068994548259015 3.36059438059363e-05 0.0011762384890016816 9.27026426917146e-06 0.001 8.51530020602693e-07 0.001 1.3240273270138328e-07 0.001 1.3799791022344837e-08 0.001 1.8691662027084885e-09 0.001 2.475390612360667e-10 0.001 1.4191642047507882e-11 0.001 6.226802157738964e-13 0.001 1
490 30.0551 236.6429 0.0 0.001 1.321771374656022e-10 0.001 3.6173372441099663e-10 0.001 2.252450248167592e-10 0.001 8.513886417443261e-08 0.001 4.1476281160849684e-08 0.001 0.0 0.001 0.0 0.001 0.0 0.0023415428892034343 0.0 0.0050082667578467185 2.2204395295656572e-05 0.008805908436371832 0.0005302102965091939 0.012459104741415672 0.002585819523197104 0.01324743130802039 0.0066332536873271 0.009484104346772637 0.013918990222734346 0.006502356654684327 0.027117602178590505 0.010364540782708261 0.04674232077773119 0.010332972479868776 0.07114515528507322 0.005311722261505239 0.09740259821043615 0.005232554350204734 0.12014089272281742 0.009649586536631984 0.13305537854028565 0.013922258733401666 0.13214473700906476 0.01338313450381954 0.11745502243653748 0.0088028019424891 0.09271902659202404 0.004496388524269403 0.06486862498161862 0.006540322550616307 0.039608253846566716 0.01036433024812176 0.020751063920351816 0.009137433132113841 0.009089527776922535 0.006439138605617444 0.002996701784838693 0.010278941829854522 0.000693374401494239 0.012875431532788025 0.00030720524033311204 0.011125699923007642 6.355729776842088e-05 0.007376821020185324 8.351538180839566e-06 0.004048870032174013 0.0 0.001824898087839495 0.0 0.001 0.0 0.001 0.0 0.001 0.0 0.001 0.0 0.001 0.0 0.001 0.0 0.001 1
491 59.0254 231.8543 8.32450823899746e-12 0.001 7.848742340727892e-11 0.001 1.1656042362573744e-09 0.001 1.2661086997882811e-08 0.001 8.282673707292329e-08 0.001 5.563386019097432e-07 0.001 3.320390684679898e-06 0.001 2.0172671355714523e-05 0.001 7.808490351469586e-05 0.0013473608510799252 0.0002955689597989651 0.0032070708278439087 0.0009123041522092979 0.006568661177295733 0.002491130689908002 0.01074787415249239 0.005651168811647676 0.013637126684978459 0.011684447321553475 0.012158717495268034 0.0202929229607969 0.007639077097656685 0.031020050094401966 0.009352761847096243 0.04448413840937395 0.01176530783341899 0.060449139004794074 0.007967981200481231 0.08033982221592291 0.004691033595274244 0.1039462470476745 0.008338371069224484 0.12618460669397766 0.012920026380675187 0.13768970721989093 0.014763668757122261 0.13176161282167298 0.011675912319879973 0.10759034725533607 0.005955566685520976 0.07398105382560755 0.0057916349465259795 0.041041200914510474 0.010396964933831285 0.016724094760157918 0.009990507700382322 0.003358205796367264 0.006790991628541666 0.0 0.01031428788754157 0.0 0.013287320103678408 0.0 0.011900668659532222 0.0 0.008282994892735393 0.0 0.004509406216889239 0.0 0.0020445746965606386 0.0 0.001 0.0 0.001 0.0 0.001 0.0 0.001 0.0 0.001 0.0 0.001 0.0 0.001 1
492 18.3826 223.7675 1.8542842435954353e-11 0.001 2.7812308227027043e-10 0.001 3.4630569017665994e-09 0.001 3.2994794817427226e-08 0.001 2.65650887424129e-07 0.001 1.7944937039436217e-06 0.001 9.609328641855919e-06 0.001 4.273138694815905e-05 0.001 0.00015968064827551556 0.0014240623073158494 0.0005418303888612329 0.0035008532555371235 0.0014974759877970929 0.007059201628584597 0.0036443873120111316 0.011576783772355362 0.007180868856353975 0.013906933878881915 0.01236443872788488 0.011531390758707152 0.019346004346031658 0.007646632114426329 0.028026326430190637 0.010727256438543605 0.041905579071790766 0.010925895956963722 0.06416958884455103 0.006283768561658864 0.09421121526681499 0.006787745025197758 0.1244974193461433 0.011194829144696772 0.1411150525589183 0.015416783658018726 0.13506769076549235 0.014177713630149961 0.10979475672401315 0.008480244336885587 0.07758187351855489 0.005442566725680671 0.05061434083975427 0.008541739463468482 0.03256284600254385 0.011067314966423112 0.022033716820926585 0.008252078343114266 0.014995496499330033 0.008597119866392805 0.00949792356669413 0.012686560390992549 0.0051748774796344784 0.012190869225637 0.0024979757189076937 0.008641173125553906 0.0010188924279929258 0.004822364833255859 0.0003310455265622857 0.002167552624455087 8.800256980338102e-05 0.001 2.168608800626154e-05 0.001 3.82830678775853e-06 0.001 6.518863711800813e-07 0.001 7.985519508640295e-08 0.001 9.027570149703854e-09 0.001 9.198787554874317e-10 0.001 5.565731224075669e-11 0.001 1
493 9.2734 215.4101 7.405972401968265e-14 0.001 2.53827173459974e-12 0.001 5.281758129524547e-11 0.001 7.209804029262919e-10 0.001 1.1346201578912778e-08 0.001 1.213106772699234e-07 0.001 1.0202492637023316e-06 0.001 6.413752228933186e-06 0.001 4.123996361670457e-05 0.001115906490879343 0.00020698404331625494 0.002867770390266568 0.0006963312482066001 0.006156053297194047 0.0021087551630960574 0.010539289354100426 0.005085461177596097 0.013875212518281997 0.010878244796555544 0.013574639277444133 0.019385244144863804 0.010991763043378969 0.03134741701808839 0.011833868735233363 0.048783631956391064 0.012244930958612205 0.07239980134695519 0.01047761353643582 0.10131314370436442 0.01086679728724324 0.12981225335878985 0.014074792809888152 0.14694064819421934 0.018534545591945076 0.1432650271123807 0.0158572842704202 0.11754160496543575 0.011809500170877042 0.08175553867657376 0.011452502545572722 0.04775351197491242 0.012748712313070617 0.02300185287459541 0.012702228346920419 0.010333801183462837 0.010906923489946204 0.004199613991297603 0.013449913178209722 0.0017565207927292144 0.01498209448877405 0.0008450202286834714 0.01194908104244551 0.0003549793086508489 0.0071025390945311535 0.000135696753941031 0.0033708225681242576 4.1405565204025436e-05 0.0013596860334107825 7.2280736428849125e-06 0.001 1.2816795072667068e-06 0.001 1.779889701303239e-07 0.001 1.4204143220680143e-08 0.001 1.0251496435599332e-09 0.001 4.8421958114771464e-11 0.001 1.4059392780554743e-12 0.001 5.07234867152332e-14 0.001 1
494 -27.1835 238.366 0.0 0.001 0.0 0.001 0.0 0.001 0.0 0.001 0.0 0.001 0.0 0.001 0.0 0.001 0.0 0.0019797053537258923 2.0069048997047444e-05 0.0043698421744789995 0.00022956254076062922 0.007867609866424877 0.0007494279500097342 0.011492428047059295 0.0024057053255409806 0.012943418399737224 0.00603833200537987 0.010482388020280845 0.013142031143491132 0.007231683161472815 0.02490079214466488 0.009726423048999544 0.0424317031580976 0.011038050418552145 0.06467016329201805 0.006776779330839464 0.08920766451820367 0.005311923348604128 0.11234429171570745 0.00889760204571012 0.12876757281965662 0.013555690026551825 0.13285910989837038 0.014534634872901665 0.12361381204802989 0.010794504180802453 0.10165466170008138 0.006310935850693963 0.0739824102221148 0.005799762407442982 0.04641512409337289 0.010094934714213393 0.024207066702321627 0.010785404896311154 0.009803429409156626 0.0072171251751360875 0.002557070264024849 0.009445344402440367 0.0 0.01284298114054766 0.0 0.012516030897742825 0.0 0.00916589914972293 0.0 0.005463347854468436 0.0 0.0026540817042268864 0.0 0.0010965143703154595 0.0 0.001 0.0 0.001 0.0 0.001 0.0 0.001 0.0 0.001 0.0 0.001 0.0 0.001 1
495 -40.6635 225.2017 0.0 0.001 0.0 0.001 0.0 0.001 6.193230118130204e-09 0.001 1.7881489389991677e-07 0.001 8.618915847255779e-07 0.001 3.253514703021119e-06 0.001 8.593009668475465e-06 0.0012238218616149022 4.483692182324268e-05 0.0030738924198072423 0.00012248930928243385 0.006388063975501361 0.00029270090274180634 0.01069581872320952 0.0007908407221446422 0.013868326662893693 0.003317556879851361 0.012619642220279444 0.00881508834173084 0.008190097340289713 0.019273461915456612 0.00963000146600864 0.038108366527431194 0.011561191063644267 0.06527792950528576 0.00792941034567217 0.09658903010962964 0.006273516822222297 0.12494264599100777 0.010301247962413211 0.14074748348419513 0.01518911407175956 0.1379030131312157 0.014856085929773694 0.11982455168959144 0.009878089518844599 0.09313938109564354 0.006095250374413573 0.06563881567635813 0.008056945010716077 0.041784877128237495 0.012315626823695724 0.024072286363794763 0.010006101080253797 0.012086294483322055 0.007852262358843225 0.005328900496216406 0.012761344808380457 0.0015327944510246051 0.014157522567945086 0.00035376144993520787 0.010828808377526972 0.0 0.006504932387640205 0.0 0.0030206941442081515 0.0 0.001215699036213469 0.0 0.001 0.0 0.001 0.0 0.001 0.0 0.001 0.0 0.001 0.0 0.001 0.0 0.001 0.0 0.001 1
496 8.5626 233.1373 3.957706769370378e-10 0.001 3.739536635208537e-09 0.001 3.14787194713394e-08 0.001 2.3033675866726995e-07 0.001 1.3718980207211462e-06 0.001 7.044742854287096e-06 0.001 3.2948430982650525e-05 0.001 0.00012682408171630675 0.001 0.0003751849742484356 0.0023530746718264063 0.0010661264526916144 0.004993292162659566 0.0025708579451957543 0.008533214453871937 0.005545218667777508 0.0118547175658027 0.009548672367296517 0.012329318203568857 0.015567078577488526 0.00879739842946049 0.02282122842669059 0.00782186285295622 0.033902219943363246 0.010413497980163893 0.049375300746193916 0.009209818719166218 0.07065420343134156 0.006056030025297102 0.09692161774999158 0.0073141168706679915 0.12159244955021876 0.011701055975210053 0.13539354613401625 0.015439501844203049 0.1310881794707442 0.012578459805126764 0.11042964660897797 0.008001108802035577 0.08016097897030805 0.005855230278496597 0.05113189840612432 0.008803794287019131 0.028947023075235157 0.010720599003414473 0.015348316351245228 0.008024926037874974 0.008410258264026268 0.008145984272921078 0.004613716652970176 0.012293358162904661 0.0023354701331863912 0.012740479005945908 0.001114959249156783 0.009656727279874329 0.0005897725073792702 0.005879874308465675 0.00022622052670024262 0.0029289269202097835 7.466888279801913e-05 0.0011930310500874453 2.0571436263684107e-05 0.001 4.965703038839622e-06 0.001 9.858595464368746e-07 0.001 1.7729449360667315e-07 0.001 2.6702268133861066e-08 0.001 3.503385941728236e-09 0.001 3.312775889122707e-10 0.001 1
497 13.9547 238.2972 1.166465626268773e-09 0.001 7.970596637787466e-09 0.001 5.7125027178205014e-08 0.001 3.434633239983512e-07 0.001 1.7524431143621388e-06 0.001 8.288004618566093e-06 0.001 3.4424022483308714e-05 0.001 0.00012098964794741036 0.0012002601514505854 0.0003297152529110548 0.0028467410501698915 0.0007811470806976189 0.005717369877204296 0.001728719834645049 0.009429387811714388 0.0034520740483648346 0.012595755470132704 0.006141721978056872 0.01222863001770832 0.010599771381956394 0.008818713003860699 0.018319908022097337 0.007892955379406942 0.03079043262847754 0.01092783182792763 0.04941285462415575 0.00953741270096417 0.0736528384128054 0.005777347798037985 0.09961334549249681 0.007120488401500161 0.12158204649165141 0.011124359056049034 0.13242135698752922 0.014589553795455595 0.1283441292924736 0.01309218436369515 0.11018911517264603 0.00866605838287069 0.08423794465656129 0.0054258766718037685 0.05745006877285945 0.008218715867134196 0.034868206366254165 0.011200368069689406 0.01878052405437929 0.009138617150357138 0.009815042503271396 0.007549517221010708 0.004405648640877806 0.011364730177169786 0.0016030489420088034 0.012982432167123095 0.0006696151474027941 0.01076388376542363 0.0003888344922935197 0.007053619465414759 0.000157648271370569 0.0037589123925090614 6.685599934895933e-05 0.0016813708657216157 2.3225162018226267e-05 0.001 6.354085904241698e-06 0.001 1.489405012262349e-06 0.001 3.584666710091246e-07 0.001 7.728939736375988e-08 0.001 1.5006567741796542e-08 0.001 2.193258805319786e-09 0.001 1
