data/processed/NGC4621-mock/hist_kins_o.ecsv
# %ECSV 1.0
# ---
# datatype:
# - {name: binID_dynamite, datatype: int64}
# - {name: v, datatype: float32}
# - {name: sigma, datatype: float32}
# - {name: losvd_0, datatype: float64}
# - {name: dlosvd_0, datatype: float64}
# - {name: losvd_1, datatype: float64}
# - {name: dlosvd_1, datatype: float64}
# - {name: losvd_2, datatype: float64}
# - {name: dlosvd_2, datatype: float64}
# - {name: losvd_3, datatype: float64}
# - {name: dlosvd_3, datatype: float64}
# - {name: losvd_4, datatype: float64}
# - {name: dlosvd_4, datatype: float64}
# - {name: losvd_5, datatype: float64}
# - {name: dlosvd_5, datatype: float64}
# - {name: losvd_6, datatype: float64}
# - {name: dlosvd_6, datatype: float64}
# - {name: losvd_7, datatype: float64}
# - {name: dlosvd_7, datatype: float64}
# - {name: losvd_8, datatype: float64}
# - {name: dlosvd_8, datatype: float64}
# - {name: losvd_9, datatype: float64}
# - {name: dlosvd_9, datatype: float64}
# - {name: losvd_10, datatype: float64}
# - {name: dlosvd_10, datatype: float64}
# - {name: losvd_11, datatype: float64}
# - {name: dlosvd_11, datatype: float64}
# - {name: losvd_12, datatype: float64}
# - {name: dlosvd_12, datatype: float64}
# - {name: losvd_13, datatype: float64}
# - {name: dlosvd_13, datatype: float64}
# - {name: losvd_14, datatype: float64}
# - {name: dlosvd_14, datatype: float64}
# - {name: losvd_15, datatype: float64}
# - {name: dlosvd_15, datatype: float64}
# - {name: losvd_16, datatype: float64}
# - {name: dlosvd_16, datatype: float64}
# - {name: losvd_17, datatype: float64}
# - {name: dlosvd_17, datatype: float64}
# - {name: losvd_18, datatype: float64}
# - {name: dlosvd_18, datatype: float64}
# - {name: losvd_19, datatype: float64}
# - {name: dlosvd_19, datatype: float64}
# - {name: losvd_20, datatype: float64}
# - {name: dlosvd_20, datatype: float64}
# - {name: losvd_21, datatype: float64}
# - {name: dlosvd_21, datatype: float64}
# - {name: losvd_22, datatype: float64}
# - {name: dlosvd_22, datatype: float64}
# - {name: losvd_23, datatype: float64}
# - {name: dlosvd_23, datatype: float64}
# - {name: losvd_24, datatype: float64}
# - {name: dlosvd_24, datatype: float64}
# - {name: losvd_25, datatype: float64}
# - {name: dlosvd_25, datatype: float64}
# - {name: losvd_26, datatype: float64}
# - {name: dlosvd_26, datatype: float64}
# - {name: losvd_27, datatype: float64}
# - {name: dlosvd_27, datatype: float64}
# - {name: losvd_28, datatype: float64}
# - {name: dlosvd_28, datatype: float64}
# - {name: losvd_29, datatype: float64}
# - {name: dlosvd_29, datatype: float64}
# - {name: losvd_30, datatype: float64}
# - {name: dlosvd_30, datatype: float64}
# - {name: losvd_31, datatype: float64}
# - {name: dlosvd_31, datatype: float64}
# - {name: losvd_32, datatype: float64}
# - {name: dlosvd_32, datatype: float64}
# - {name: losvd_33, datatype: float64}
# - {name: dlosvd_33, datatype: float64}
# - {name: losvd_34, datatype: float64}
# - {name: dlosvd_34, datatype: float64}
# - {name: losvd_35, datatype: float64}
# - {name: dlosvd_35, datatype: float64}
# - {name: losvd_36, datatype: float64}
# - {name: dlosvd_36, datatype: float64}
# - {name: losvd_37, datatype: float64}
# - {name: dlosvd_37, datatype: float64}
# - {name: losvd_38, datatype: float64}
# - {name: dlosvd_38, datatype: float64}
# - {name: losvd_39, datatype: float64}
# - {name: dlosvd_39, datatype: float64}
# - {name: losvd_40, datatype: float64}
# - {name: dlosvd_40, datatype: float64}
# - {name: is_good, datatype: int64}
# meta: !!omap
# - {dv: 80.0}
# - vcent: [-1600.0, -1520.0, -1440.0, -1360.0, -1280.0, -1200.0, -1120.0, -1040.0, -960.0, -880.0, -800.0, -720.0, -640.0, -560.0, -480.0,
#     -400.0, -320.0, -240.0, -160.0, -80.0, 0.0, 80.0, 160.0, 240.0, 320.0, 400.0, 480.0, 560.0, 640.0, 720.0, 800.0, 880.0, 960.0, 1040.0,
#     1120.0, 1200.0, 1280.0, 1360.0, 1440.0, 1520.0, 1600.0]
# - {nbins: 618}
# - {nvbins: 41}
# - PSF:
#     sigma: [0.36, 0.92]
#     weight: [0.76, 0.24]
# schema: astropy-2.0
binID_dynamite v sigma losvd_0 dlosvd_0 losvd_1 dlosvd_1 losvd_2 dlosvd_2 losvd_3 dlosvd_3 losvd_4 dlosvd_4 losvd_5 dlosvd_5 losvd_6 dlosvd_6 losvd_7 dlosvd_7 losvd_8 dlosvd_8 losvd_9 dlosvd_9 losvd_10 dlosvd_10 losvd_11 dlosvd_11 losvd_12 dlosvd_12 losvd_13 dlosvd_13 losvd_14 dlosvd_14 losvd_15 dlosvd_15 losvd_16 dlosvd_16 losvd_17 dlosvd_17 losvd_18 dlosvd_18 losvd_19 dlosvd_19 losvd_20 dlosvd_20 losvd_21 dlosvd_21 losvd_22 dlosvd_22 losvd_23 dlosvd_23 losvd_24 dlosvd_24 losvd_25 dlosvd_25 losvd_26 dlosvd_26 losvd_27 dlosvd_27 losvd_28 dlosvd_28 losvd_29 dlosvd_29 losvd_30 dlosvd_30 losvd_31 dlosvd_31 losvd_32 dlosvd_32 losvd_33 dlosvd_33 losvd_34 dlosvd_34 losvd_35 dlosvd_35 losvd_36 dlosvd_36 losvd_37 dlosvd_37 losvd_38 dlosvd_38 losvd_39 dlosvd_39 losvd_40 dlosvd_40 is_good
[from data line 498]
499 -13.6659 223.8156 0.0 0.001 0.0 0.001 0.0 0.001 0.0 0.001 0.0 0.001 0.0 0.001 0.0 0.001 0.0 0.001 0.0 0.002203569768468677 0.0 0.005009076646794104 0.0 0.009183842034069689 0.0 0.013122092099773067 0.001218572248789046 0.014078905777691136 0.005775836174489782 0.010228270059125962 0.016548342097433524 0.00852434563042927 0.035008509865941076 0.012190742952793933 0.060231411959229715 0.010289070010645253 0.08851168450903017 0.006287082181871233 0.11524148395647829 0.008761188678085896 0.13444804425904308 0.013628503976047715 0.14145013734146633 0.015643600836770202 0.13304707752385844 0.012451182789698013 0.11106453192943395 0.007508872771714796 0.07973632064475691 0.0071120102441173325 0.047613224737341385 0.011504479699477675 0.02229800549845308 0.011116986925411153 0.007121801770404265 0.007938451402372896 0.0006850154838509086 0.011922522932377992 0.0 0.01423743271888287 0.0 0.012041786750752534 0.0 0.0075979424946858755 0.0 0.003834833284089979 0.0 0.001581412590392265 0.0 0.001 0.0 0.001 0.0 0.001 0.0 0.001 0.0 0.001 0.0 0.001 0.0 0.001 0.0 0.001 1
500 -6.9433 205.7439 2.0907497070185206e-13 0.001 6.9571652886190575e-12 0.001 1.2817444160395758e-10 0.001 1.667750951103666e-09 0.001 1.4793327288542561e-08 0.001 1.5902862567015286e-07 0.001 1.4041017475626828e-06 0.001 8.5786974234619e-06 0.001 4.502562731293782e-05 0.001 0.00020302763529420932 0.0023264106055875863 0.0007274374071352601 0.005594751408291322 0.0019449132140098957 0.010404827278815542 0.004390589569221958 0.014399759216700354 0.008616087067706153 0.01341604994354139 0.01548568335624361 0.00899944162322609 0.026863195747338198 0.011227590904496466 0.046386262699585096 0.012191344749780644 0.07563438016404131 0.006992008890271628 0.11114464424902672 0.007953205991313134 0.14214539280565663 0.013931959349990058 0.15327481188166248 0.01772125766833084 0.1382262192105475 0.013033629730381469 0.10512688596127585 0.006939640437577589 0.0695144957547866 0.007614482091209872 0.04221639508349673 0.012144204045225418 0.02525988314133084 0.009905946789699626 0.015511551248752873 0.009352630936659098 0.009374205049209093 0.013756708373346527 0.00468348256685829 0.013536092891895422 0.0021587414346317586 0.00927606080499842 0.0007712637836048871 0.0047544656944401905 0.00021984549615896453 0.0019283144444481536 5.295635918682095e-05 0.001 1.0407050801263111e-05 0.001 1.7893378987453759e-06 0.001 2.377325687041145e-07 0.001 2.85990737176891e-08 0.001 2.1743026941307696e-09 0.001 1.577983741819182e-10 0.001 8.919875174789623e-12 0.001 3.4643627618144374e-13 0.001 1
501 -75.0902 234.1893 0.0 0.001 0.0 0.001 0.0 0.001 0.0 0.001 0.0 0.001 0.0 0.001 0.0 0.0011806628945933992 0.0 0.0029273233126420077 0.0 0.006025689907503176 0.0 0.010234688688487755 0.0 0.013947606420119572 0.0 0.01385379174241964 0.0 0.009113352176945299 0.006651212775253944 0.007527659354984248 0.02290239591777146 0.011299736410844906 0.04920643263959082 0.009906933669528589 0.08176422839236977 0.005915544142404874 0.11268387138169239 0.007375306288676539 0.1326426067782235 0.012633078088662889 0.13493973776708312 0.01604252709872403 0.12193864804801241 0.013254064811012031 0.10035858257124887 0.007858054793295571 0.07744900053593587 0.005591363781480549 0.05749189307992167 0.008911349932656652 0.040838490497006566 0.011722267911866731 0.02723489920917515 0.008849940355497334 0.016831628176102263 0.008209097933678172 0.009568406702151724 0.012209884985285222 0.004730216493748982 0.01315962652459228 0.0018965227224492073 0.010338006952579267 0.0006179382010141043 0.006351004450344539 0.0001898428021449954 0.003101053406412834 5.19253562456711e-05 0.0012957296765313568 9.537673652980455e-06 0.001 1.6119425192660613e-06 0.001 3.123714347111781e-07 0.001 4.9741937577780985e-08 0.001 6.893747710366925e-09 0.001 1.1985701816800807e-09 0.001 1.1778656146038612e-10 0.001 1.3208516430223621e-11 0.001 1
502 -46.0892 227.3661 7.877150120425282e-10 0.001 5.816250191865743e-09 0.001 4.8561337520482376e-08 0.001 3.2710898885258006e-07 0.001 1.613710760701372e-06 0.001 6.946225267055719e-06 0.001 2.3270123467782184e-05 0.001 6.731424677118465e-05 0.0014983960120302764 0.00017948502609755313 0.003599065481108844 0.000556609190383697 0.007069171238779044 0.0011139304322018795 0.011284017954659865 0.002330169392420882 0.013491286085247894 0.004815120040907047 0.011654427754642652 0.010801683489949409 0.006760075102693233 0.021452630865289774 0.00940289145441231 0.04017921219606028 0.011098333851613837 0.06633355734344105 0.006421514329565628 0.09668998520935866 0.004726160554875632 0.12365918508333779 0.0099714212913233 0.13813237510943127 0.014556413450735321 0.1357312515574418 0.013841723609837327 0.11748959932494946 0.008734023706112141 0.09005650106302898 0.004267387443409598 0.06224033634339712 0.00719712711294615 0.03920043017169152 0.011500527542541869 0.022889049977570186 0.009019610642707022 0.012959330940706129 0.007165557826963191 0.006710855162215909 0.012170172224657019 0.0035472739080288787 0.013649953742280348 0.0016510221568693333 0.01072758450364633 0.0007372257951699244 0.0064672777985937315 0.0003088557288804871 0.0031190830365354512 9.958994498346303e-05 0.001228143602300446 2.7629553609875142e-05 0.001 5.783735789982853e-06 0.001 1.4761657160682045e-06 0.001 2.6769818980105e-07 0.001 4.4436940950084825e-08 0.001 5.5677667525784865e-09 0.001 7.327234461584616e-10 0.001 7.489248251540956e-11 0.001 1
503 -58.3887 246.4088 0.0 0.001 0.0 0.001 0.0 0.001 0.0 0.001 0.0 0.001 0.0 0.001 0.0 0.0016933503704919797 0.0 0.003763434431080812 0.0 0.0070792560641418905 0.0 0.010992086850055772 0.0 0.01358411508508596 0.0 0.012812294375755082 0.0 0.008273993950536485 0.006281201155990968 0.007498566660307638 0.023300406760464097 0.01086897780919215 0.04915205127444054 0.009815264071311714 0.07903766553203212 0.005885655277247874 0.10626908937615961 0.00661547506162697 0.12397660431894827 0.010964894532588365 0.12807351333505967 0.01473084625350405 0.12038819547748739 0.012828162974377319 0.10426263813647678 0.008790438838563328 0.08458332972179937 0.0053684535070862086 0.06438008677528129 0.006579530453942339 0.04547400298284827 0.010631194502726492 0.029576410290586254 0.0100438939987006 0.017652332378324045 0.006874954025631784 0.009417821818093013 0.009650128774024092 0.004522066907255039 0.01264816962155823 0.0022634978248613326 0.011994804781006937 0.0008957492002704324 0.008847772830826207 0.0003480588025177378 0.005184155810766153 9.083711447155047e-05 0.002562830062868096 3.785673506187728e-05 0.0010895316550544856 1.2209462312162407e-05 0.001 3.258388187305647e-06 0.001 8.75476873707183e-07 0.001 2.0008613573736314e-07 0.001 3.395221335144147e-08 0.001 5.874046953324738e-09 0.001 8.418010140959536e-10 0.001 1
504 -3.1426 217.3066 7.106478469168904e-12 0.001 1.0312389812163155e-10 0.001 8.296854597515118e-10 0.001 1.0989686281288267e-08 0.001 8.920605761038525e-08 0.001 4.6991646481783265e-07 0.001 2.5775769937749665e-06 0.001 1.3458540266849933e-05 0.001 5.8274882162035076e-05 0.0014603388364107573 0.00020220521384991502 0.0037153920990725636 0.0006325021724279752 0.007645402513159719 0.0018647193595746072 0.012464095468003497 0.004459368930908574 0.014776589866372869 0.008951381345464582 0.012016201614199872 0.017186353846299587 0.008377815384601944 0.03145436405163548 0.011551027076854464 0.05281709849540029 0.01120048345700412 0.08014927079938165 0.0064270921412901486 0.10976278081067296 0.007719457216858426 0.1341040022688641 0.012933657960012064 0.14560755313874477 0.016264573268309684 0.1382725019319794 0.013192588686818815 0.11357084279638846 0.007682038337831654 0.08000396634899601 0.0066359538176343005 0.04700042492447127 0.0117771280524568 0.02263273408268831 0.011693658068944643 0.008643541165301673 0.008062141580419794 0.0026095060748583887 0.012280569721367068 0.0 0.014898954438117916 0.0 0.012145143424519094 0.0 0.007339605343039233 0.0 0.003520142380668246 0.0 0.0013711482444489754 0.0 0.001 0.0 0.001 0.0 0.001 0.0 0.001 0.0 0.001 1.816106015851868e-10 0.001 7.828241835945807e-12 0.001 1.1056594243443762e-12 0.001 1
505 -6.6865 209.4553 5.6456975394096407e-14 0.001 1.878641732195882e-12 0.001 4.78129442216539e-11 0.001 1.0362824173234103e-09 0.001 1.7495920057756974e-08 0.001 2.319251488265691e-07 0.001 2.3288473202721375e-06 0.001 1.8802262991997375e-05 0.001 0.00011428243792487109 0.001 0.0004924180147811196 0.002537510285611842 0.0018473460570539596 0.005494240566714528 0.005204389269858699 0.009527170302276958 0.011342376913245026 0.012783742552910829 0.019850484849566034 0.01214607892027726 0.02805066503989238 0.009406003150095849 0.03579381718234718 0.01085226543542665 0.0464230107161332 0.010608683622234317 0.06594069257044895 0.007505480904078252 0.09838894343140646 0.008681838298660913 0.134603686691406 0.014811535306016324 0.1513377855067448 0.019421621037370884 0.13778003353235185 0.013848062132052558 0.10090232107916719 0.007881531726523415 0.06322849485663982 0.008599731621675703 0.03679789684208485 0.01142097707228356 0.02318399291894004 0.010126920085582063 0.01649584557420635 0.009219624506888317 0.011383387481558548 0.01248763382276688 0.0066015451945342 0.012603578109877642 0.0028969048216981852 0.009002909771830058 0.0010106344139117313 0.005118058244912174 0.00024516450145039924 0.0022919996258060644 5.306900369822901e-05 0.001 8.331578139859554e-06 0.001 9.933191499848636e-07 0.001 9.701739471357096e-08 0.001 7.149504484390912e-09 0.001 3.983159316140458e-10 0.001 1.836604308732463e-11 0.001 6.491916117031544e-13 0.001 1.8101560106898778e-14 0.001 1
506 -17.6744 202.5726 0.0 0.001 0.0 0.001 7.965335351696969e-12 0.001 2.689318087101135e-10 0.001 5.1081983114221595e-09 0.001 7.504277538832086e-08 0.001 8.658683246035062e-07 0.001 7.243662228224178e-06 0.001 4.3455012576389145e-05 0.001 0.00018353846004066115 0.0021815887243512794 0.0006907880910966824 0.0053181251055267635 0.002163756914888657 0.010083472425478308 0.005669234607480519 0.014362075664058758 0.011076004391225018 0.014256188422205779 0.019189446609920474 0.010110304990268139 0.030935970225331268 0.011234628443086616 0.05015416638944363 0.01159328474421482 0.07854133617660138 0.008473413107454933 0.11520491092328121 0.009342718050295719 0.14691381748708804 0.01537305088076342 0.15608612966851917 0.017375165348293697 0.13760775282425247 0.01226584183393456 0.10108180447825063 0.008540839666017062 0.06470411426136627 0.00988957918770048 0.03740345096335514 0.013119599169920462 0.02082875400675153 0.009432979662545683 0.011839772603425064 0.011579332988687841 0.006034752588134034 0.01598458211874791 0.0024818200406177353 0.013877539150624733 0.000846695826304124 0.00840811239771717 0.00024354825403845006 0.003939837965559694 5.70701193277995e-05 0.0014401987101023317 8.288986902188551e-06 0.001 1.2929221124129602e-06 0.001 1.299459867732698e-07 0.001 6.954880657372446e-09 0.001 3.083779414370073e-10 0.001 0.0 0.001 0.0 0.001 0.0 0.001 0.0 0.001 1
507 -37.262 211.7248 0.0 0.001 0.0 0.001 0.0 0.001 0.0 0.001 0.0 0.001 0.0 0.001 0.0 0.001 0.0 0.001 0.0 0.0016363053780090095 0.0 0.004102910218182276 0.00018159854257104172 0.008330158615269452 0.0010797376440123535 0.013063893225355738 0.004043229449431395 0.014719588302679677 0.009221245756161452 0.011227692026086013 0.018852240321148895 0.009248885530068099 0.034789746769748844 0.012415488736818893 0.05938529778071011 0.010431737362060971 0.09150443711245755 0.007843896174244962 0.12534933033278808 0.010270177105342983 0.14751235570623664 0.015178197053040923 0.14787339297210256 0.016122000169624548 0.1256299965962741 0.010558333818354283 0.09283423058797172 0.00800606078222315 0.06151781985765615 0.009932935009193396 0.03777507065766808 0.012030321242104396 0.021734999669400283 0.009177676929715557 0.01197710488529926 0.010515287155454215 0.005768444251439683 0.014317198057940496 0.002227639365972178 0.012924993928917217 0.0006016753225590254 0.008227331241346683 0.00011861531471701027 0.004111559037673975 2.1791103673670054e-05 0.0016401507361618252 0.0 0.001 0.0 0.001 0.0 0.001 0.0 0.001 0.0 0.001 0.0 0.001 0.0 0.001 0.0 0.001 0.0 0.001 1
508 -40.0429 221.1146 7.286288618521381e-11 0.001 5.320984262978169e-10 0.001 4.252142311597238e-09 0.001 2.8415414258858122e-08 0.001 7.560887335961573e-08 0.001 0.0 0.001 0.0 0.001 0.0 0.001 0.0 0.0025491607696216754 0.0 0.00567290916268203 0.0 0.009926753084163267 0.00016126913563009279 0.013448802634808184 0.002552271550411554 0.013228485025770235 0.008491204161816935 0.008145968115457057 0.020292508828122106 0.009350407769103446 0.04020956468251696 0.0119698690751765 0.0674574356063053 0.008107190252117646 0.09724877806926419 0.005267982889583675 0.12448464309770414 0.009606897392930781 0.1410672288997713 0.014601885611999016 0.14213716176715555 0.014360500383635996 0.12688011858419182 0.009747701395210875 0.09918265271959076 0.005322495603481935 0.06717269013024796 0.008153522811094743 0.038206520528554715 0.01170900042933884 0.01754485793564436 0.008842176942883894 0.006064086603173201 0.008441111354442877 0.0008468988185076342 0.013190874122753481 0.0 0.013617972891157674 0.0 0.009969917005813305 0.0 0.005651170947807719 0.0 0.0026033842579414 0.0 0.001 0.0 0.001 0.0 0.001 0.0 0.001 0.0 0.001 0.0 0.001 0.0 0.001 0.0 0.001 0.0 0.001 1
