data/processed/NGC4621-mock/histograms_set_o.ecsv
# %ECSV 1.0
# ---
# datatype:
# - {name: binID, datatype: int64}
# - {name: losvd_0, datatype: float64}
# - {name: losvd_1, datatype: float64}
# - {name: losvd_2, datatype: float64}
# - {name: losvd_3, datatype: float64}
# - {name: losvd_4, datatype: float64}
# - {name: losvd_5, datatype: float64}
# - {name: losvd_6, datatype: float64}
# - {name: losvd_7, datatype: float64}
# - {name: losvd_8, datatype: float64}
# - {name: losvd_9, datatype: float64}
# - {name: losvd_10, datatype: float64}
# - {name: losvd_11, datatype: float64}
# - {name: losvd_12, datatype: float64}
# - {name: losvd_13, datatype: float64}
# - {name: losvd_14, datatype: float64}
# - {name: losvd_15, datatype: float64}
# - {name: losvd_16, datatype: float64}
# - {name: losvd_17, datatype: float64}
# - {name: losvd_18, datatype: float64}
# - {name: losvd_19, datatype: float64}
# - {name: losvd_20, datatype: float64}
# - {name: losvd_21, datatype: float64}
# - {name: losvd_22, datatype: float64}
# - {name: losvd_23, datatype: float64}
# - {name: losvd_24, datatype: float64}
# - {name: losvd_25, datatype: float64}
# - {name: losvd_26, datatype: float64}
# - {name: losvd_27, datatype: float64}
# - {name: losvd_28, datatype: float64}
# - {name: losvd_29, datatype: float64}
# - {name: losvd_30, datatype: float64}
# - {name: losvd_31, datatype: float64}
# - {name: losvd_32, datatype: float64}
# - {name: losvd_33, datatype: float64}
# - {name: losvd_34, datatype: float64}
# - {name: losvd_35, datatype: float64}
# - {name: losvd_36, datatype: float64}
# - {name: losvd_37, datatype: float64}
# - {name: losvd_38, datatype: float64}
# - {name: losvd_39, datatype: float64}
# - {name: losvd_40, datatype: float64}
# meta: !!omap
# - {dv: 80.0}
# - vcent: [-1600.0, -1520.0, -1440.0, -1360.0, -1280.0, -1200.0, -1120.0, -1040.0, -960.0, -880.0, -800.0, -720.0, -640.0, -560.0, -480.0,
#     -400.0, -320.0, -240.0, -160.0, -80.0, 0.0, 80.0, 160.0, 240.0, 320.0, 400.0, 480.0, 560.0, 640.0, 720.0, 800.0, 880.0, 960.0, 1040.0,
#     1120.0, 1200.0, 1280.0, 1360.0, 1440.0, 1520.0, 1600.0]
# - {nbins: 618}
# - {nvbins: 41}
# schema: astropy-2.0
binID losvd_0 losvd_1 losvd_2 losvd_3 losvd_4 losvd_5 losvd_6 losvd_7 losvd_8 losvd_9 losvd_10 losvd_11 losvd_12 losvd_13 losvd_14 losvd_15 losvd_16 losvd_17 losvd_18 losvd_19 losvd_20 losvd_21 losvd_22 losvd_23 losvd_24 losvd_25 losvd_26 losvd_27 losvd_28 losvd_29 losvd_30 losvd_31 losvd_32 losvd_33 losvd_34 losvd_35 losvd_36 losvd_37 losvd_38 losvd_39 losvd_40
[from data line 52]
53 0.0 0.0 0.0 0.0 0.0 0.0 0.0 2.3248163785766237e-06 2.7519926462029647e-05 0.00010593818364921692 0.00037569274251302395 0.0014387499171730758 0.004739215042625962 0.010083627453245132 0.01989750836430958 0.0353824324436876 0.054817353096690766 0.07778967497552225 0.1030342302557919 0.12369280677543354 0.13383077067412222 0.12398477834278379 0.10280067856971817 0.07760585431729271 0.054462604728726126 0.03482242705474085 0.02081914412990537 0.011492541696902194 0.005780298164429484 0.0022945832207241722 0.0005704100978595888 0.00010982591873844894 2.089802484687399e-05 2.9291130028812374e-06 0.0 0.0 0.0 0.0 0.0 0.0 0.0
54 0.0 0.0 0.0 0.0 0.0 0.0 0.0 4.555203829656914e-06 2.3802029949987687e-05 7.44888644955755e-05 0.00036158187006686375 0.0016137273330220176 0.005170306214005494 0.011518422299281912 0.022382616458653293 0.03822246094347353 0.05837297795447251 0.08152020900772253 0.10476516117746656 0.12174601981702707 0.1266338951224022 0.11853159534695636 0.10009463179386921 0.07792819199808529 0.05586006516076902 0.03492760939483483 0.020702009765924276 0.011446471096432905 0.005347211791508001 0.002105477594510823 0.0005068914128958524 0.00010866255934206244 1.7285016731407273e-05 2.4620474838037744e-06 0.0 0.0 0.0 0.0 0.0 0.0 0.0
55 0.0 0.0 0.0 0.0 0.0 0.0 0.0 6.6922896895356506e-06 4.867146085669662e-05 0.00020303478397889677 0.0007539915868456816 0.002456583750999364 0.005728846495216456 0.011352870130790968 0.020894496961305627 0.03573687454744349 0.05564337032010491 0.07898092002977612 0.10287079767734636 0.12187873573862369 0.12920762394626628 0.12190263400174119 0.1029648219905231 0.07908297979355892 0.05523661270341321 0.03509552927529955 0.020567076719630577 0.011032406441261133 0.0052857385734084 0.002090987687780186 0.0006896769934560602 0.0002027192524004572 4.5335685625772206e-05 6.03490576074213e-06 0.0 0.0 0.0 0.0 0.0 0.0 0.0
56 0.0 0.0 0.0 0.0 0.0 0.0 0.0 4.385906133379819e-06 3.816552930024332e-05 0.00019119958336180433 0.0006574203078783383 0.0019423616016227682 0.004853535194468813 0.010337734517063686 0.01989532012599121 0.03414945323935321 0.0543779380105043 0.07881352546083291 0.10414099093775438 0.12431429477570423 0.13220350225709326 0.12423080776606885 0.10385752273929032 0.07844812680583585 0.054336850858505786 0.034415132626092894 0.020035305356157284 0.010560560932784669 0.0051130814870194415 0.002145187155303938 0.0006979352431564503 0.0001777334609484333 3.28999482666177e-05 5.092361847854068e-06 0.0 0.0 0.0 0.0 0.0 0.0 0.0
57 0.0 0.0 0.0 0.0 0.0 0.0 0.0 1.1498818741351533e-05 7.195621437665971e-05 0.00025769882595000874 0.0009557796458635804 0.0030200187102109237 0.006710336523144994 0.01300222309640151 0.022905368770496398 0.038737353316213745 0.05923270442557085 0.08081437808796293 0.1021376592596151 0.11794660393230458 0.12349914848516534 0.11663689295924126 0.099193155997955 0.0771035702868554 0.05574468214532322 0.03684023784797531 0.022461393527046063 0.012770209916498089 0.006344123915986885 0.0024460210833329686 0.0007937372357895159 0.0002293930807314683 6.805013544583272e-05 1.1337150047987448e-05 0.0 0.0 0.0 0.0 0.0 0.0 0.0
58 0.0 0.0 0.0 0.0 0.0 0.0 0.0 1.3844928677841743e-05 8.273561394238405e-05 0.0002909358423522247 0.0010483829918660026 0.003143310766132028 0.006942297778352705 0.01361184690049316 0.023642055111591655 0.03999368076950426 0.061190060181944894 0.08193034606346619 0.10177271410847327 0.11584840682410569 0.11974399976085282 0.11412905036726596 0.09767735767197268 0.07637304997284033 0.055885285809753674 0.0380703309059149 0.023756462110074757 0.013791162482208697 0.006945094159337549 0.0027792361030598597 0.0009109102814792508 0.00026252286622432394 8.294287546283239e-05 1.3642261548336404e-05 0.0 0.0 0.0 0.0 0.0 0.0 0.0
59 0.0 0.0 0.0 0.0 0.0 0.0 0.0 7.212331477429282e-06 5.075245499623169e-05 0.00020851763099776036 0.0008138500250166571 0.002793082330396683 0.006248004684540222 0.012166459631098163 0.021757954032245484 0.037010127172859654 0.05690228205263125 0.07943924042683945 0.10270702586936174 0.12062338875998299 0.1280022264400236 0.11993945209735812 0.10136293595466159 0.0779918977033405 0.05528740109399141 0.03559000300672898 0.02105387173764923 0.011490283038994107 0.005550800456532477 0.0020390967225584478 0.0006655069671940567 0.00020328343012180342 4.987707327340377e-05 7.399099159007557e-06 0.0 0.0 0.0 0.0 0.0 0.0 0.0
60 0.0 0.0 0.0 0.0 0.0 0.0 0.0 1.4136566154261808e-05 8.6662143456173e-05 0.0003053507437132644 0.0010618938382676553 0.0031247405464726492 0.006940909519598251 0.01386663094556689 0.02391532302545223 0.04038556937472212 0.062184937952507555 0.08248376036480433 0.10170492147863204 0.11487519684022433 0.11779744967369955 0.11307305288293315 0.0971407176831897 0.07595317278491463 0.05596795608622576 0.038737717544602236 0.024478893853011902 0.01440240528663584 0.007161770549961807 0.002953619827532444 0.0009390886983104778 0.00027226085258618814 8.401394067037518e-05 1.3995203745422288e-05 0.0 0.0 0.0 0.0 0.0 0.0 0.0
61 0.0 0.0 0.0 0.0 0.0 0.0 0.0 2.741690325526235e-06 2.6590581844489545e-05 0.00013607739338122963 0.0004956234039727735 0.0014630919343766066 0.004104425993842405 0.009255355102796224 0.019201251881385654 0.034005169275522294 0.053933516370346046 0.07837284152486844 0.10448811744411594 0.12588583727910224 0.13609387154432068 0.12576488037637917 0.10321061928583912 0.07695692852743462 0.05362592768960272 0.03401911436002485 0.019667073708406157 0.010738838116571262 0.005535241988840179 0.0022861548499075552 0.0005752886314186208 0.00012028561990569572 1.884792927553077e-05 2.5568933156276887e-06 0.0 0.0 0.0 0.0 0.0 0.0 0.0
62 0.0 0.0 0.0 0.0 0.0 0.0 0.0 2.323535992313144e-06 2.190912146011274e-05 0.00012783290601760556 0.0004032421629400056 0.001317027624787005 0.0040622910809856765 0.009188188476626462 0.01919075763274798 0.03428552561747878 0.054132410903432446 0.07818298179478379 0.10458942407772145 0.1257880533439658 0.13634701985328632 0.12569997149282022 0.10292594602931765 0.07665851345406184 0.0534069446997541 0.03414089256345767 0.01991470030546675 0.01107883134564285 0.005633429230222513 0.0022402171558094136 0.0005323429333712413 9.521882967703607e-05 1.7553486922756455e-05 2.836260024425039e-06 0.0 0.0 0.0 0.0 0.0 0.0 0.0
63 0.0 0.0 0.0 0.0 0.0 0.0 0.0 2.6820969655405332e-06 1.9615894737596182e-05 0.0001560789274139024 0.0005697232528254323 0.0015967616643642972 0.004076897531840665 0.00935069376807638 0.019167310330355417 0.033584459303335965 0.05359078368699866 0.07875812130172916 0.10489304486443611 0.12626583766243815 0.13554711340724473 0.12597305537181594 0.10380403548269464 0.07756783430455462 0.05337682211636024 0.03373747905205327 0.019372427053713514 0.01040615803803516 0.005183392271122926 0.002180834046463661 0.0006221675280879547 0.00015899626721149933 1.9697318335569115e-05 3.099921798872626e-06 0.0 0.0 0.0 0.0 0.0 0.0 0.0
64 0.0 0.0 0.0 0.0 0.0 0.0 0.0 2.016105133824427e-06 1.8509413786117768e-05 8.899352197352267e-05 0.00032956678389119067 0.0013418597088888122 0.0047017040774658654 0.009878316416262167 0.01998123622063762 0.035731949274125575 0.05579124968563961 0.07906209468476572 0.10436181966318346 0.12485036147822659 0.13351865248684577 0.12349549193482011 0.10234487724039838 0.07711671826814803 0.053616462777953594 0.03414364957689642 0.02042035658313546 0.011067578249059485 0.005418953420225608 0.0020863865035394493 0.0004953871634013207 0.0001057307497192082 1.7052799816275078e-05 2.045896592302384e-06 0.0 0.0 0.0 0.0 0.0 0.0 0.0
65 0.0 0.0 0.0 0.0 0.0 0.0 0.0 3.6845814554767063e-06 3.1392102387177465e-05 0.00017185102175518952 0.0006733425980274367 0.002152068896360123 0.0050187547553330585 0.010384590639525324 0.019669235004875232 0.033998010914899825 0.05381732551494422 0.07830387659557467 0.10395316219543838 0.12509479019686537 0.1334167052436388 0.12517780512523868 0.10442462641442868 0.07880313714331005 0.05397449683648403 0.03390650009042371 0.019645492030160392 0.010041281794912541 0.004608215248150167 0.0018711466457705251 0.0006223624596855805 0.0001795993584234808 3.119876392227748e-05 4.160193795795378e-06 0.0 0.0 0.0 0.0 0.0 0.0 0.0
66 0.0 0.0 0.0 0.0 0.0 0.0 0.0 1.7866346588414865e-06 2.1627248643763156e-05 7.980912089116263e-05 0.00031749510271565987 0.001394916043561025 0.0048745063368057645 0.010581740846829274 0.021309085181422695 0.03727973260471763 0.05811072039999796 0.08137215902778833 0.10549062424154647 0.1241850879767323 0.12970108588680437 0.1206368223513893 0.10092682976598914 0.07708300009591387 0.05404512300084066 0.03384989497475201 0.020162847729377972 0.010944757361118284 0.00515570805296107 0.0018969863950174443 0.00046207452452368646 9.048179999471929e-05 1.318857735589798e-05 1.6591769884769993e-06 0.0 0.0 0.0 0.0 0.0 0.0 0.0
67 0.0 0.0 0.0 0.0 0.0 0.0 0.0 1.8965256398228386e-06 1.564973909906123e-05 0.00010759696219962619 0.00034697797169700676 0.0012344629405837656 0.004121923672359973 0.009251064168453171 0.01905744150745577 0.03470187340053579 0.05476539059724294 0.07842465604533659 0.10493486542856263 0.12624176671155538 0.13646820966807535 0.12533955266121796 0.10270374546980297 0.07644320736012347 0.05293650068275364 0.03393822029541202 0.02001959207154904 0.010848934514878616 0.005429498350263045 0.002109025618229027 0.00045257867796918223 7.653147558859631e-05 1.5299663087301904e-05 1.259678729011312e-06 0.0 0.0 0.0 0.0 0.0 0.0 0.0
68 0.0 0.0 0.0 0.0 0.0 0.0 0.0 3.2817473778045857e-06 2.1632234676686177e-05 0.00015954017411647125 0.0006527151381419232 0.0017600733727348781 0.004268521041261927 0.009431778720065604 0.01906128293966992 0.033346503226821 0.053333964580204944 0.07861379344648962 0.10490424962859154 0.1267627433647265 0.13538735331150029 0.1266817875302568 0.10441338403298785 0.07797180920934542 0.05324264110805749 0.033333418864269417 0.01911970345836991 0.009936472983633343 0.004732700052345913 0.0020017583758760423 0.0006668453431465223 0.00015306722022385137 2.0427714309561942e-05 2.978469659318456e-06 0.0 0.0 0.0 0.0 0.0 0.0 0.0
69 0.0 0.0 0.0 0.0 0.0 0.0 0.0 4.0440452995610414e-06 3.1241076019267996e-05 0.00017842256575255214 0.0007269788536759674 0.002486745447924318 0.005789495345133915 0.011259887077105004 0.02048323764470309 0.035268025339281625 0.054817186061177935 0.07813272468487796 0.10309690443500617 0.12340273276778506 0.13218508301046317 0.1234156651587704 0.10341283351052635 0.07868453361342825 0.05452141318859858 0.0344055592992876 0.019900231557409803 0.010385847225217902 0.004840190940760413 0.001761563315272131 0.0005819131376912021 0.00016675357056275195 3.2013450586721065e-05 4.1525858346167526e-06 0.0 0.0 0.0 0.0 0.0 0.0 0.0
70 0.0 0.0 0.0 0.0 0.0 0.0 0.0 1.8043001327162524e-06 2.2328078930104654e-05 7.134317410566365e-05 0.00028478635134820366 0.0011818875888425873 0.004408055637098674 0.009708401764001968 0.02020373139653085 0.03615287354593196 0.057561840498128534 0.08160180934026046 0.10659073284069165 0.12685493024190336 0.13276344424521078 0.12254063688497233 0.1013696542448503 0.07606038657128653 0.05228292344109452 0.032987273792678094 0.019647794235454524 0.010414266697603428 0.00497805509981706 0.0017703888525065921 0.00040272486943733596 0.00011464942784808867 1.3634619962802346e-05 1.7001526906974937e-06 0.0 0.0 0.0 0.0 0.0 0.0 0.0
71 0.0 0.0 0.0 0.0 0.0 0.0 0.0 2.1925878868051928e-06 1.3518776495981287e-05 9.020084928649882e-05 0.0002750179354111745 0.0011609501787905483 0.004016579696642839 0.009024631660487942 0.019131538995799117 0.03495395399810367 0.055886436775934495 0.07978503627844892 0.10628175678673331 0.1273696834194092 0.1359347544291819 0.12478336213996977 0.1022756673700056 0.07580147659017564 0.05217239881871993 0.03327816199766824 0.019878887231244615 0.010459586893054196 0.005075915901044527 0.0018635662272892992 0.00038253837048865606 7.94602813340871e-05 1.2077316202911853e-05 1.8671080806555444e-06 0.0 0.0 0.0 0.0 0.0 0.0 0.0
72 0.0 0.0 0.0 0.0 0.0 0.0 0.0 2.4142600533481925e-06 1.19410486327532e-05 0.0001334635783748878 0.00047624541022760436 0.0013940122916279256 0.0037580021340953883 0.008678199311538399 0.018910688776058344 0.03372641117503027 0.05349421043911737 0.07841056876560683 0.1051822331480993 0.12729109883280343 0.13772338879946477 0.12706472555186044 0.1036697705986708 0.07681642066411638 0.05304856830177793 0.03315490702663126 0.018800885116277054 0.010287933334501575 0.005196083082542022 0.0020890187175276864 0.0005531875134308442 0.00010078120638272529 1.2465404891713183e-05 1.9034314082991344e-06 0.0 0.0 0.0 0.0 0.0 0.0 0.0
73 0.0 0.0 0.0 0.0 0.0 0.0 0.0 3.210052613379163e-06 2.4259944046068592e-05 6.753513635478453e-05 0.0003318205877954144 0.0015495519098799764 0.0048594905939562845 0.011270379429702338 0.02264634899634768 0.03942372365361607 0.060562439244107 0.08494636075589215 0.10789773592958557 0.12277567197043761 0.12538874206879366 0.11654974443613009 0.09805836407592872 0.0762719685012921 0.05497880589713524 0.03443812529115812 0.019792958942708255 0.010767525099209094 0.004926963467606829 0.0018689261094165775 0.0004662022824112525 0.00010032972035768497 1.8970123510932516e-05 1.954872878634737e-06 0.0 0.0 0.0 0.0 0.0 0.0 0.0
74 0.0 0.0 0.0 0.0 0.0 0.0 0.0 1.790470270517198e-06 2.3403971800950322e-05 0.00013569468739756693 0.00039364149980077755 0.0012635520316962852 0.003622525950927867 0.008605476126119775 0.018776006390256474 0.03411670311920636 0.05401253962542998 0.07860920691984288 0.10561233141352738 0.1273255810919416 0.1382945552341612 0.12669159921193743 0.10309813270592794 0.07627370736603145 0.052725467349015016 0.03313818687981393 0.019058792256875273 0.010472786705552012 0.005226029280965731 0.00198837828600096 0.00043511409043404714 7.56646938548114e-05 1.1226296968369604e-05 1.9947082908845065e-06 0.0 0.0 0.0 0.0 0.0 0.0 0.0
75 0.0 0.0 0.0 0.0 0.0 0.0 0.0 2.0266582591764746e-06 1.2852394099813332e-05 7.429211941010069e-05 0.00028778970952026306 0.001382970248844177 0.004652360734921463 0.010703847077737631 0.022117008734491368 0.03913179756388807 0.060627822265398874 0.08524726783023474 0.10857902544857095 0.12411461159341727 0.12688181977406351 0.11753594879651898 0.0983565559669272 0.07582514736669896 0.05383462471302126 0.03374822061126474 0.019454120865552354 0.010386888941788108 0.004792586453334987 0.0017410465972879396 0.00038292347661715803 0.00010452521365182442 1.1388333915126152e-05 1.5385965568916987e-06 0.0 0.0 0.0 0.0 0.0 0.0 0.0
76 0.0 0.0 0.0 0.0 0.0 0.0 0.0 1.5678562980694325e-06 1.219185192426933e-05 0.00014883785597534263 0.0005991394577406709 0.0015726992679408521 0.0038375446694838724 0.008596407872675349 0.018754997173464825 0.03347612032132697 0.05314731066407695 0.07863134870135126 0.10508634371413025 0.12777278593178645 0.13734111732172544 0.12744349699980592 0.10430092900125343 0.07752903945663422 0.05284765389022126 0.03276315090350394 0.01853881895641829 0.009903571517124557 0.004940394565218526 0.0020450304482800626 0.0005718920389086644 0.00011110268373133805 1.3692316415065007e-05 1.9154234391256056e-06 0.0 0.0 0.0 0.0 0.0 0.0 0.0
