data/processed/NGC4621-mock/kinematics_set_o.ecsv
# %ECSV 1.0
# ---
# datatype:
# - {name: flux, datatype: float64}
# - {name: v, datatype: float64}
# - {name: sigma, datatype: float64}
# - {name: h3, datatype: float64}
# - {name: h4, datatype: float64}
# - {name: h5, datatype: float64}
# - {name: h6, datatype: float64}
# schema: astropy-2.0
flux v sigma h3 h4 h5 h6
[from data line 113]
9.662797221637562e-05 -7.530542118147422 226.50190073467027 0.007408681823040638 0.020191751392594708 0.003222311872997234 -0.010005254145863209
9.619059316205395e-05 -0.4772476999850508 229.7233905223114 0.001406157019183267 0.014979496326139466 0.002500244159423543 -0.008980053290187074
8.43197284428628e-05 -25.886285139820433 244.6497364250059 0.020286949340423358 -0.011252866912646757 -0.00125488886704931 0.002566279254064793
0.00014823588777246812 -27.936245627385407 239.75563407691877 0.020191227906597345 -0.009332508742166823 -0.0034944315245291273 0.0008104966190485366
9.053031143403083e-05 -25.842043033948944 247.54390622303237 0.020402798160893788 -0.015066303591132826 -0.00665991013794527 0.0029535462273786333
0.0001074886828784383 -16.268818561621575 229.32256937645002 0.012440802700609876 0.008081036363758195 0.0010424823139325366 -0.0073295045105218355
0.0001297295782372624 -22.64166739184792 234.9900344949362 0.014038060295447305 0.0010807175772462642 0.0008389287288006529 -0.005197909899267533
9.403787701842194e-05 -25.109756140661855 248.4800928508654 0.02117699085478361 -0.013881726903865244 -0.00833484989343401 0.002251106153837534
0.00010495846538109642 -11.386907261786215 247.74091753354273 0.006266804053540576 0.0006064521690666609 -0.00027248945427049915 -0.0048357028389761445
0.00011563135129862756 -3.9667655148622134 248.09656197252278 0.002688319968618543 0.0041334859497362585 0.004447837540972769 -0.003933054377501655
9.430523221595762e-05 -21.22748629989531 247.20891483731722 0.014842015941119566 -0.009011199385564888 -0.004675243166801177 0.0014057602511612088
0.00012402540967219828 1.4104624283460787 247.29890811575282 0.002795972735336476 0.009954306325087118 0.002715694619356706 -0.009732894571050777
0.0001261833395384978 -3.1004854357564655 226.55577804740022 0.005520520933116864 0.015666976260112733 0.0041091235969703925 -0.004513161715717345
0.00012524926202231614 -7.351770137816915 226.56110319050757 0.011698451805253345 0.012362099147716545 0.00016320047283520638 -0.009344177031901475
9.214661577384341e-05 -13.646615066747009 225.4954671021363 0.011518151331409227 0.01147045552681426 0.0045272416276252204 -0.007662920843161766
0.0001037799924548966 -19.439089331170873 227.72857069740448 0.012357527318363008 0.004870514596688123 0.0007160486841607829 -0.0059895876623593065
7.786814014001e-05 -30.76068219068014 243.96169439542427 0.022490382284650355 -0.018781271661567584 -0.004616505648097322 0.006564173943661223
0.00012460168244241753 -0.8204161770321883 225.98351627735488 0.007332127215699657 0.018115189410306536 0.00036109762731728135 -0.006113778914115915
9.168350860724938e-05 -0.05576755790783933 228.3651543345887 -0.0014873254422726597 0.016238879304339576 0.00039257466867459 -0.00903398502911855
0.0001193914276764886 -10.150963977578847 224.3150258583422 0.009977719787008024 0.011053572733038728 0.0022397571933482126 -0.009248889197576571
0.0001231330971420856 -27.82446608203103 234.35375142740187 0.017093568705992993 -0.0030154710002628315 2.5064214931711415e-06 -0.005723852585320934
8.239904244122348e-05 -31.622291856730442 246.5308210810236 0.02627057208566143 -0.02163852588511146 -0.0049058662097511896 0.006938864373703906
0.0001039521746954258 -0.19911919966402553 231.04850131214286 -0.0016320358675592287 0.015095530714827441 -0.0025656008734109654 -0.009367061868351968
0.00011026190844357723 -6.283069598799493 223.9015611080347 0.012509797841236472 0.013420544928174582 0.003327202507341859 -0.004492122974910726
0.00012111429555588679 -12.975349433294213 223.54326002905503 0.01023294638036083 0.0101168011096088 0.003968466555267092 -0.0070913456911421615
0.00011026785675650132 -3.846929624429446 223.89089768849084 0.011532071478797206 0.012608872972110685 -0.0015164595323182695 -0.006348852116713707
0.0001195532781542846 0.07228398190035035 225.80070782259625 0.0030903621197616547 0.015778609388218838 2.305929349490706e-05 -0.008353172717786501
7.786311552603695e-05 1.6291332370228928 236.7767407319365 -0.005860955326324943 0.015575294957197191 -0.0015072877690914359 -0.01251322486489814
0.00012624484532669863 0.8844550243674226 234.32548032608784 -0.0021758328720781475 0.014550104109353892 -0.0064985323123562585 -0.010874131328838825
9.098927527129459e-05 0.7864649213295969 239.19588680387514 -0.007659055813567649 0.01559188457603239 -0.0052821686607491865 -0.01285346520840197
0.00010846512995710295 -2.1967885463841874 224.39775593144935 0.009701914414747883 0.012287185035696247 -0.001404417163730408 -0.0062763659237579685
9.997260959441267e-05 -22.82613011706839 228.26503796909546 0.011735787371867585 0.0026914649321363856 0.0018228151740635708 -0.006038150883878498
0.00012722890819966804 -18.030021067116632 224.79756900557732 0.009618949039350197 0.0004494884146774491 0.0025137050769088506 -0.00536648347356817
9.866678194460838e-05 -0.5036454731509894 229.7593317789923 -0.001420077758992068 0.015626793603096607 -0.00383576615429406 -0.009377420432965224
0.00012468906356175773 0.2774986945233888 226.27995957010418 -0.004565163247703233 0.0162514307352105 -0.0010007281441647363 -0.008653685848758747
0.00010678182249914498 -0.1561326520244979 242.5769690303567 -0.003812146152526058 0.014824810502764687 -0.0012810153799837497 -0.01255319799902639
8.447757079852705e-05 -29.699680737896255 246.367674268172 0.02326520587907625 -0.019277256350314433 -0.007021225828992107 0.006193057723775205
0.00012405749155751055 -2.144967462211959 247.02133757960834 -0.0002815348473041197 0.01159633598824003 0.000563451215828163 -0.011113368666816125
0.00013492937858048193 -11.017203971813016 219.88699440002154 0.01417361284495301 0.013521568556819968 0.0006842024753787798 -0.008438896161544496
0.00011688778281741944 -32.66668409076587 234.39871523133885 0.019688689837979702 -0.007813208873154025 -0.0013173363996948414 -0.004606211755525838
0.00011403935122290785 -16.1906727437617 221.86784331387614 0.010084446398870718 0.008067219199244368 0.004128781556116328 -0.006599840363768954
0.00013928583272097982 -35.73556971240251 242.00857663461125 0.02572620021923929 -0.022192722524161972 -0.004836207334801084 0.010178683089152124
9.61662113824214e-05 -26.21780710065577 228.22025459301634 0.012830537441754346 -0.00037326934314277913 0.0014723198494522973 -0.006250300003900975
9.119767068968352e-05 -17.05936237529658 244.40847477483135 0.010638734889720067 -2.3998114331004634e-05 -0.00014294793109886764 -0.003330767324969401
0.00015186189289525512 -34.77255351215088 244.49110183769258 0.02622814831552266 -0.024059031910203355 -0.006595834575208231 0.012154798949575966
8.371369975022309e-05 -26.078513423628735 244.71865432734185 0.01797914933358423 -0.01368494878556357 -0.005013219374018616 0.0038313710376635546
9.838623197331918e-05 -8.615968193637904 242.2996783884109 0.007120412042068638 0.007598051249246762 0.0005130387223638375 -0.007516592019464365
0.00012543789583988987 -8.381397502625243 218.52148607625335 0.021782777262668234 0.012748480564073735 -0.006788154245336149 -0.006260226422429764
0.00012537812728684073 -5.7013541721083545 220.27001101666383 0.015917947221760473 0.008965221624559613 -0.003335927268639884 -0.005639724709526052
0.00010246584903093088 -0.3941345947820235 223.4337864977017 0.0010819950853505939 0.012918827729158318 3.103390626950321e-05 -0.00762686757516687
9.74729002353567e-05 -2.708167216346525 221.99446218773045 0.009788769089096067 0.01119559626376821 -0.0015665522703558234 -0.004857161452875548
0.00011919905438083936 -5.296053519633809 220.12180990569334 0.014284398396324569 0.008652983063792793 0.0005075049729256174 -0.0017784709537405534
0.00010080980663346216 -16.927228273390867 218.398459212979 0.019131972576037645 0.01409311415504629 -0.0012933167836389065 -0.009135515279148541
0.00011461755961257322 -15.69746843712376 216.12264082101228 0.026876981627783007 0.016963014372073152 -0.006541950116199321 -0.01233502419006877
0.00012095440628069634 -21.971040481416498 224.8408432284556 0.00940066370518659 0.003221641844767846 0.0033643127661014322 -0.005522547329085098
0.00011104271524181885 -37.73908390766939 234.6870629880353 0.024931853452082126 -0.012539511036886185 -0.005060790738227237 0.0004542864109017014
9.242894915354396e-05 -32.23538889970328 228.55142257472076 0.020606593557196788 -0.0016184728040716527 0.004598568921753926 -0.005576438735881431
0.00012977690451660844 -41.02466191153414 241.22869641605803 0.030768404877831914 -0.026381556944447174 -0.008446197623321869 0.010664854881110065
0.00010191473388010563 -0.06089734802742708 222.76701349022983 -0.004883829381115978 0.013821791163566891 0.0008224526152629398 -0.0073125284328678
0.00011154199983093103 -10.88307710377655 216.66730398768314 0.027110084323502683 0.015839830007430018 -0.005173108742693388 -0.0075061447350402224
0.00010579426049586418 2.437850251099826 231.7444906235534 -0.0017519198196672818 0.01337007926852797 -0.0035237900194490953 -0.010258509487451701
0.00011854273401751916 3.581585593708231 232.43657699519343 -0.004947247602905847 0.016646319884216124 -0.005099821888833636 -0.012739143019379473
0.00010813914990379247 2.1582155511206134 221.69781571783534 -0.009316328552634565 0.014072732325597977 -0.0031327225392549863 -0.006861834173093844
9.326767065027217e-05 0.80527018223382 229.42705426451013 -0.001458248054690706 0.013937058959651902 -0.0022560137112540065 -0.008509939854202786
0.00013374080044505944 5.193055746180371 233.05894075980677 -0.00829950412630082 0.018904435451081357 -0.0032012296048872773 -0.015630401308503416
0.00015172740697290204 5.189899382624687 234.72056717084368 -0.0072500027872058215 0.021353297886091444 -0.0034911021040257718 -0.015302935065709553
0.00011367754929025818 2.30172968610002 223.92185574057078 -0.008895542389172388 0.016059684793455896 -0.001460211263487437 -0.004604559385901098
0.00011649705759784696 -0.1588268911221863 222.04993815947554 0.00396995036648986 0.009488095622203957 0.00022175806899991306 -0.0055078802812499
0.00010940805598067004 -4.084791001908224 217.78974633332052 0.012767405629820879 0.006440883772348686 -0.0016202228495435856 -0.002490274213043849
0.00013150064215556716 -7.962806687174362 217.45315861550415 0.019365300599255973 0.005162771356437858 -0.003791457407420089 -0.0023400744177196928
0.00010385524093741431 -9.008733856253619 216.07834689257845 0.02368262808556751 0.011055972039981469 -0.006818185075647035 -0.005276721774256991
0.00014832832207482884 -18.443363512980678 215.95902255877957 0.017550211553648 0.016605895896955176 0.0030640135927616605 -0.01281263804356361
0.00010221054917460935 -18.927448906832975 220.01201121967907 0.010753718134686679 0.007493843212561086 0.005606094388693184 -0.007471476472972523
0.00012763252486663738 3.029937283257391 225.84798084431975 -0.006816005536956831 0.015442652642704276 -0.0006721807527964 -0.007844463635873631
9.183468815019232e-05 2.869000481416188 239.09616347112933 -0.007101636669738634 0.018311479273643 -0.004672078784645419 -0.013549264389244028
0.0001421942637994913 -23.093545800270032 224.97156995800992 0.009808770973634548 -0.000548605456028519 0.0035743559395222764 -0.006235872943061806
0.00011154210757195663 1.7617283590938486 221.19562569516864 -0.007337289178082114 0.009090934967676425 0.001404167814683961 -0.0054091138032958805
0.00011847224746574306 -8.337105916700825 215.68750335329003 0.01573409499805155 0.0021704224345491397 -0.0008459205455489342 -0.0008179153863853794
0.0001485211369252745 -17.034567810360564 212.89966787687254 0.028813615718236825 0.018083289717720493 -0.005481767141552212 -0.014450865453691526
0.00011994234789013269 -6.071148999460555 215.66936099223878 0.013502862556542978 0.0023085300548099153 -0.0010798629262282536 -0.0005414850179373733
0.00012151307067875208 3.9531515383575213 221.61689351932307 -0.011443595007157045 0.008074451865610469 0.0017044913154658078 -0.004147217646340755
0.00016934436253244803 -10.99425469105468 211.55574730870717 0.02072800400049667 0.007863012539409613 -0.0016496251523307904 -0.003378702887207354
0.00015479984278522578 -23.40378353716179 212.9046248806681 0.022253361230897366 0.01991053543328566 0.0009934400636967427 -0.015321652155678205
0.00017903312142328556 -22.81667623068442 216.7981136790187 0.016317064168567676 0.011489969302720044 0.002524239043402621 -0.01122076666931317
0.00011584801823399083 -12.083580940882511 213.25124504453376 0.02719771492663866 0.01415323379499907 -0.007205869770107058 -0.009681864063365549
0.00014538432589712193 -0.421866159907279 219.4048647143189 0.0014008952382907837 0.007980501583480522 -0.0005455332209984478 -0.0028812058050457488
0.0001310551954725344 -3.098498963709074 213.71731621383458 0.00850829853755844 0.007213875730691808 -0.0005200013854668601 -0.0011220560885002754
0.00012361302513530455 -25.729988537595577 219.57203390033615 0.012669451767592137 0.0035920935889502577 0.003181120996642866 -0.008588744159298731
0.0001278306281941481 -35.168950950358905 229.2587776266755 0.018007937785888124 -0.0070671181536050304 0.00213439378105196 -0.0018256895156923596
0.00011222140205408945 -29.659019793983283 226.1204695414648 0.013224743647371287 -0.0054653999568962984 0.005827668693162376 -0.006563906817784704
9.679098774425992e-05 -38.1371637829166 231.64789022603372 0.022668800875161852 -0.009181945127873369 -0.0005008683888990723 0.0008212698037168521
0.0001069036449390443 -46.124124802596626 235.7349006863148 0.03307208069251795 -0.02030585477783121 -0.006639414220894708 0.004334318737521093
0.00011437166659806397 -48.67611410664549 238.5727810295753 0.03864554956423875 -0.027272648997375526 -0.009237798563568326 0.007549770818908452
0.00013876404125134881 -39.462136533001434 242.91729881344546 0.030173290289811108 -0.027209977291073974 -0.007501367907852048 0.009964404024672672
0.00017724705514471706 -6.243389764827135 211.10548340297038 0.011345364973533958 0.006580674580662158 0.00010028959144134202 -0.002522555223887867
0.00013759974174009054 4.770252086559477 222.5615866932028 -0.013548358126753752 0.011513827884598872 0.0012103936915114294 -0.005769896733362617
0.00012178166644459072 6.400591702419136 224.8587445842785 -0.011359445323411894 0.016384175855998592 -0.006712450274501457 -0.007742965471567675
9.068946064222246e-05 5.518431702627835 220.08894022907384 -0.015248878983072032 0.007096704099202972 0.0016721384068802757 -0.002531533762353909
9.19789261194976e-05 6.823551883852801 227.88367419133965 -0.008324042174149688 0.013895484248584574 -0.0014479299650429571 -0.009460041363444218
0.00011704925460093849 2.3222007235116298 215.63088387447624 -0.007062137667560252 0.007233945326384793 -0.0003050385770913774 -0.0017574405508538398
0.00012737080625160622 5.777555115383227 218.03012615220908 -0.012274509742271853 0.0017863622741849327 0.002362723444451871 -0.0002568186102345529
0.0001008911632004324 9.291670306966065 227.24842514392935 -0.009128673851119441 0.020649124569937442 -0.0024737190697280993 -0.010074204745240392
0.00011119747524711465 9.210378858187031 230.66575483910526 -0.011201653748208513 0.012930342302297317 -0.004252918560449301 -0.010899564349545733
0.00010423845709644907 2.866934059731654 243.47798261186875 -0.001819436401557243 0.011020479431459337 -0.004612533723275521 -0.010353986377015735
0.00013985313102581176 -2.574019909391921 252.25754756273417 0.0024579882354840354 0.004590496837662464 -0.0027471429566406024 -0.004461822874205797
8.031146185140903e-05 7.6953568846119325 236.18071776058116 -0.009946543657708603 0.01635498375882392 -0.002026341399642218 -0.014402278989183958
0.0001004458947432789 -0.3307446285647129 213.00385446175778 0.0017039812768519676 0.010688167182559565 -0.0009604836279100601 -0.0046300323050236635
0.00018781741675645344 -4.745376455669022 263.1426782613582 0.003936688247593311 0.005632286944224515 -0.0034146396364728116 -0.004587539034781498
