data/processed/NGC4621-mock/kinematics_set_o.ecsv
# %ECSV 1.0
# ---
# datatype:
# - {name: flux, datatype: float64}
# - {name: v, datatype: float64}
# - {name: sigma, datatype: float64}
# - {name: h3, datatype: float64}
# - {name: h4, datatype: float64}
# - {name: h5, datatype: float64}
# - {name: h6, datatype: float64}
# schema: astropy-2.0
flux v sigma h3 h4 h5 h6
[from data line 441]
0.00010722686073857513 -51.159417616918525 236.57391756556876 0.039765153201623216 -0.024824184616022822 -0.00925845105430716 0.010635445305458551
0.0001201143376295357 -42.02167447234325 230.2224475277867 0.024164008924617064 -0.01385234816207387 0.0030529940837888386 0.0005155722557113484
9.347956688927159e-05 -20.880827126932473 226.43186706285442 0.010556182089338973 0.0028677731253220896 0.002197347145686047 -0.006063531412544009
8.571343906824439e-05 0.687869117048385 227.55126026019988 -0.005664576955941972 0.01493110206246109 -0.002561544233985462 -0.007663830965327554
8.434400185509204e-05 -1.3273071338888167 226.60803404081975 0.0057349508266317205 0.0144668300345728 0.004752192465368843 -0.007552722250327873
8.541998734216455e-05 -0.2225313507434958 226.82421529480948 0.0028200448252080255 0.015250327882622055 0.0017315466497264758 -0.008063833804206643
9.071769556214637e-05 37.77099564713548 230.51349709426728 -0.02085014514862933 -0.008994270870055348 -0.003722835381057051 -0.0029830322662124124
8.682176005663048e-05 -9.581395119310068 226.29773352409418 0.009733107504754372 0.010470766554380118 0.0065690309815476 -0.009408460146385921
0.0001352362928391259 64.13009067079902 231.2826779488639 -0.05704059464361605 -0.018822054170670864 0.017153499902305205 0.007536307204613709
8.417673697539537e-05 -6.454300493455283 226.41650170511892 0.010661858952864022 0.014119528666644681 0.001293049365500696 -0.0083966809593621
8.803963255950535e-05 -14.5570884270044 224.79344257389522 0.010975055517501144 0.010198177750889829 0.0008363122429240616 -0.006795669533092905
0.00010031937478403115 -41.465535085610306 233.05781394281712 0.026864248379288507 -0.01292260782632911 -0.0047709341540800605 -0.00016797555874623163
8.204364037626512e-05 0.16601955300737142 226.0404474456288 -0.0028456286442029187 0.015111384384212143 -0.00041915591859811396 -0.008286978983489287
8.77279726433835e-05 -17.84967575368291 225.8646557068391 0.009695398030785948 0.004092777704565069 0.006311646639161382 -0.005242031392455028
0.0001061702327192863 -34.97529612027573 227.83262832232361 0.018341826731770067 -0.009359235251912774 0.004284793099225983 -0.0016201593422778102
0.00012339660566103796 61.44142612217052 230.25665900627786 -0.04798727495044832 -0.019060896073472243 0.011285010161159428 0.00773990014794218
0.00013423826963644453 57.29797620320079 231.49273971043436 -0.045437184905845474 -0.019585087290232568 0.013513162616195295 0.00727657213382127
0.00012099245528113514 21.645543644738712 224.74693619748385 -0.008806881335489219 -0.0007940608554201983 -0.0032506536852651693 -0.0055245207095830405
0.00011404294285649728 4.276272952529514 223.7184133022688 -0.012211294270169062 0.01616508621087338 -0.001489219003171054 -0.005264973747124575
0.00012268558076495724 31.2559472111857 227.94081556218 -0.014553264620998652 -0.005828673606065375 -0.0038974033288298833 -0.004566577663936606
0.00011246836068201485 2.1465101020335564 223.2516893690628 -0.00841462345630204 0.015771342972056974 0.001731666289629413 -0.004845289677768096
0.00011277073076510226 -0.6965728744692427 225.1044334079767 0.0039636324707863855 0.014774388213151555 0.001972595163097398 -0.007723625990094767
0.0001210682897948357 -12.504304665077008 223.53218884959043 0.010412286646820939 0.010658466255418069 0.0029753255865783293 -0.007254828811691265
0.00011222776011146289 -5.815413053386177 224.0360025974238 0.013733132280607262 0.014667580642994414 0.0017410911435491124 -0.004556316612954033
9.044887444833518e-05 -30.369242448778873 228.23843223020714 0.017573468101746648 -0.006035915020543041 0.003077848726812449 -0.005656833382333609
9.84722221506191e-05 -59.14752851107611 233.97819564160332 0.05006920722871768 -0.023648565819183603 -0.01541005784768425 0.012246814427199874
9.888995729763672e-05 -55.118225652165734 234.235955036726 0.04559240940914257 -0.02140568820450231 -0.009160148363944307 0.005798010295521176
0.00012395091009258498 -51.91351955582278 230.98054851971568 0.036481186966918565 -0.01769858848073786 -0.00547668847749689 0.0013352426891351825
0.0001064921057333026 1.9722123260905637 221.5304183126236 -0.007296504282787944 0.013840206119798505 -0.00032476730791702077 -0.008512757975224262
0.00010870927615739767 -3.7295386397872976 224.27360166755363 0.01176980384828475 0.011763977761881657 0.0013105660857487484 -0.004770290481425742
0.00011308537745499077 17.099544329007085 222.3038527496655 -0.01024104491410858 0.005897395897568934 -0.0003783443586217513 -0.00522481426246407
0.00010242174066490866 0.25811806188815367 223.78519887224414 -0.002004463833919265 0.013330564606782981 -0.00025994333651926666 -0.007400776827432427
0.00010827162152455827 -8.113278079328694 222.24306531879662 0.012855511868165163 0.013198863713542727 -0.000822534512312363 -0.006581736415147757
9.235570322035467e-05 -42.011102214155706 231.67871235894034 0.02550922725449361 -0.012124458792920118 0.0001156856559285874 -0.0005219797592376865
0.00010742817433017557 15.836383519468592 219.65503062742664 -0.01831584638829391 0.01456187721753564 0.0006754720904361038 -0.008104136159099391
0.00010543292137437562 -2.7702481477845344 221.75415391567213 0.010380655734307239 0.012230517041347788 0.0012890354260280436 -0.005092326914249276
0.00012016153873021783 41.99780167363637 230.2813352087097 -0.02452534632721303 -0.013398408425588265 0.00046387728162103955 0.00041391229339332483
0.00010045906194014905 4.216987255199385 222.69758171181275 -0.01286508641494597 0.010325387846582585 0.0033107050912580113 -0.0009224552978243962
0.00020417693662072367 8.56553353486404 220.37311109274552 -0.017224122240383322 0.013422201514073981 0.003859565835008153 -0.004034068293113341
0.00017841028651448864 55.106388752532865 229.83038023345756 -0.041712833379411 -0.018792123302730782 0.008197014632843662 0.003147109464937131
0.00027894323414038376 41.04566354616278 225.49792653527493 -0.023997078152095067 -0.011079832113894919 -0.0015029972306048224 0.0010048181797154146
0.00012435411371689804 65.42356578732786 229.72442501041306 -0.0537737871373789 -0.01814670696439353 0.011318544898752017 0.005590588576943239
0.00010741571578267909 23.855037313605926 222.95314171519783 -0.010549948573112195 0.0009866711965579333 -0.004484569974759761 -0.005995649168635392
9.72855179332704e-05 -1.914425581049944 221.64556516438697 0.00748921677671211 0.011757553089543769 -0.00024148511911923476 -0.0041942112112383564
0.00015299645496107657 -20.596447869379084 223.50243441636096 0.009854646141261771 0.001361481798103061 0.0031184125481520763 -0.004951036271465444
0.00014933362857460792 -16.587161884879908 221.6210011297262 0.009725985735510628 0.007706318396839994 0.0022235531357137463 -0.0065413571891161605
0.00011675625682673252 50.06896894452316 230.33037171902612 -0.033503267999181796 -0.01728634378013068 0.0014575983953317314 0.004028226046345327
0.00010349476557018062 -11.030084196955096 220.36836606475086 0.013463239285058702 0.013439897397804625 0.0012595962649835203 -0.008410236358432906
0.00010968399138811341 31.857144217205107 226.60694748708727 -0.015270716876880358 -0.008373099325788164 -0.00764761994235158 -0.004018129589469037
0.00011902422151284015 58.49699897044931 230.18828877037313 -0.043636313330692574 -0.018590165501097152 0.011013032288698873 0.005466296296899583
0.00010329569721230696 21.72246959504934 220.41708950602802 -0.014525539621020031 0.003828069757713347 -0.004931694249680628 -0.005057209626690621
0.00012068641898606945 6.348897936164925 219.26782210630148 -0.017155260031913328 0.007997660176530664 0.0014775268540310835 -0.002634576226074401
0.00010489630443187539 -15.73568726450953 219.2236313750666 0.018622370971167125 0.014979063411024757 0.00491567809550014 -0.007436724804682049
0.00012171823585710752 -29.641433958610197 227.3737883245124 0.013112481624278976 -0.006253744377155444 0.00566196768389797 -0.005561383122931856
9.22688455889909e-05 3.6968890180762153 219.9618856364408 -0.012849118552085368 0.009190933844955961 2.9279648705168252e-05 -0.002670268275086773
0.00013061085487737367 18.199529560393017 217.35069080259663 -0.01587312322611321 0.015309436138934214 -0.003203572823557647 -0.010216436898600021
9.408114787100473e-05 14.067781331910322 217.70260660475765 -0.018779003733236873 0.014199141018725141 0.0028980324186702426 -0.008055453912002717
9.389635377104132e-05 -4.650368643654453 221.50995053837704 0.013747744447654586 0.008037928843662272 -0.0016181436062218972 -0.002346535209591001
9.597395477409907e-05 -7.842243828305028 218.7298101340616 0.0176321039681827 0.012510887278021056 -0.00029080359155782883 -0.008580386589624879
9.268964967312466e-05 -60.01808200589963 232.33114294610655 0.049295080982338035 -0.020679880607327394 -0.018034157837124795 0.007081297554019704
0.0001308595538643877 -50.7431352154929 231.759290136428 0.03495979210507314 -0.01724677654663286 -0.005529549878808049 0.001125880533882931
8.95478886126139e-05 -62.866358586343516 231.1737124591121 0.0545580343603346 -0.01912863717035648 -0.014345400620193871 0.006935717364149409
9.158878486186816e-05 -6.068907242543876 219.66979009084798 0.017233262529578026 0.007590658940440573 -0.00223210549363218 -0.0025665817291858303
8.820040718517509e-05 0.5041024031657175 222.61098590363318 -0.0017654807054146454 0.009677991740433328 0.00026289340370603257 -0.005279537666505922
0.00010964219094857205 -23.468942347065905 222.7972943156977 0.009331653343513767 0.0019163626238213184 0.0038803825073370243 -0.005666331695496015
0.00012196743399612072 -31.90823706534656 222.15085083847555 0.018412513140544776 0.000277166709106653 0.006679727820688144 -0.005644309546751429
0.00015760643451493737 -38.01757704297535 228.90566319302195 0.020606305801560327 -0.009633506645755194 0.0009256498922881732 -0.0019341480477933475
0.0001817538393066196 -27.95319249321325 214.39139623771834 0.019519733966960436 0.016094056853987043 0.004874762721360751 -0.016443252921827536
0.0001229405266129486 -61.697897880486224 230.15618407795597 0.04984972082714024 -0.018450463631012326 -0.01133155349630288 0.005557817954609648
0.00015886102278529578 -18.908644487335582 216.7620662172221 0.016132643571034055 0.0157406713054194 -0.0012962495238537466 -0.011844247957801863
9.539729775498168e-05 -39.21901056987814 225.98075356515668 0.021962320379681606 -0.01041946366215495 0.005934070935736376 0.0003026594892326813
0.00010424873211336393 -46.25760843246333 229.13034818002112 0.027983831252042755 -0.017567195771309264 -0.002955547316553561 0.004865457675692524
0.0001233718787291079 -62.28419359260195 229.36752846825337 0.049996132797991914 -0.015026289004388477 -0.010361784090009093 0.00652959867199987
0.00012608531147602638 -64.96798147058968 230.19028297624047 0.053793487404851834 -0.018508919018217346 -0.011573073536384546 0.005750912467556386
0.00015351085912335217 -21.62834539460614 217.76889386156492 0.012353256128842745 0.009995102506404424 0.0035739066848229735 -0.010613303015698341
0.00015268801825208992 -49.68255124989065 230.25574368776927 0.03210360097111359 -0.017980164736266065 -0.0008982998208384265 0.004232749654128434
8.64735360509343e-05 5.16659712787518 219.77410720098263 -0.013620617358084362 0.0052869748521735035 -0.00014609753902663017 -0.0013862718429667926
0.00011158917030405956 -2.0931061200980086 220.93188416539058 0.007417965373858083 0.009583162869694684 -0.00048652998694389757 -0.0037747997126975096
0.00011595644062692001 8.37492546516898 217.76628458860603 -0.0208760282692738 0.010844552087886476 0.00829320790045112 -0.006014806222496731
0.00011075858861139804 -6.446137592684359 218.68985818532678 0.01585349647654282 0.0034440898089578877 -0.0008207896657199472 -0.0005765757611308142
0.00017484952241414442 -13.471826650823193 216.53948557549353 0.021731749512385466 0.01563039034892934 -0.004180176287594707 -0.006891267506843763
0.0002619834230891085 -40.23689723006602 226.85468894422837 0.024181534643182796 -0.011827979174534417 0.000671884369090753 -0.0010790449144632156
0.00013815934003806666 -8.684274042786464 217.0325755683726 0.022357631486022295 0.00955766856050369 -0.006748675514581345 -0.009594468730391777
0.00010731854430281813 2.299340254997825 220.19264067806336 -0.007664097164336552 0.007127025284663602 0.000559518401575451 -0.0026229208129130497
0.00011131196011343767 11.86550603850905 216.4256217889458 -0.025004626140161003 0.01672964619861284 0.008737815958731578 -0.00951825414945077
0.00019205331083273924 -21.13198165832974 213.93285170803694 0.02533013960069401 0.019308435159689216 0.0010078542419255719 -0.013441243644744536
0.0002573790685515586 -28.41583160372047 222.148384738232 0.013340919297198009 -0.0023791504542323054 0.00427701275994479 -0.006141497691518815
0.00014309594951330854 -56.688370972013544 229.45346350534624 0.042167437838048875 -0.01978243468504289 -0.008023882017674256 0.006781767942152056
0.00016314898458503476 -34.05751968355266 219.03331154329322 0.019880003284833993 0.0019413709143952795 0.004907748456401862 -0.007543864239932128
0.00012766339172166246 -4.626034802940128 218.4404699825718 0.01106940403050131 0.004015868587103988 -0.0028229666397519794 -0.0005865832028345941
0.00011381933835298845 -66.32222481059694 229.2090071289475 0.05341201716760383 -0.019414419866321638 -0.01327177999358611 0.006889336658905084
0.00010685902986548032 7.149736812169571 218.30586928072208 -0.01675886170006026 0.0031731556216033703 0.0029520640031517123 -0.00023351157404774168
0.00010347521588860149 -8.576838586693302 216.86716595285898 0.020313084396919888 0.004202335502923972 -0.0023063689139687688 -0.0019481163286909498
7.600584016060335e-05 9.429505795759342 215.72193887781958 -0.025133460683604433 0.009209936143884285 0.0069234504645286545 -0.004936913180360936
0.000113681187266589 17.593428689137486 214.96543826421112 -0.022596123029788716 0.018189364190641613 0.0037597495387929137 -0.012906488492330897
9.316070767214445e-05 23.900705675606115 218.46690946667627 -0.01502429032341534 0.007893650672165475 -0.0007121340178639093 -0.008935197677622337
0.00019584960655455393 -13.455610673178565 213.77741252539803 0.02745976907236996 0.017536074861487488 -0.007173938048334931 -0.01015498335016854
8.924483691488452e-05 21.070989715801282 216.04046494188336 -0.01406780972558399 0.014435577532044445 -0.0018518903893525085 -0.012794273534900842
0.00010262125450978913 37.3296545173091 226.2564629574697 -0.020308392034883715 -0.010638595806851702 -0.0037540575968636387 0.0017044776760110321
0.0001252685994656421 28.516164264877492 221.2697050188484 -0.01429784789943582 0.0005865535517798135 -0.0017142729774558304 -0.00632296012700807
9.684672117818224e-05 -0.9889800204688123 219.91047581284892 0.0037200612183325905 0.006747301025398447 -0.0017934694771759695 -0.002216556163361862
0.00010781509882319229 22.145054183670506 213.67114104514062 -0.024632147456938803 0.019329225661090455 -0.0020123452866037954 -0.013752837726564469
9.763747480697392e-05 5.297891897009184 217.25478898813023 -0.011361256797149244 0.003940198417690501 0.0006101064543321289 0.0004539818518044859
9.661131853709605e-05 8.799378879475041 215.6559638021634 -0.019064972485240226 0.004636378934372193 0.003967114885809435 -0.0014976548939374024
0.0001455904507260445 64.37249442391666 229.20900994390908 -0.05047299869366174 -0.019802065677564016 0.011633357782992165 0.004151031208995328
0.00011386476795598355 66.53937605961691 228.88539113277662 -0.05312424959319434 -0.01812571376284802 0.013456833647310385 0.005379147857684533
9.435725464497952e-05 2.250160411471786 217.38096215287422 -0.006390877894341733 0.0070473731672263595 0.00020667428378610088 -0.0010086817830937628
0.00011773060371381872 -7.7136071886034525 215.73582439229796 0.014524874268270455 0.001389311663232382 -0.0010176498182212835 0.0008062209860994719
0.00015463185076081923 -10.842220388025195 212.82862740968216 0.021847152855441043 0.010003323468869719 -0.005018561453612226 -0.005413748722060821
