data/processed/NGC4621-mock/kinematics_set_o.ecsv
# %ECSV 1.0
# ---
# datatype:
# - {name: flux, datatype: float64}
# - {name: v, datatype: float64}
# - {name: sigma, datatype: float64}
# - {name: h3, datatype: float64}
# - {name: h4, datatype: float64}
# - {name: h5, datatype: float64}
# - {name: h6, datatype: float64}
# schema: astropy-2.0
flux v sigma h3 h4 h5 h6
[from data line 222]
0.00010708744932215854 7.6649385683752795 217.909092637891 -0.017957625883586122 0.003275338186529341 0.002954310154159965 -0.001076235487443689
0.00011560220127489127 4.014072390675748 247.9130137968711 -0.0003118420064654624 0.004340228122267496 -0.0021373032040077804 -0.004212037638759603
8.968716279049255e-05 6.947269027546223 240.3114859047332 -0.007664478846277821 0.008941491512368106 -0.004254830781138957 -0.008671457051878904
0.00023333542362860527 -7.371264229178946 268.05452351594505 0.008074350639453479 -0.0011756806474940095 0.0018561247055400199 -0.004778945176645864
0.00014993028535108415 -0.2425806924940408 256.282322350524 0.0024429997024472076 0.003017266607158374 -0.000971735088297556 -0.0020709295113696432
0.00013540010395634317 10.522291831478503 234.03606202804707 -0.00965196982896661 0.010283533263665656 0.00011603880031062566 -0.009048582316467867
0.00010832868776241642 8.24147737301146 222.30004319987782 -0.01304084366497036 0.013515042429554246 0.0012221419666228813 -0.006691018778601792
0.00012584978055289606 7.472217184348436 219.12953226481636 -0.018949782968847338 0.012535246072388895 0.0031279293854289195 -0.0034394130720326837
0.0001290699673583609 11.093631922053536 225.24685855348463 -0.01166476900080544 0.012057492597354683 -0.007515427150572834 -0.008165672919363974
0.00010982059260550304 8.42429794173092 217.43342136575816 -0.02240278043429911 0.010001230119206906 0.005711925448623709 -0.003823822197393406
0.0001860651216925297 -3.7298737245505458 262.44890923150547 0.003943374159914425 0.00017264105608998716 -0.002511320266737025 -0.004739472233680919
9.840872988128413e-05 8.214385638952868 241.65711407340032 -0.006409395641352274 0.0069646148369838365 -0.0011084545539969206 -0.006961286528064684
0.00014856222749167034 15.675999563363993 237.31492554100356 -0.016474586761945204 0.007742027512172958 -0.0026202365788350825 -0.0065324162175793375
0.00012360666837864893 5.120753820784785 251.60514203282654 -0.0012646221745498834 0.001960017913379874 -0.000801476271642094 -0.0010930739995518753
0.00024547912077929287 -6.49777147481215 269.0855011104208 0.00474900732986 -0.0030319042517270743 -8.12920029953678e-05 -0.0023590439580610622
0.00014541131985055085 3.6561487213080968 213.34051048103348 -0.009094239004155395 0.0072695770540453205 0.0009942239521365916 -0.0015550602708562383
0.00010968474974927434 7.732984399316168 213.97519135416826 -0.012861670082078714 0.002581894930705175 0.00013909583174409937 0.0002888477512139646
0.00010252199386497761 13.670126461541802 228.00563181147294 -0.012698354806699057 0.012002968829857102 -0.00568917181115374 -0.00891891968199651
0.00010348142081953931 12.632885103021264 218.9806466788169 -0.018699267984019954 0.016184992614545313 0.0005750573081242131 -0.007293412382030495
0.0001508482450566735 2.35725091328691 255.83496184265627 0.00011107982658412798 -0.0002734391482277173 -0.0002248442732150939 -8.018725171958082e-05
0.00011586338251886935 14.281405518939764 221.5444575577507 -0.016331268970224997 0.01386510606638374 -0.005773601348769793 -0.005720192472472922
0.00011620629331148871 9.066543386918804 214.99023126604214 -0.017827600869481847 0.004979547715482657 0.002698147298704145 -0.0018462927339559958
8.56096856883613e-05 13.167379498667986 241.74176158842027 -0.008807094164329461 0.0049709246977394615 -0.005637073278388557 -0.005654266458215447
0.00020604891414929778 -6.139995119170813 263.9141032494349 0.004946338541886064 -0.0002780854100378309 -0.0039081461794814795 -0.004825363873939082
0.00010494620503441173 11.101032482054263 247.74322047574523 -0.005731720730562266 -0.00039318277134652046 0.0008225605578697814 -0.004704521459607613
0.00012090521113522678 17.853815732316956 230.11131874929447 -0.012775559674917277 0.006519924781407035 -0.00035180256330608127 -0.0071608617512323065
9.482410692966914e-05 15.433988570563649 226.66073926326712 -0.01210139188165557 0.008337392400761081 -0.004504976134603589 -0.006279390929170708
0.00012584610114555055 9.292409149315864 253.55366333209344 -0.005861948916978341 -0.004895765375986449 0.0013615366115972746 -0.0033204727379966487
0.00017041660969135136 -1.8470614764771482 259.2853442552685 0.0015038697081127556 1.7638138254446462e-06 -0.00021666056262040602 -0.001546678764902385
0.00014144473855760294 11.707148056314333 216.804889517356 -0.025227409727328585 0.012321145667317174 0.00843874934984215 -0.00998839441263706
0.00015865906678642008 -0.7336614718803344 207.46072915866847 0.0041469986360580195 0.013138026950203944 -0.001107533439977137 -0.005053144864489786
0.0001561963381327593 20.200696929217735 241.0057758466065 -0.013315640996142648 -0.002377211390045084 0.0002838510128225628 -0.007079572923554962
9.118450706074731e-05 17.11113422455833 244.0742745765296 -0.011536076708166792 -0.006112418526214083 -0.0014413707332537476 -0.004266378808213395
0.00021562672176220736 -1.8689460718046949 264.44434689076024 0.0 0.0 0.0 0.0
0.00020312524117102924 0.2727792802260538 262.7422966156112 0.0 0.0 0.0 0.0
0.00021144811962323036 -3.794128624285836 263.8211047029513 0.0 0.0 0.0 0.0
0.0001425783137806109 3.865107313687412 254.57871422619314 -0.00036407199455520457 -0.0007060890284594761 0.0002562013981394244 -0.00019992828337794604
0.00012199431718228239 10.099200393706795 214.8986378647115 -0.02447572957061908 0.011614305975623771 0.006680874887130689 -0.005989033046532067
0.0001077830277738379 16.05004871736739 250.2988489945571 -0.01202837959815804 -0.004528580467487534 0.000533744624267655 0.0008389623962209987
0.0001936952957224074 -5.178324022228036 260.85107512646584 0.0009406831151505517 0.0009866049713312163 -0.0022831497967394625 -0.0009684772709767455
0.00017873262259364845 2.109613436156989 259.17932680426185 0.0 0.0 0.0 0.0
0.00010971966603350012 2.020332145324396 208.3695163364892 -0.00685156148109748 0.012127334581944265 0.0004363676100505667 -0.0071428548950173195
0.00010991353809197856 20.818112239809164 229.4943076393897 -0.012995139812582424 0.005323555445038882 0.0005080973831828443 -0.006832254555282654
0.0001276910858225699 16.177487503786786 224.81567388555663 -0.0095226045789302 0.00599363949231169 -0.0010093662503621054 -0.005132042320119751
0.00012443194812765805 15.255537647003527 217.4151855268895 -0.017837061138625626 0.01547436262070894 0.0014284686471506057 -0.009553143788472367
0.00016998303599724424 -5.4013016184930605 256.14312699031586 0.00439308077385238 0.00427762610045606 -0.0018170654287697496 -0.003990589728066152
0.00012182114407211237 11.307124986728336 252.97701667152276 -0.0067319445891130345 -0.0037365448574084702 0.0053349033516057135 -0.0033899878889610334
0.00013960527326457178 24.79984327980804 237.42442918022542 -0.015526732042018954 -0.0034961391895031043 0.001471468233841571 -0.0016611118646234152
0.00010745301031288537 16.774018971437847 220.0696971229297 -0.014800092320257311 0.012124863982024349 -0.004381387684032409 -0.006742844409239426
9.436363793861624e-05 21.531031754636093 247.09682836437352 -0.015855721583823465 -0.008746833395867046 0.0024044731857501625 -0.005950972094386742
0.0001849911546553657 8.005410363263197 209.66948294969933 -0.011237350853764544 0.006406879108169727 -0.00203112139288061 -0.0013835226909900684
0.0002191164896236966 11.72915813864147 209.96436087199322 -0.0202240895434802 0.011336245743909304 0.0007368432288761324 -0.005306517890554925
9.352452971133284e-05 22.187953879987496 226.65262538566375 -0.013049678006213405 0.0028873523963052323 0.001381303210388533 -0.005945047230074244
0.00014720540074590735 -1.103236934292637 254.83063666565678 0.002443451129667328 0.002258704460097552 -0.001855144383145427 -0.0018622333042525086
0.0002047906129355537 19.243317507421846 213.21633675409092 -0.028196667279666982 0.019151881088089528 0.0014154781130968326 -0.013553922224274284
0.00010617835297029245 18.456274017813662 250.54944760276402 -0.013043495367538566 -0.008150234841040433 0.002839033540197023 -0.001125630425570818
0.00012572709551644597 28.73427002829057 235.17960483029037 -0.018101523837821935 -0.0038761064405324064 0.0008837921322186821 0.0005667852302171034
0.0002030224297352284 14.37796654939218 212.18590197635396 -0.028473140088888908 0.017117433620588016 0.00676645195623354 -0.010045317954530982
0.0001275682881056358 19.154453569704593 217.5549862018381 -0.017495005296054553 0.01346269895025227 -0.0009051539838560423 -0.010332189448652678
0.00011888018141106781 18.571879449974116 223.58858132042954 -0.008534277258126822 0.0037294777219258647 -0.0017954861708287385 -0.005022733574279481
9.961090348260323e-05 24.99526254786814 228.6856411110859 -0.013016655409407203 0.0016895675437123652 -0.0020409082188050727 -0.006680952557291945
8.374521614050108e-05 26.07380047386426 244.69607767442932 -0.018493138775203467 -0.013387922542865565 0.00649410677931111 0.0022888731645360487
0.0001279466322357526 4.642692248708617 252.1416697135687 -0.0008992492853006618 0.0013921852843463605 -0.0019489729372368274 -0.000689122633069389
9.409550022900743e-05 24.113961740057817 248.16148489663735 -0.018054954886047237 -0.013329558057423413 0.006456739699369421 0.002062922945334938
0.00011255638056844613 11.94214472513173 250.4783407738136 -0.006520538169000127 -0.004555038474777623 0.0015808496380687838 -0.004018252815173478
0.00015106775405964302 2.3975989925857175 252.90599628359155 0.00012229553847145896 0.004779706885076334 -0.0010516421274629094 -0.0054051974364672205
0.00010594560221966765 29.93807240312311 230.82108913719355 -0.01665558500077137 -0.0060601612372448 0.0002286785259565594 -0.0053605583371516
0.00015156899487602532 33.365119950747314 244.09813137024202 -0.026602405591122445 -0.02141441443621908 0.005857213453996688 0.007752046563742802
0.0001485412201752748 -4.191776124455634 251.9891115202336 -0.001683965913423049 0.007445229193603861 -0.0013981433305427582 -0.007505062126405304
0.00015696496100047963 -2.2068258703693484 254.10299274732466 -0.0005012389007073019 0.003988469683040789 -0.0005981562490585145 -0.004663984525627243
0.00013614197671428863 -3.2100625950919524 250.08392493845082 0.001209016427688925 0.007916247169555425 -0.002261799471985221 -0.007936953426685324
0.00015773507153312048 -1.2832636253250351 255.1439314619596 -0.0014024592804613724 0.0015133099814434968 -0.000645349403723087 -0.0022524326450100154
0.00010036512095500494 19.164285860088164 248.72149327536883 -0.012963403110282603 -0.007824510582523264 0.005334538144837461 -0.001212990099033873
0.0001916786214428848 21.850737704078472 214.29844769907362 -0.018308722530126716 0.017480441875479313 -0.003210119419835679 -0.014149755061889783
8.444259971932803e-05 29.93893943204561 246.92296767897778 -0.02455900294208324 -0.020416278005720826 0.005994442277203472 0.0007568166090013034
0.00012305953997450087 2.5333665839371413 248.49144006908554 -0.003662552971122851 0.008933040870333708 -0.00163335056889336 -0.008707781587630116
0.00014992970260183458 0.02829557790105819 253.89042580928987 -0.0002539968259457474 0.0011571879996828205 -3.242333711209858e-05 -0.0018339851849108598
0.0001263570929099818 1.475428047247435 246.2878858604016 0.0008868380158944138 0.012537303548695486 0.002034544966472088 -0.011449620624682631
0.00011103721626843368 6.172777388707589 246.32681751305486 -0.005272117513762589 0.005270856867171842 -0.0018974769236659128 -0.004806891664677184
0.00010422737627222178 -2.6286976231921844 243.16432415551958 -0.0013143539545688735 0.013842080130104573 0.002202351084070785 -0.01224051353651602
9.050111526850398e-05 27.36149929392463 248.23409813018753 -0.02503887308106828 -0.01539897410229086 0.007424181997515618 0.0003546626034728823
0.00016514649226764428 25.115092748633145 226.4793635804739 -0.010608267653175258 -0.0005942824622654064 -0.0034873549590302925 -0.00580166028210696
0.00013740925234026984 36.641360831279904 241.6074476530663 -0.026476126977679173 -0.022500026357926414 0.00753992795498854 0.00780464576756397
0.00011217806300469454 34.947815764896404 234.00650283101024 -0.021118170897533917 -0.009448126560950546 0.002371340321073251 0.0007831201570297208
0.000135891796923087 -0.33686733680391 250.0723179698138 -0.0022756126776573623 0.004569366567787546 0.003504289522529296 -0.005188240833487302
0.0001006522410385725 12.438693872519295 246.7457933392904 -0.008149073568967286 -0.0007942708277416141 -0.0009447109988787855 -0.005158408231036193
0.00013938696484740024 20.580744132864837 221.25140000230152 -0.008862442538558968 0.0061156794203733305 -0.0027152702630513213 -0.0065289023393302874
0.00010675068794578253 0.21796962939374814 242.47160201705915 0.0004992973983605807 0.015067259679733692 0.003631799686232129 -0.013064511928850834
8.235130742508974e-05 32.1806614919145 246.6215125446634 -0.02751361924901451 -0.021844071104078495 0.006387395897521651 0.009478403241483378
0.00011954034068051055 0.5080334953003425 245.75060387792348 0.004063368432394604 0.009125123290166912 0.005456073690321458 -0.008213544550956693
9.178229568168696e-05 20.72696128050905 244.67582863277087 -0.01737420637735296 0.001649074360997138 -0.0016174002228917894 -0.0012257543766872184
0.00011520937247588741 0.3980835297378591 243.88745705199688 -0.0007952487660611886 0.014073672454269616 -0.0005307318647741091 -0.011826118929087626
0.00011875843762478571 -1.3335867134293147 244.4933570035266 -0.004677919484754126 0.012621914443051073 -0.0006131576351150279 -0.011457631349660222
0.00010914154463786412 -0.035477264560312624 243.42851678943586 -0.0055864868684008945 0.01328333595236024 -0.0010364383946761847 -0.012038245221849564
0.00011829996895001094 -0.02238656848882599 245.66998570616477 -0.00563089478882201 0.008555392354651007 -0.0012207593700291263 -0.007848836756746578
0.00010199568614315517 3.076995159700238 242.79869593505927 -0.006416740161295439 0.010424214258428292 -0.005929392084608055 -0.010194291846229145
8.562213327674623e-05 -14.209976766800425 240.87316858520123 0.01071641455680275 0.002419249362519022 0.001647974862127392 -0.006396945266232923
0.00011763962757290895 40.631321427846196 237.1872369661688 -0.029290088851453417 -0.01808902445944128 0.0041187560481895985 0.007356557989224947
8.964291636897658e-05 -9.130561613835747 239.71371835413456 0.00923814926938306 0.016274113971602458 -0.0005014970974440086 -0.01392959964922675
8.055234277340037e-05 -22.509574902310835 241.5070335092552 0.0155673589482122 -0.005046009216344623 -0.0014193295215009496 -0.0005946045552211868
0.00011356173859978186 -1.015742721832468 244.6232679431834 -0.001152713950838286 0.00835041474011071 -0.00048194332784459585 -0.006751971046364575
9.487085223254845e-05 6.240558416779742 241.9855870752331 -0.005972717517390137 0.0055449777602306575 -0.004140183652170597 -0.005795812590035674
0.00010416172025217063 -0.1126553227203236 241.45072584559514 0.004332356126469956 0.014400021788795942 0.0026985439142086487 -0.01149573756591238
8.428219478054745e-05 25.26198861662704 244.59437201681365 -0.01741906841075235 -0.011992292249518368 0.0028553882549064913 0.0007310219772022758
9.186631394080612e-05 -3.151240944324265 238.65406069851747 0.007743584521028499 0.01750349269461477 0.003170235494280161 -0.015167261579632047
0.00014757941332180428 36.057250593812405 243.9362569221234 -0.027273043921058844 -0.024856346734011926 0.006801323634737187 0.012139557093578402
0.00010568435974015795 -0.912462964813938 242.70153923417047 0.001997533210928369 0.00975630049749444 0.004320812970132501 -0.007770180382484635
8.81843588299831e-05 11.982555332346609 243.90119355250994 -0.008300269055478881 0.005682929925511227 -0.0004585254243727058 -0.00720569411742393
0.00010816532683912204 29.412459046302672 224.43640365873915 -0.01587146499400489 -0.0030380156375382824 -0.0021770095523661465 -0.0038744950468766986
