data/processed/NGC4621-mock/kinematics_set_o.ecsv
# %ECSV 1.0
# ---
# datatype:
# - {name: flux, datatype: float64}
# - {name: v, datatype: float64}
# - {name: sigma, datatype: float64}
# - {name: h3, datatype: float64}
# - {name: h4, datatype: float64}
# - {name: h5, datatype: float64}
# - {name: h6, datatype: float64}
# schema: astropy-2.0
flux v sigma h3 h4 h5 h6
[from data line 332]
0.00017427040006075167 25.45655544690381 216.78596413807966 -0.018798934285162557 0.012252727490630446 -0.0015010654901610287 -0.011661783607773297
0.00014946152627624726 30.87480021982569 242.44923003693543 -0.021766227536661367 -0.016466506232681418 4.3851272821991694e-05 0.0023196859317627548
8.20971547202625e-05 18.68475233200336 240.77105575000184 -0.01299432168252026 -0.0002159915162386604 -0.0008937377696688194 -0.004062878526660287
0.00012139412970792063 45.526065688016786 240.3035386374263 -0.037494735125966405 -0.027299832070213352 0.008684309070257672 0.01099029176934079
7.512810328099953e-05 -30.717560101375263 242.3646569113008 0.021038191655034334 -0.016694777218454873 -0.0023946165142521235 0.005891891363930476
9.102752949648084e-05 -1.1572918883633427 239.06339216477755 0.006164906397519681 0.015797503630037724 0.0033321331842157435 -0.012954809998270304
0.0001362043550352053 41.32837504643421 243.0798153490988 -0.03260416233895299 -0.02914487297332992 0.008972510199575583 0.014684222992687089
9.205707091003692e-05 1.1746365241693886 238.70159814125185 -0.0032556527944293374 0.017974955499270598 -0.00810306985440601 -0.013206124600984736
9.616215940268092e-05 -0.7806684407587642 240.44656725705786 -0.0002548658773087343 0.011910983224940212 -0.0004378400726462615 -0.008807200179564049
8.910937837937569e-05 1.6313621554755189 237.35083177163224 -0.006815616299211737 0.022041426116428592 -0.0025074542161226936 -0.015802374100300564
9.3520816232809e-05 0.9703112893895687 239.70702810611283 -0.007239825651086434 0.014381389112781655 0.00045072483866679183 -0.011315493826883582
8.526676813296832e-05 6.1384705958409835 237.24626959043331 -0.007046508589844394 0.016611384952110553 -0.005230664790836257 -0.014947177586240437
9.277152937956461e-05 -0.06649685847766351 238.95935718616775 -0.0027750455840261042 0.01471420516002864 0.00013380156864249444 -0.01033989229927586
7.662759614824207e-05 24.6862840085536 240.16328432494015 -0.016680886228695114 -0.006034843056314859 0.0048144091888560414 -0.0017365012605216944
8.10296233575418e-05 9.301799008900414 237.00944000350987 -0.011783602567938839 0.014060975016245795 -0.0011233372160355058 -0.012299260589319747
7.868951784244944e-05 -10.939770529962718 237.77371545017428 0.009770937673035846 0.01073732090399189 0.0008713580410605578 -0.00954517179550301
8.034408623896417e-05 -7.755321198175269 236.33139717248076 0.01112334036194721 0.016397810922053203 -0.0005217945189461056 -0.014423262010898216
0.00014563010499520456 -16.742774809177945 235.876678432642 0.011286506017739366 0.0033750166291246146 0.0010903273536168347 -0.006200367437406745
8.98437863160134e-05 1.0223757236264281 239.49040150878088 -0.0019643060773342027 0.011182211388687326 -0.0007597843435708189 -0.008418358263703168
8.664340209664082e-05 -1.3691947751207316 238.3748884938916 0.008446103302573841 0.014121954292172195 -0.000762878623038166 -0.011431512990793018
7.679142158249286e-05 12.603358702242023 236.79693178986082 -0.010770965086312138 0.008804560927650666 -0.0032657530643566517 -0.007570069399437919
8.022062237967792e-05 -4.1394731561279 235.88230321697444 0.00899166519926005 0.018130864505180817 0.003938906248047252 -0.016281359322805125
0.0001395509411824589 -24.813351948526886 237.32089843226095 0.015556930445771987 -0.0032690934599339874 -6.488351592861044e-05 -0.0014526041091514623
8.51095572964915e-05 -0.04782805254167655 238.92545233511532 3.1467339239451934e-05 0.01105196915833484 0.0009087854344725674 -0.00798347931487633
0.00012789741594483665 35.712933554424474 229.4811807128042 -0.01913730327489025 -0.008745942179238696 -0.0023831016790275892 -0.006587816800458661
0.00012231120543111984 48.857204499483245 241.8500810527612 -0.043545731615354424 -0.03415731548771279 0.011015964218901395 0.017104324655987706
0.00013661892811460608 17.328709566795773 234.9213894101262 -0.011869689234638258 0.006532142629386515 -0.001565715131019034 -0.006352594553859412
0.00010452188262658915 46.14199227950571 235.2933955489846 -0.032787493962649975 -0.02004017995027074 0.006614928007059498 0.0050855307992007815
7.78233636788715e-05 -1.627205058039341 236.64168564781676 0.004949913523168831 0.01564234086620351 0.0029853570945830477 -0.01230155098945428
0.0001199143904809795 -49.150871268168274 240.48839977705742 0.04014535380567238 -0.031144525942244063 -0.013640129305009255 0.013341995404813324
7.937799731569747e-05 -0.6105251399832446 237.44989187467243 0.0024414500183574505 0.012355859516747439 0.0037590485732648263 -0.00880564042935078
7.59194563258114e-05 2.254892374441203 236.21878062927163 -0.0021645553533580966 0.01657669784089448 -0.006873822003628036 -0.012742462242678346
7.438667029756062e-05 5.2149228583195075 234.84475444929592 -0.006983499517328751 0.017575372079697497 -0.007337102459556601 -0.0157481817278442
7.646070423464943e-05 1.4704647416292291 236.83707851590162 -0.004397056610621954 0.013827344336609015 -0.0040200179812661056 -0.011700523840705485
0.00013534690735749665 -10.635892748514625 233.36922926375294 0.010456382929622057 0.012019868472411373 0.006793439560619956 -0.010667191907317018
0.00013257339660328242 -33.553514919571256 238.7114373877463 0.02337068211310186 -0.013686459032133582 -0.001252502030801941 0.0015434138410103076
0.00014189836421015374 8.6507935804051 233.9147842904765 -0.012650060477441924 0.015067276316478733 -0.006231439502578295 -0.013367569521730328
7.585485787199325e-05 0.761024733827826 236.42022618954493 -0.0013281384187598688 0.01444400100973538 -0.0029594965182486066 -0.009876901969381555
0.00013510766500733756 -7.02196568049099 233.2552753723005 0.009266510734426723 0.017099530993116806 0.00581811682838468 -0.015274047578634247
0.0001334793908665024 26.244510217193834 237.7910143715465 -0.01697724816658131 -0.0019341614982460015 -0.00019928610806179867 -0.003568619739289357
0.00012998364561633775 39.72271310934242 240.4449102414983 -0.03130642829536924 -0.022288778527082765 0.006391681606990768 0.0019451306256514037
7.386995224149507e-05 1.3988631586001177 236.359190994334 0.0023699254197313948 0.013215731118392688 -0.00199351413254531 -0.009134127137406498
7.329196634475712e-05 -0.6956573715080193 236.445742183633 0.00324880842348771 0.013465307897885283 0.002711408983229519 -0.010007730767922262
0.0001223205634835601 -47.49728344241789 240.87643242856637 0.03874718281830634 -0.030776954423233766 -0.011116695909623506 0.011832666533614662
0.00013190535060373236 -2.9835853956063443 234.69395583265572 0.00639369045622184 0.014579587184602226 0.007270226218869612 -0.01216161968551989
0.00012562038098582078 12.689077693759462 232.59486176453865 -0.011467344184722101 0.010228135751172472 -0.006447391656709262 -0.008709294184383773
7.087697812151247e-05 -0.08496773181445322 236.2579147641706 0.001616030375199429 0.012796972906218736 0.0003629427606471324 -0.008619078891536089
0.00011978923515032525 49.23486752674607 240.32556184725823 -0.04081275965087177 -0.031047122092084094 0.011668060512328177 0.01418573803613805
0.00012136539637030031 -44.45377375329825 239.62168418005086 0.033211993891617365 -0.026590054884915122 -0.008290127380814864 0.01134008910973721
0.00012624588284682606 -1.0087055287534668 234.5559528910157 0.0017708906376852555 0.013718956825686069 0.001870102560701806 -0.010628106029375011
9.40815729063163e-05 -46.66078301445018 232.8045197602333 0.03128199413786894 -0.016537635334477458 -0.0013081635080686282 0.002360138980348195
0.0001227662596374376 -11.088015868972851 231.6745015451737 0.014777942224507155 0.01609469096556172 -0.0018971512705223742 -0.012496494187950194
0.00013030138551544605 -0.3999178278230806 235.0412625106521 0.0004939695486717462 0.0134692911342231 0.0025536712270992344 -0.009403586688633286
0.00012089194890893211 -17.753078899450436 231.60858885954093 0.012594253813891797 0.006769175556284019 0.0006910105871322444 -0.007252551984322024
0.00011980056243784896 2.5832826638881152 232.7273266171676 -0.003742049202073391 0.016534028436450948 -0.004552472076241077 -0.011800949526272565
0.00012016948084745869 0.7718379090448706 233.66616700404646 -0.002764812273311165 0.013712553384517179 -0.0036746504461095835 -0.010581121769752958
0.00011849237106178373 4.8245214525389235 231.51717429676788 -0.0060730039406546605 0.019372798779844515 -0.002534288173968184 -0.012673555955119485
0.0001192159602797785 -0.6449468979727233 233.2795295239915 -0.0004915912542425956 0.014732119838071362 -0.0030167456228665894 -0.009899339013423838
0.0001164518384711363 8.831494473214903 230.57987667024034 -0.01193214247009013 0.01663949022400306 -0.0076108907255746094 -0.01407917327299336
0.00011945078936611925 24.08919636720318 232.07089995886147 -0.014451336089304326 0.0018110291282152863 -0.0006576293385232596 -0.006126198103869979
0.00011689618593010261 32.485810545025885 234.41960228491078 -0.01902340585324494 -0.007564238785198523 0.0009056790045363387 -0.004772895229497115
9.622390433123746e-05 48.45711053740839 233.51736741993992 -0.03485093730785686 -0.01821184809205461 0.008678790481934782 0.004007048734590398
0.00011383716641617201 10.11870967747167 230.01337669965142 -0.012364462193463656 0.013878957451727583 -0.007923422696738692 -0.012217642071606565
0.00011681135953255819 -0.25301270734924564 233.57026265275155 -0.0001516096812082529 0.013623305754088074 -0.005330882086452444 -0.009036025463270071
0.00021182175313125317 27.565917851178927 220.40267209345512 -0.013827571617682922 0.003402631208406556 -0.0017319699998947105 -0.008469043954088392
0.00011796149123176182 -24.321705211665428 231.9442822276452 0.0144808815163343 0.002572897236030556 0.0005909353460840497 -0.0055232595842997145
0.00011770648131537575 -40.623236551171445 237.1832990244952 0.02868787677695094 -0.01804950013149581 -0.007740709284515106 0.004107443341611106
0.00011324167198150495 -0.015078971500540383 232.88185545905884 -0.001286877783444384 0.014008250180115447 0.0001485573285672831 -0.008872995410814748
0.00011431243847053973 48.638254195961686 238.62508456005344 -0.03803211941075389 -0.02714964354405559 0.008515641720167683 0.010972600124194782
0.00010760159594010186 55.329435688511126 237.20777538088853 -0.048035278815924135 -0.028193168841257735 0.01177875921696823 0.013805157617218587
0.00012425394154204166 42.65582809874456 230.4137637710756 -0.025702094656744303 -0.013114586789754764 0.002193767991237496 0.0008840132507859453
0.00011103879426068582 37.41352024364985 234.6700021892439 -0.02330213179926459 -0.012476596464583203 0.002823975460923176 0.003158989069698923
0.00015941376290263827 17.825155075220458 229.81268093444203 -0.01834237848954312 0.010890396993955463 4.868387023843957e-05 -0.008580034484285265
0.00014076312136320672 35.01444851851742 227.39638202915356 -0.01748664894774231 -0.007968746206530961 -0.004886653500046909 -0.0006508523299982223
0.00010889661996917167 0.48832789083441647 232.1315121055584 -0.0001048063437183188 0.01441787331610474 0.001173376061705957 -0.008999966412029084
0.00011125661393102785 -9.851803195592122 229.61588279752047 0.01303560386688328 0.015094237653904148 0.007647947388036045 -0.013059599917408144
0.0001071673932746479 22.025588395630383 229.79006695713113 -0.01325243713021748 0.005056754947969614 -0.0011726637740164508 -0.006915460697555399
0.00010773658901237284 -3.5506610174450226 229.25146832459146 0.0044082761065002115 0.02104220155515551 0.002606055276442948 -0.011587960228410547
0.00011210738210980406 -35.062201531075885 234.0284433165712 0.020621675938887054 -0.009097336694384369 -0.002441237494959756 -0.004337184785176792
0.00010394342445152759 0.12997323357051344 231.54040818722677 0.0006354188321889127 0.013939886032600698 0.0036618706875294715 -0.00859139924578922
0.00010390949030453281 -1.43695134088412 231.88439314035466 0.0017731309069112038 0.01291452491181029 0.0022571094229208045 -0.009281397205706957
0.00010690834571775217 46.3814145545742 235.73200401253763 -0.033249091968401194 -0.020295013799098448 0.007217168343146185 0.009442351095629686
9.981370287564762e-05 57.87756380060294 234.5114964819394 -0.04930025345108739 -0.024070799298757817 0.013600417457670357 0.006032611202089063
0.00013350222809036053 55.51513436618291 231.81128446963714 -0.043853210703723 -0.018944008501324203 0.007675573746229895 0.010801931807406191
9.869072046170144e-05 -0.14880581228383827 229.7433611526584 0.0006329487686850674 0.015621260573774838 0.002060566008009378 -0.00867722618205583
0.00010104561164465203 -9.68523941490709 227.5836494179676 0.010748398867438062 0.017740427518918914 0.006381386016893366 -0.012407698857795161
0.00010259302804494 -13.818944514874747 228.7273607153542 0.013562564286954952 0.010350569063067458 0.004003182393229412 -0.0071962926940349016
0.00010587883101232412 -30.277525169557148 230.90474791352975 0.017198473680713016 -0.004687775864581686 0.0008700383384714016 -0.005760460561444314
9.616567040896166e-05 26.067526102271106 228.17517265368218 -0.012405291205656732 1.7557345197370066e-05 -0.0008445793366062314 -0.005989109272354874
9.769300428752829e-05 2.249365172080265 230.15821857943305 -0.00026140172455170864 0.014293984644082314 -0.001774898612851967 -0.008737136478239567
9.657124374350404e-05 7.569797022620326 226.49715271294352 -0.006897930036797669 0.0197420340616418 -0.00268956461441713 -0.008354499858275922
0.00010055107720843304 57.93203893937867 234.65348909080004 -0.049253737913091025 -0.023823539581111098 0.013535220677487473 0.005972779254992714
0.00013984770887756024 20.134931645304338 225.37208126238068 -0.011962654971279013 0.0029241908630368123 -0.002336934941095176 -0.005914536604777887
0.00010205359540942135 -18.85926863308383 226.71268756037156 0.016330212767791327 0.005549610716390566 -0.0005554688665654773 -0.004955450473720804
9.618092260263728e-05 0.22745622881886743 229.78860762833799 -0.0013646985992899325 0.014037283126246303 -0.003001995856642058 -0.008637617793754111
9.870243508650794e-05 42.212256915062746 232.92582684822278 -0.026588655383930394 -0.013177921388957145 0.0026726929738564373 0.0021137538811568397
0.00017848524256619522 13.477046579238042 224.72413271310214 -0.015103941775197784 0.015035840519528589 -0.005345374031783525 -0.007392835771052949
0.00011461895229474015 47.41443968395435 229.91674359174309 -0.031113742189070107 -0.01627876331246851 0.0020116697951208474 0.0031001397522491987
9.236134967805591e-05 32.30721796566136 227.77347141649253 -0.02004754730831277 -0.0030489381036025902 -0.0032024901854745768 -0.004365563916153531
9.167157378327733e-05 -0.23248884759630561 227.20495727476876 0.0011556452321974447 0.017698313510126278 -0.0002659922071744852 -0.008777987263892575
0.00017190215131796392 15.226658512101992 224.95220085482006 -0.010433117641149642 0.008184226504515814 -0.0009033061599672907 -0.006097888358925453
9.963638263952536e-05 -25.56514699478603 228.62244072284162 0.014195971449634805 0.00606259837367265 0.0014731374273180872 -0.006068415218865195
9.193172871091715e-05 -7.019636482585286 226.1044871818399 0.009663184516854247 0.01743198553600353 0.0009339576209222494 -0.010607149981247312
9.510873670911212e-05 52.96693289985 232.67552845085717 -0.04495045870403136 -0.016943931577511385 0.004980687131567962 0.0012653131826839727
9.571149555536063e-05 -55.214181943503085 233.641282628046 0.04337296800855449 -0.021477255497465212 -0.013117346548943769 0.007158496478434119
0.00010551182650376812 -55.84524060742112 236.69117025157254 0.048161827173399736 -0.02746024130268748 -0.011004970083371948 0.009971934639388282
8.794715071700984e-05 -2.513962566664515 227.94936867463323 0.005024882787811017 0.013682120417885229 0.0009010578639536701 -0.0065802089881659715
8.69067275474857e-05 2.636835852640822 227.6692604580899 -0.005601534957695931 0.013049415809765891 -0.0009086169319384198 -0.00723592104341726
