data/processed/NGC4552/gauss_hermite_kins_s.ecsv
# %ECSV 1.0
# ---
# datatype:
# - {name: vbin_id, datatype: int64}
# - {name: v, datatype: float32}
# - {name: dv, datatype: float32}
# - {name: sigma, datatype: float32}
# - {name: dsigma, datatype: float32}
# - {name: h3, datatype: float32}
# - {name: dh3, datatype: float32}
# - {name: h4, datatype: float32}
# - {name: dh4, datatype: float32}
# - {name: h5, datatype: float32}
# - {name: dh5, datatype: float32}
# - {name: h6, datatype: float32}
# - {name: dh6, datatype: float32}
# - {name: is_good, datatype: int64}
# - {name: n_gh, datatype: int64}
# meta: !!omap
# - PSF:
#     sigma: [0.8849143589308862, 3.779182879769932]
#     weight: [0.919760652354997, 0.08023934764500296]
# schema: astropy-2.0
vbin_id v dv sigma dsigma h3 dh3 h4 dh4 h5 dh5 h6 dh6 is_good n_gh
[from data line 1024]
1025 -26.6809 5.6994 239.27084 8.4407 0.069 0.024377853 0.0409 0.025399074 0.0 0.1 0.0 0.1 1 6
1026 -7.1901 5.6533 231.1076 8.209 0.056 0.028092744 0.0694 0.03017665 0.0 0.1 0.0 0.1 1 6
1027 -16.1932 4.6954 245.9629 5.7318 0.0102 0.027251951 0.0287 0.02601881 0.0 0.1 0.0 0.1 1 6
1028 -39.0141 5.8381 258.88766 8.0979 0.0152 0.023353055 -0.0002 0.025468575 0.0 0.1 0.0 0.1 1 6
1029 -34.5877 5.4174 231.07088 8.0215 -0.0325 0.024368132 0.0588 0.025626788 0.0 0.1 0.0 0.1 1 6
1030 -8.124 7.5167 216.6004 8.8019 -0.0221 0.036816515 0.0024 0.035022844 0.0 0.1 0.0 0.1 1 6
1031 -8.929 5.8152 203.16776 9.9337 0.0015 0.0332583 0.0815 0.035965163 0.0 0.1 0.0 0.1 1 6
1032 -13.4884 5.095 217.72968 7.3081 0.022 0.037183885 0.0344 0.036213566 0.0 0.1 0.0 0.1 1 6
1033 -25.7143 7.8009 223.47012 7.8058 -0.0359 0.04650693 -0.0171 0.041584022 0.0 0.1 0.0 0.1 1 6
1034 -0.4547 19.5132 203.88194 32.6686 -0.0416 0.11052049 -0.0123 0.1074791 0.0 0.1 0.0 0.1 1 6
1035 -3.2739 6.9216 214.61264 9.4357 -0.0073 0.031985283 -0.0675 0.04636844 0.0 0.1 0.0 0.1 1 6
1036 15.3125 6.8107 214.14908 11.3663 -0.0496 0.03711345 -0.0472 0.053148653 0.0 0.1 0.0 0.1 1 6
1037 6.226 8.8733 236.20483 9.0238 -0.0362 0.04040331 0.0235 0.045398507 0.0 0.1 0.0 0.1 1 6
1038 4.9749 9.4584 242.86552 8.1052 -0.1453 0.04028583 -0.0495 0.03463688 0.0 0.1 0.0 0.1 1 6
1039 -19.8677 6.2417 239.70427 5.4779 0.0151 0.034542173 -0.0466 0.033041004 0.0 0.1 0.0 0.1 1 6
1040 -4.2433 5.023 250.54427 8.5917 0.0521 0.024326764 0.0353 0.03250619 0.0 0.1 0.0 0.1 1 6
1041 -25.1603 4.6906 247.42094 7.0188 -0.0042 0.016578374 0.0439 0.025437081 0.0 0.1 0.0 0.1 1 6
1042 -24.4102 5.351 246.26059 6.6462 -0.0311 0.020349968 0.0172 0.022695392 0.0 0.1 0.0 0.1 1 6
1043 -0.6727 5.6978 243.75665 7.7034 0.0253 0.028998194 -0.0118 0.024445817 0.0 0.1 0.0 0.1 1 6
1044 -10.7282 5.361 236.35477 4.3223 -0.0083 0.024467543 -0.0594 0.024853796 0.0 0.1 0.0 0.1 1 6
1045 -12.1535 6.6266 227.74521 5.64 0.023 0.026614776 0.0269 0.027754823 0.0 0.1 0.0 0.1 1 6
1046 -9.846 5.4709 245.77486 7.9071 0.0248 0.023723196 0.0412 0.022365374 0.0 0.1 0.0 0.1 1 6
1047 -13.8663 4.0668 234.13855 6.0978 -0.0111 0.023966417 0.0316 0.021151684 0.0 0.1 0.0 0.1 1 6
1048 -31.9685 3.6935 234.52252 4.8548 -0.0313 0.017227018 -0.0074 0.020628091 0.0 0.1 0.0 0.1 1 6
1049 -32.0326 3.7329 235.96303 3.6061 -0.0075 0.017860971 -0.0205 0.0154619925 0.0 0.1 0.0 0.1 1 6
1050 -19.186 4.2933 233.51495 3.9063 -0.0691 0.021290505 -0.0435 0.027217783 0.0 0.1 0.0 0.1 1 6
1051 -26.8086 5.1272 253.21861 5.7783 0.0339 0.023068946 0.0364 0.020725748 0.0 0.1 0.0 0.1 1 6
1052 -30.6595 4.6996 251.55699 6.3814 0.046 0.019441385 -0.0028 0.018316021 0.0 0.1 0.0 0.1 1 6
1053 -28.8632 4.3141 222.35335 5.1692 -0.001 0.022540614 -0.0469 0.020878656 0.0 0.1 0.0 0.1 1 6
1054 -9.041 4.2613 228.02911 5.3381 0.0337 0.022736315 -0.0026 0.021880286 0.0 0.1 0.0 0.1 1 6
1055 0.201 4.1368 242.42116 5.1578 0.0392 0.01940461 0.0288 0.025718635 0.0 0.1 0.0 0.1 1 6
1056 -12.5919 5.0311 234.15608 5.6287 0.0211 0.01924498 0.0158 0.023346055 0.0 0.1 0.0 0.1 1 6
1057 -17.4094 4.3359 222.74542 4.8608 -0.0368 0.025437014 -0.0078 0.019667268 0.0 0.1 0.0 0.1 1 6
1058 -32.6079 5.8343 255.3668 5.7861 0.0141 0.023768567 0.012 0.02158101 0.0 0.1 0.0 0.1 1 6
1059 -20.7351 4.7407 243.77356 9.7812 0.0296 0.023493556 0.068 0.029117815 0.0 0.1 0.0 0.1 1 6
1060 -17.5897 4.169 219.53546 5.6656 -0.0171 0.025303777 0.049 0.021751573 0.0 0.1 0.0 0.1 1 6
1061 -20.8015 5.011 218.04846 6.5973 0.0204 0.023171531 0.0402 0.028480338 0.0 0.1 0.0 0.1 1 6
1062 -18.6918 6.416 229.95125 8.3356 0.0734 0.028139949 0.0415 0.023042588 0.0 0.1 0.0 0.1 1 6
1063 -17.0119 7.4313 224.74525 8.983 0.0332 0.036059372 -0.0115 0.0331166 0.0 0.1 0.0 0.1 1 6
1064 -11.8629 6.7598 213.87607 9.2509 0.0322 0.027932987 0.0172 0.03639346 0.0 0.1 0.0 0.1 1 6
1065 3.9531 6.9928 225.68216 9.5171 -0.0591 0.027929876 0.029 0.033941265 0.0 0.1 0.0 0.1 1 6
1066 12.4564 8.5131 244.85736 10.2243 0.0422 0.034194134 0.0158 0.03900804 0.0 0.1 0.0 0.1 1 6
1067 2.2315 10.5062 220.62767 8.5884 0.016 0.058794398 0.051 0.047148827 0.0 0.1 0.0 0.1 1 6
1068 -5.4627 6.4427 232.96841 8.1857 -0.0067 0.031605013 0.0433 0.030093532 0.0 0.1 0.0 0.1 1 6
1069 -19.3962 6.5737 213.33783 6.5203 0.0792 0.03721455 0.0052 0.04354267 0.0 0.1 0.0 0.1 1 6
1070 -21.0539 5.7831 246.99979 6.4762 0.0859 0.022857688 0.0697 0.028003734 0.0 0.1 0.0 0.1 1 6
1071 -21.3935 4.9749 251.48108 7.2242 0.0035 0.02187038 0.0438 0.02604319 0.0 0.1 0.0 0.1 1 6
1072 -22.5269 6.4963 239.35127 5.3232 0.0169 0.028738443 -0.0233 0.031825032 0.0 0.1 0.0 0.1 1 6
1073 -16.9049 4.2388 234.29259 5.3542 0.0129 0.024806513 -0.0344 0.021477658 0.0 0.1 0.0 0.1 1 6
1074 -8.7159 4.0002 242.81248 5.7192 -0.0252 0.019414475 -0.0027 0.023687819 0.0 0.1 0.0 0.1 1 6
1075 -2.2175 4.1737 222.64998 7.4019 -0.0182 0.021145886 0.064 0.027103828 0.0 0.1 0.0 0.1 1 6
1076 -21.7484 5.6248 244.18106 7.057 -0.0063 0.028667297 0.0242 0.035595205 0.0 0.1 0.0 0.1 1 6
1077 -18.1814 2.8222 236.26541 4.8934 -0.0437 0.022526568 0.0515 0.022151008 0.0 0.1 0.0 0.1 1 6
1078 -24.0898 3.7164 229.32051 5.9388 -0.0852 0.019395374 0.0333 0.023541413 0.0 0.1 0.0 0.1 1 6
1079 -21.053 3.8531 221.6007 3.0414 -0.0636 0.02004602 -0.0152 0.015781788 0.0 0.1 0.0 0.1 1 6
1080 -17.9209 4.0936 228.17003 4.7087 -0.0585 0.01899279 -0.0297 0.020005478 0.0 0.1 0.0 0.1 1 6
1081 -10.6793 4.0539 244.43726 5.0448 0.0329 0.019359568 0.0141 0.018030183 0.0 0.1 0.0 0.1 1 6
1082 -31.3797 5.4099 244.93549 5.0836 0.0089 0.020709207 -0.0142 0.02622907 0.0 0.1 0.0 0.1 1 6
1083 -20.0342 3.9674 251.31308 5.2603 -0.024 0.01684759 -0.0491 0.02103 0.0 0.1 0.0 0.1 1 6
1084 -17.3166 4.4016 219.3453 5.6931 -0.0164 0.020003373 0.0089 0.0283738 0.0 0.1 0.0 0.1 1 6
1085 -8.8168 4.9869 235.4144 6.0674 0.0035 0.01798362 0.0255 0.02398909 0.0 0.1 0.0 0.1 1 6
1086 -13.4469 4.4532 236.8341 7.6091 0.011 0.02579484 0.0091 0.026887607 0.0 0.1 0.0 0.1 1 6
1087 -23.3704 4.2467 212.07784 6.7833 0.0273 0.029136948 -0.0243 0.030694745 0.0 0.1 0.0 0.1 1 6
1088 -23.614 4.9044 231.57938 6.3291 -0.0035 0.025884515 0.0179 0.035036452 0.0 0.1 0.0 0.1 1 6
1089 -30.8736 7.0673 256.50827 7.5258 0.0398 0.02374573 -0.0119 0.022900555 0.0 0.1 0.0 0.1 1 6
1090 -16.6073 4.5332 223.50172 11.2243 0.0302 0.02833746 0.0461 0.036962822 0.0 0.1 0.0 0.1 1 6
1091 -10.9951 4.6656 236.27203 7.8491 0.0292 0.028704837 0.0695 0.02078849 0.0 0.1 0.0 0.1 1 6
1092 -11.9453 7.2207 247.14374 12.9805 0.0511 0.028277155 0.0835 0.036736473 0.0 0.1 0.0 0.1 1 6
1093 -18.9627 8.201 246.78705 17.112 0.0882 0.026362626 0.006 0.04076322 0.0 0.1 0.0 0.1 1 6
1094 -23.8144 6.8226 227.88443 10.3963 0.0498 0.036941864 0.0285 0.039610963 0.0 0.1 0.0 0.1 1 6
1095 -9.0622 8.0079 243.08128 13.7922 -0.0975 0.028658839 -0.0145 0.053127453 0.0 0.1 0.0 0.1 1 6
1096 -5.3771 8.1952 213.75563 7.3438 0.1069 0.040233947 0.0031 0.036364336 0.0 0.1 0.0 0.1 1 6
1097 -5.2107 6.3524 223.37343 10.4973 0.0184 0.0336155 -0.0036 0.03619759 0.0 0.1 0.0 0.1 1 6
1098 -23.6502 6.9676 230.29333 10.192 0.0756 0.04263068 0.0165 0.029293798 0.0 0.1 0.0 0.1 1 6
1099 -9.4416 6.3056 215.5967 7.2613 0.0024 0.031289726 -0.0046 0.029372156 0.0 0.1 0.0 0.1 1 6
1100 -7.4817 6.2104 230.93646 12.2079 -0.0039 0.032381482 0.0171 0.041449383 0.0 0.1 0.0 0.1 1 6
1101 -11.5889 6.1838 274.22095 6.2566 -0.0213 0.023985801 -0.0245 0.027375394 0.0 0.1 0.0 0.1 1 6
1102 -16.2121 7.5682 246.92828 8.0865 -0.0704 0.031529166 0.0269 0.039738443 0.0 0.1 0.0 0.1 1 6
1103 -32.5177 7.5404 276.0977 7.9497 -0.0326 0.022968372 -0.0318 0.028018966 0.0 0.1 0.0 0.1 1 6
1104 -38.5774 6.2792 253.03246 6.0746 -0.092 0.018758597 -0.0123 0.024875075 0.0 0.1 0.0 0.1 1 6
1105 -10.3889 5.5573 223.46698 5.2464 -0.1273 0.024735404 -0.0673 0.024700947 0.0 0.1 0.0 0.1 1 6
1106 1.1085 3.6396 217.472 4.4046 -0.0762 0.020972224 -0.0636 0.022389745 0.0 0.1 0.0 0.1 1 6
1107 -11.3525 5.6208 230.83177 8.1758 0.0228 0.024238225 0.0189 0.025554482 0.0 0.1 0.0 0.1 1 6
1108 -12.5447 5.8326 247.70822 5.3718 -0.0127 0.029155811 -0.0381 0.024361385 0.0 0.1 0.0 0.1 1 6
1109 -35.9129 6.6714 242.04599 5.3084 -0.1018 0.026569562 -0.1156 0.030069271 0.0 0.1 0.0 0.1 1 6
1110 1.5408 6.3256 256.82297 5.3941 -0.0422 0.02942076 -0.0978 0.03371128 0.0 0.1 0.0 0.1 1 6
1111 6.771 5.5943 254.88875 5.5107 -0.0056 0.022294777 -0.0247 0.026324432 0.0 0.1 0.0 0.1 1 6
1112 -22.6884 5.8757 231.29797 9.6169 0.0038 0.031971127 0.0467 0.036801774 0.0 0.1 0.0 0.1 1 6
1113 -9.7026 6.7591 219.42752 10.4661 -0.0838 0.032589197 0.0592 0.042914364 0.0 0.1 0.0 0.1 1 6
1114 -30.003 5.6863 215.3026 6.5967 -0.0187 0.029264469 -0.0725 0.051374532 0.0 0.1 0.0 0.1 1 6
1115 -5.7535 7.1968 219.79921 13.674 -0.0542 0.039573047 0.0699 0.0410064 0.0 0.1 0.0 0.1 1 6
1116 -28.5122 9.1085 210.24895 16.0287 0.0856 0.033960715 0.0345 0.0616096 0.0 0.1 0.0 0.1 1 6
1117 7.3868 7.1365 260.7849 10.145 0.0252 0.028681526 -0.0003 0.03789128 0.0 0.1 0.0 0.1 1 6
1118 -24.0436 5.8637 215.42198 6.7779 0.0099 0.029520812 0.0138 0.029982725 0.0 0.1 0.0 0.1 1 6
1119 -19.7324 6.3462 210.59901 6.7226 0.1023 0.03614475 0.0631 0.030007435 0.0 0.1 0.0 0.1 1 6
1120 -9.759 6.3614 239.25583 9.4912 0.0649 0.034518946 0.0669 0.028548902 0.0 0.1 0.0 0.1 1 6
1121 -23.5773 7.6999 267.2002 5.491 0.0085 0.022689149 -0.0279 0.02869674 0.0 0.1 0.0 0.1 1 6
1122 -36.77 7.5282 242.75032 8.8863 -0.0044 0.03897387 -0.0483 0.04380732 0.0 0.1 0.0 0.1 1 6
1123 -26.7637 9.493 263.45444 7.6064 0.0476 0.02825436 -0.0242 0.035334375 0.0 0.1 0.0 0.1 1 6
1124 -31.7494 7.5598 247.73752 7.5361 -0.009 0.037145633 -0.0435 0.03511167 0.0 0.1 0.0 0.1 1 6
1125 -24.9901 5.8041 234.04625 8.7431 -0.0405 0.026746165 -0.0287 0.035543524 0.0 0.1 0.0 0.1 1 6
1126 -12.4604 4.5638 237.54276 6.5995 -0.0085 0.021824906 -0.0149 0.020503996 0.0 0.1 0.0 0.1 1 6
1127 -3.8333 5.961 242.94669 5.791 0.0217 0.029221715 -0.053 0.028701259 0.0 0.1 0.0 0.1 1 6
1128 -25.3172 5.8103 226.77815 7.2123 0.0156 0.032989778 -0.0607 0.031721476 0.0 0.1 0.0 0.1 1 6
1129 -28.4041 7.4139 237.66077 6.4861 -0.0276 0.033734858 -0.1646 0.039708216 0.0 0.1 0.0 0.1 1 6
1130 0.3506 7.2857 222.31837 4.9921 0.0093 0.0336488 -0.1054 0.03190639 0.0 0.1 0.0 0.1 1 6
1131 12.0502 7.758 249.93474 7.3031 0.0187 0.027146578 -0.0441 0.03386687 0.0 0.1 0.0 0.1 1 6
1132 10.4753 8.3099 264.36688 6.9053 0.018 0.028245376 -0.0247 0.02823615 0.0 0.1 0.0 0.1 1 6
1133 -5.8517 7.3966 249.53018 9.1874 0.0162 0.026559185 -0.059 0.03958328 0.0 0.1 0.0 0.1 1 6
1134 -25.3414 11.0911 210.1472 12.5621 -0.056 0.060531702 -0.0528 0.0790303 0.0 0.1 0.0 0.1 1 6
1135 -9.0469 7.4412 245.3833 5.8201 -0.0675 0.02380706 -0.1771 0.04482582 0.0 0.1 0.0 0.1 1 6
1136 -6.364 7.3467 196.83794 10.0004 -0.0504 0.05198165 -0.0534 0.05278253 0.0 0.1 0.0 0.1 1 6
1137 30.652 11.8475 296.68576 31.7843 0.0818 0.033782743 0.1547 0.07527692 0.0 0.1 0.0 0.1 1 6
1138 4.8307 11.1228 284.88986 19.9506 0.0512 0.038153518 0.125 0.052127104 0.0 0.1 0.0 0.1 1 6
1139 0.7679 10.0556 186.18483 12.5202 0.1162 0.0526118 0.1439 0.055755083 0.0 0.1 0.0 0.1 1 6
1140 -22.7286 12.1171 266.18243 10.628 0.101 0.038439084 -0.0169 0.042347 0.0 0.1 0.0 0.1 1 6
1141 12.0 6.7989 218.0664 13.6626 0.0382 0.04179532 0.0862 0.03426348 0.0 0.1 0.0 0.1 1 6
1142 10.6699 8.77 239.7509 18.0331 0.0691 0.04132153 0.1216 0.05370811 0.0 0.1 0.0 0.1 1 6
1143 -21.5202 8.6679 222.73901 9.8387 0.0125 0.048080266 0.0255 0.029705258 0.0 0.1 0.0 0.1 1 6
1144 -9.38 8.4605 216.1444 15.2154 0.0366 0.0477068 0.0468 0.046564154 0.0 0.1 0.0 0.1 1 6
1145 -19.2058 9.7506 187.16742 18.6265 0.0262 0.07073106 0.0606 0.04905785 0.0 0.1 0.0 0.1 1 6
1146 1.1319 14.1162 212.41719 22.3013 0.005 0.07814292 0.0614 0.07661117 0.0 0.1 0.0 0.1 1 6
1147 -7.1034 8.5168 228.02051 8.4691 -0.0563 0.0367312 -0.0161 0.044100873 0.0 0.1 0.0 0.1 1 6
1148 -17.368 8.8066 205.65216 8.1658 0.041 0.053521607 -0.1183 0.053301293 0.0 0.1 0.0 0.1 1 6
1149 -24.9966 7.6684 232.36183 10.192 0.0287 0.030668717 -0.0094 0.049566593 0.0 0.1 0.0 0.1 1 6
1150 -14.1682 18.2607 227.13452 42.985 -0.0022 0.11851065 0.0811 0.018884141 0.0 0.1 0.0 0.1 1 6
1151 -24.0232 6.8704 199.4835 11.4511 -0.031 0.052539997 0.0097 0.05831764 0.0 0.1 0.0 0.1 1 6
1152 -7.893 13.1946 212.98251 11.1572 0.08 0.06820905 -0.0875 0.056614906 0.0 0.1 0.0 0.1 1 6
1153 20.913 9.2655 232.8021 8.7147 0.1152 0.031619858 -0.0503 0.048700456 0.0 0.1 0.0 0.1 1 6
1154 -14.2003 8.2587 244.70702 9.3134 0.0417 0.032882385 -0.0137 0.033306565 0.0 0.1 0.0 0.1 1 6
1155 26.2473 8.974 244.56442 17.2664 -0.0327 0.045356043 0.0994 0.044226527 0.0 0.1 0.0 0.1 1 6
1156 -15.8586 11.3725 204.85594 12.4261 -0.114 0.045524124 0.0009 0.061098296 0.0 0.1 0.0 0.1 1 6
1157 -3.6861 8.0571 239.09906 8.6926 0.112 0.047023002 -0.037 0.044653844 0.0 0.1 0.0 0.1 1 6
1158 -8.6901 8.2363 224.5218 27.0436 0.0761 0.04368497 0.1602 0.036100388 0.0 0.1 0.0 0.1 1 6
1159 -17.6766 7.2411 235.1097 12.1935 -0.046 0.038410094 0.003 0.042785384 0.0 0.1 0.0 0.1 1 6
1160 7.297 8.412 234.89024 12.5853 0.0591 0.043305952 0.0051 0.04768119 0.0 0.1 0.0 0.1 1 6
1161 -10.8416 13.9958 261.60202 14.2306 0.1243 0.044885684 -0.0278 0.0573702 0.0 0.1 0.0 0.1 1 6
1162 6.8503 12.3624 217.62772 25.4731 0.0053 0.07109718 0.0286 0.07727046 0.0 0.1 0.0 0.1 1 6
1163 -14.9646 13.9146 185.04065 15.8587 0.0811 0.06888227 0.0512 0.058467552 0.0 0.1 0.0 0.1 1 6
1164 -22.9997 7.6447 191.27461 15.8631 -0.1169 0.059740677 0.0105 0.070513636 0.0 0.1 0.0 0.1 1 6
1165 0.1112 6.9549 243.87195 12.8479 0.0031 0.043896355 0.0344 0.037225287 0.0 0.1 0.0 0.1 1 6
1166 -8.3492 9.6847 226.59293 9.5635 0.1595 0.03292709 -0.0142 0.038506318 0.0 0.1 0.0 0.1 1 6
1167 -17.8069 8.7445 246.11768 7.2815 0.0432 0.02837347 -0.0698 0.030131558 0.0 0.1 0.0 0.1 1 6
1168 -8.7035 9.4925 229.7863 10.9424 -0.0288 0.044331744 0.0905 0.034117248 0.0 0.1 0.0 0.1 1 6
1169 -7.5686 10.6704 255.42004 16.1421 -0.0881 0.034524664 0.0548 0.055207662 0.0 0.1 0.0 0.1 1 6
1170 -41.6073 7.075 236.44087 6.9132 0.0169 0.04869193 -0.0536 0.035297196 0.0 0.1 0.0 0.1 1 6
1171 -16.8141 7.7538 210.92378 9.9598 -0.0733 0.03431508 -0.0227 0.03903118 0.0 0.1 0.0 0.1 1 6
1172 -6.6466 9.7733 217.59506 10.9305 0.0515 0.047341853 0.0244 0.049946018 0.0 0.1 0.0 0.1 1 6
1173 -11.9869 7.8785 239.93852 15.7058 -0.0275 0.06469496 0.0142 0.056809295 0.0 0.1 0.0 0.1 1 6
1174 34.2747 9.5511 219.05142 11.8877 0.069 0.048372902 0.0086 0.04556215 0.0 0.1 0.0 0.1 1 6
1175 51.5638 15.7807 245.6269 11.6215 0.1217 0.04750646 -0.1274 0.069271296 0.0 0.1 0.0 0.1 1 6
1176 7.1969 11.063 263.69342 12.57 0.1349 0.03910835 0.0232 0.049839348 0.0 0.1 0.0 0.1 1 6
1177 -1.9141 10.1671 207.51003 21.5442 -0.0159 0.04649048 0.1157 0.086765245 0.0 0.1 0.0 0.1 1 6
1178 -33.4275 7.0316 227.01755 10.1982 -0.0302 0.046572685 -0.0307 0.045896973 0.0 0.1 0.0 0.1 1 6
1179 32.6926 9.8575 236.48813 13.7721 0.0299 0.04484666 0.0134 0.0440806 0.0 0.1 0.0 0.1 1 6
1180 -11.1543 7.8968 218.24995 13.0983 0.0591 0.045979667 -0.0018 0.048260532 0.0 0.1 0.0 0.1 1 6
1181 -22.6807 10.4478 224.08427 12.4039 0.014 0.047049247 -0.0068 0.043745678 0.0 0.1 0.0 0.1 1 6
1182 19.4067 9.2169 244.44324 11.4383 0.0701 0.034842845 -0.066 0.046298034 0.0 0.1 0.0 0.1 1 6
1183 16.5194 8.6677 233.93433 15.4257 0.0147 0.048412684 -0.0234 0.048564956 0.0 0.1 0.0 0.1 1 6
1184 -11.1531 8.4141 210.836 11.7408 -0.1135 0.041431364 0.0325 0.055056017 0.0 0.1 0.0 0.1 1 6
1185 25.1382 12.2814 254.32878 17.3457 0.1211 0.053176172 0.0534 0.054068603 0.0 0.1 0.0 0.1 1 6
1186 -17.3655 9.7498 216.21306 16.8748 -0.0453 0.05269361 -0.0277 0.064109854 0.0 0.1 0.0 0.1 1 6
1187 -21.6207 18.99 207.63896 33.7518 -0.021 0.117133625 0.0766 0.111416884 0.0 0.1 0.0 0.1 1 6
1188 -5.1618 6.9092 267.84595 6.2123 0.0751 0.030960102 -0.0063 0.038784802 0.0 0.1 0.0 0.1 1 6
1189 29.5561 10.0413 210.83662 9.8621 0.063 0.053468835 -0.1412 0.047226902 0.0 0.1 0.0 0.1 1 6
1190 0.9349 13.2086 197.4801 20.4979 0.0685 0.06860124 0.069 0.06685205 0.0 0.1 0.0 0.1 1 6
1191 11.4675 12.0317 266.05203 15.3962 -0.0138 0.04269969 0.0414 0.046438448 0.0 0.1 0.0 0.1 1 6
