data/processed/NGC4552/gauss_hermite_kins_s.ecsv
# %ECSV 1.0
# ---
# datatype:
# - {name: vbin_id, datatype: int64}
# - {name: v, datatype: float32}
# - {name: dv, datatype: float32}
# - {name: sigma, datatype: float32}
# - {name: dsigma, datatype: float32}
# - {name: h3, datatype: float32}
# - {name: dh3, datatype: float32}
# - {name: h4, datatype: float32}
# - {name: dh4, datatype: float32}
# - {name: h5, datatype: float32}
# - {name: dh5, datatype: float32}
# - {name: h6, datatype: float32}
# - {name: dh6, datatype: float32}
# - {name: is_good, datatype: int64}
# - {name: n_gh, datatype: int64}
# meta: !!omap
# - PSF:
#     sigma: [0.8849143589308862, 3.779182879769932]
#     weight: [0.919760652354997, 0.08023934764500296]
# schema: astropy-2.0
vbin_id v dv sigma dsigma h3 dh3 h4 dh4 h5 dh5 h6 dh6 is_good n_gh
[from data line 1361]
1362 7.6049 10.0649 254.31577 14.7184 -0.0377 0.037877567 0.0197 0.04505268 0.0 0.1 0.0 0.1 1 6
1363 7.2693 5.6456 215.24936 15.6823 -0.0218 0.0405127 0.1185 0.05334809 0.0 0.1 0.0 0.1 1 6
1364 -15.3807 7.4916 213.76772 13.9984 0.0841 0.054216277 0.0696 0.054120217 0.0 0.1 0.0 0.1 1 6
1365 57.156 11.2165 274.87308 17.8935 -0.0084 0.05090498 0.0546 0.046909705 0.0 0.1 0.0 0.1 1 6
1366 42.3122 14.5258 225.80385 20.514 -0.0434 0.061421767 -0.0077 0.09393999 0.0 0.1 0.0 0.1 1 6
1367 25.8276 7.4229 203.39905 21.639 -0.0486 0.043299567 0.0704 0.09484475 0.0 0.1 0.0 0.1 1 6
1368 18.1778 10.216 209.7543 9.8466 0.0105 0.045905996 -0.0284 0.058272645 0.0 0.1 0.0 0.1 1 6
1369 35.2216 10.2228 211.35933 12.76 -0.0667 0.048643157 0.0235 0.066419385 0.0 0.1 0.0 0.1 1 6
1370 19.7576 11.5242 206.98396 13.2498 -0.0346 0.06757906 0.1112 0.04015124 0.0 0.1 0.0 0.1 1 6
1371 -5.898 9.7749 212.63223 15.0694 0.0019 0.039278537 0.0626 0.03549283 0.0 0.1 0.0 0.1 1 6
1372 18.5557 7.1841 211.2122 11.431 -0.0377 0.027591007 0.0838 0.040202092 0.0 0.1 0.0 0.1 1 6
1373 34.3761 6.2117 234.76372 20.1841 0.0515 0.051681273 0.1078 0.048775386 0.0 0.1 0.0 0.1 1 6
1374 31.3293 9.7622 212.35924 11.0041 0.0529 0.05971394 0.1086 0.04221156 0.0 0.1 0.0 0.1 1 6
1375 32.1011 5.8581 220.07684 14.6438 0.0093 0.04084128 0.0677 0.03421802 0.0 0.1 0.0 0.1 1 6
1376 26.3664 9.7286 231.10678 12.2444 -0.037 0.050396472 0.0166 0.052556284 0.0 0.1 0.0 0.1 1 6
1377 27.7378 10.0517 219.96208 13.6783 -0.0359 0.043776438 0.0384 0.047864255 0.0 0.1 0.0 0.1 1 6
1378 1.0844 10.4762 245.10968 28.0141 0.0562 0.038014878 0.0852 0.052867543 0.0 0.1 0.0 0.1 1 6
1379 36.792 9.8767 366.38593 27.5289 0.0785 0.030396597 0.2528 0.048060987 0.0 0.1 0.0 0.1 1 6
1380 66.4781 10.8568 266.74472 11.3798 -0.0137 0.050077472 -0.1507 0.07140888 0.0 0.1 0.0 0.1 1 6
1381 33.8476 11.789 213.01035 22.3893 -0.0278 0.06753683 0.0892 0.05928571 0.0 0.1 0.0 0.1 1 6
1382 3.5193 11.093 244.6105 11.6966 -0.0812 0.03769443 0.0016 0.04330836 0.0 0.1 0.0 0.1 1 6
1383 28.5761 7.2992 233.46182 10.1373 0.0371 0.038909744 -0.0339 0.0465574 0.0 0.1 0.0 0.1 1 6
1384 56.5629 14.5258 391.43854 81.1293 0.07 0.06434964 0.2985 0.11129912 0.0 0.1 0.0 0.1 1 6
1385 14.3518 7.4715 215.24654 19.7732 -0.0125 0.04707145 0.0504 0.060430672 0.0 0.1 0.0 0.1 1 6
1386 27.5014 6.9061 243.98366 16.677 0.0204 0.036184166 0.0696 0.042637903 0.0 0.1 0.0 0.1 1 6
1387 -28.4798 10.4814 225.52728 9.5771 -0.0042 0.046259355 -0.0178 0.048886124 0.0 0.1 0.0 0.1 1 6
1388 34.3788 14.1924 211.16937 17.4791 0.1911 0.048760265 0.1274 0.05223056 0.0 0.1 0.0 0.1 1 6
1389 28.8303 10.7201 336.47952 11.9436 0.0045 0.037205826 0.2812 0.010592008 0.0 0.1 0.0 0.1 1 6
1390 18.1802 9.7556 207.72371 20.5485 0.0442 0.048768323 0.0756 0.07027556 0.0 0.1 0.0 0.1 1 6
1391 33.5493 18.77 231.31656 43.5244 0.0565 0.10670501 0.085 0.17120302 0.0 0.1 0.0 0.1 1 6
1392 -7.6375 9.0966 170.39221 10.2977 -0.0149 0.08397854 -0.0295 0.07116448 0.0 0.1 0.0 0.1 1 6
1393 -42.132 19.2838 129.06914 24.8312 0.1331 0.017045256 0.0136 0.12910254 0.0 0.1 0.0 0.1 1 6
1394 10.5457 10.1735 213.37532 13.3384 0.1029 0.052574787 -0.0237 0.042187933 0.0 0.1 0.0 0.1 1 6
1395 45.4087 9.78 212.03165 10.2124 -0.0698 0.04045156 0.0276 0.037625585 0.0 0.1 0.0 0.1 1 6
1396 1.0656 10.4575 212.96352 17.0057 0.0498 0.053556986 0.1723 0.046989597 0.0 0.1 0.0 0.1 1 6
1397 21.6519 7.3149 214.57852 8.4535 0.0329 0.032154404 0.0275 0.033321943 0.0 0.1 0.0 0.1 1 6
1398 42.8226 8.4102 206.5372 12.0786 -0.0514 0.04252373 0.0184 0.03996153 0.0 0.1 0.0 0.1 1 6
1399 34.7594 14.9119 213.0243 21.6296 0.1138 0.06274005 0.125 0.043404896 0.0 0.1 0.0 0.1 1 6
1400 9.0445 13.2782 258.50937 19.9714 0.2041 0.03235473 0.204 0.013106451 0.0 0.1 0.0 0.1 1 6
1401 20.6609 9.3904 202.16951 6.3723 -0.0295 0.04666011 -0.104 0.038864423 0.0 0.1 0.0 0.1 1 6
1402 34.9988 15.0177 252.08966 13.1296 0.1784 0.042292874 -0.0201 0.04811118 0.0 0.1 0.0 0.1 1 6
1403 0.6184 9.7596 234.86536 16.8778 0.0128 0.035953954 0.0855 0.042687055 0.0 0.1 0.0 0.1 1 6
1404 18.3428 7.5165 202.98526 9.6809 0.0075 0.05574676 -0.0599 0.052239142 0.0 0.1 0.0 0.1 1 6
1405 17.8415 11.4363 217.58289 18.8694 0.0116 0.039508145 0.0624 0.0411709 0.0 0.1 0.0 0.1 1 6
1406 18.7811 9.409 206.84296 13.7035 -0.0014 0.039908614 0.0397 0.05679131 0.0 0.1 0.0 0.1 1 6
1407 34.31 8.7139 252.64417 9.3453 0.0825 0.02751714 0.0734 0.03901679 0.0 0.1 0.0 0.1 1 6
1408 -0.7926 17.5842 225.77623 19.4731 0.1253 0.07213178 -0.0252 0.058450382 0.0 0.1 0.0 0.1 1 6
1409 50.2769 9.1823 190.98123 15.7112 0.0813 0.048172515 0.0586 0.051056106 0.0 0.1 0.0 0.1 1 6
1410 6.9287 8.4048 213.1755 9.7414 0.0176 0.05655777 -0.0041 0.04451464 0.0 0.1 0.0 0.1 1 6
1411 25.4921 7.8288 216.14584 12.6331 0.084 0.049215026 0.0393 0.036230527 0.0 0.1 0.0 0.1 1 6
1412 12.0732 8.8617 219.96774 7.1286 0.0957 0.047370046 -0.0727 0.042521402 0.0 0.1 0.0 0.1 1 6
1413 20.3345 11.2646 182.33386 8.4633 -0.105 0.071216635 -0.0773 0.046897154 0.0 0.1 0.0 0.1 1 6
1414 -37.2695 7.4015 199.77603 10.2062 0.1097 0.054454092 0.0134 0.045352124 0.0 0.1 0.0 0.1 1 6
1415 -3.5415 7.1302 214.4187 9.5214 0.0637 0.036862403 -0.017 0.04567187 0.0 0.1 0.0 0.1 1 6
1416 59.9221 8.0715 242.88483 7.876 -0.0016 0.034689207 0.0237 0.034554362 0.0 0.1 0.0 0.1 1 6
1417 15.174 13.1485 209.72174 27.1301 0.1191 0.056131832 0.1042 0.11724189 0.0 0.1 0.0 0.1 1 6
1418 17.9474 14.7297 150.91586 21.9679 -0.0071 0.11286284 0.042 0.12505423 0.0 0.1 0.0 0.1 1 6
1419 9.1662 9.4049 214.06476 14.5804 -0.0701 0.050096903 -0.0092 0.05180785 0.0 0.1 0.0 0.1 1 6
1420 62.002 11.794 211.23259 53.643 0.0051 0.057151612 0.1097 0.096291415 0.0 0.1 0.0 0.1 1 6
1421 8.3351 10.3882 226.98616 18.5752 0.0145 0.039947916 0.1059 0.041604612 0.0 0.1 0.0 0.1 1 6
1422 -0.83 9.859 213.09476 8.2601 0.0645 0.04552171 -0.0777 0.042665806 0.0 0.1 0.0 0.1 1 6
1423 54.2238 7.5943 221.74571 12.6837 0.0113 0.037172254 0.0628 0.026831698 0.0 0.1 0.0 0.1 1 6
1424 23.9354 10.7644 231.69478 7.0674 0.0671 0.05922371 -0.0768 0.054231375 0.0 0.1 0.0 0.1 1 6
1425 75.9727 9.3852 242.52815 15.1378 0.0986 0.0483207 0.0805 0.05004474 0.0 0.1 0.0 0.1 1 6
1426 39.7196 9.3309 254.38107 10.4797 -0.0637 0.029952222 0.036 0.04059511 0.0 0.1 0.0 0.1 1 6
1427 89.7596 27.7765 351.32376 77.4593 0.183 0.07831235 0.2619 0.11347353 0.0 0.1 0.0 0.1 1 6
1428 50.9793 9.5949 256.33942 13.6981 0.0174 0.037967432 0.0149 0.043731734 0.0 0.1 0.0 0.1 1 6
1429 14.9963 9.6447 163.02446 14.6321 -0.0221 0.056677293 0.0652 0.05038736 0.0 0.1 0.0 0.1 1 6
1430 -0.3336 13.8222 92.76729 38.0241 -0.0584 0.15329465 -0.0032 0.18212317 0.0 0.1 0.0 0.1 1 6
1431 13.4095 9.1227 204.68016 10.6245 0.0466 0.050138224 -0.0799 0.04264125 0.0 0.1 0.0 0.1 1 6
1432 38.3118 16.7044 251.63133 15.4027 0.0203 0.06024902 0.0333 0.066207826 0.0 0.1 0.0 0.1 1 6
1433 3.8029 8.9436 156.8951 16.3765 -0.0434 0.07035031 0.0734 0.08494634 0.0 0.1 0.0 0.1 1 6
1434 6.2897 15.3872 180.30106 28.493 -0.0471 0.09447618 0.019 0.14560911 0.0 0.1 0.0 0.1 1 6
1435 -24.2131 11.186 192.10579 7.0481 0.0245 0.06748715 -0.0398 0.054584302 0.0 0.1 0.0 0.1 1 6
1436 50.6829 11.4468 241.92146 21.6803 0.055 0.055722844 0.0322 0.086282395 0.0 0.1 0.0 0.1 1 6
1437 43.4369 12.2244 243.094 20.4958 0.0599 0.05921248 0.0629 0.054040708 0.0 0.1 0.0 0.1 1 6
1438 61.4027 8.8689 236.92766 10.3527 0.0152 0.044841524 -0.0324 0.046474356 0.0 0.1 0.0 0.1 1 6
1439 126.3944 13.57 398.7884 15.5606 0.2478 0.03401563 0.1502 0.0383817 0.0 0.1 0.0 0.1 1 6
1440 -7.1515 9.3822 253.50905 13.975 -0.0263 0.03558697 0.0345 0.0398552 0.0 0.1 0.0 0.1 1 6
1441 34.6601 9.5955 226.7962 21.5474 0.0232 0.04681929 0.098 0.05180832 0.0 0.1 0.0 0.1 1 6
1442 -5.7767 11.6515 220.02298 15.3349 -0.0106 0.0606548 -0.0115 0.058603175 0.0 0.1 0.0 0.1 1 6
1443 -3.4484 15.6139 206.87907 20.0021 -0.0093 0.07863902 0.0283 0.06241223 0.0 0.1 0.0 0.1 1 6
1444 46.2878 10.9723 230.28905 14.588 -0.0359 0.045582388 0.1173 0.05570948 0.0 0.1 0.0 0.1 1 6
1445 2.682 9.7973 204.70169 13.8081 0.0998 0.04719764 0.036 0.043391325 0.0 0.1 0.0 0.1 1 6
1446 54.5792 12.0467 254.15102 19.002 0.0704 0.042748246 0.082 0.05896545 0.0 0.1 0.0 0.1 1 6
1447 20.8946 9.5205 236.17775 22.4502 -0.0154 0.06600391 0.076 0.06978336 0.0 0.1 0.0 0.1 1 6
1448 -8.4939 8.0428 196.45425 9.954 -0.0712 0.055431783 0.045 0.052265484 0.0 0.1 0.0 0.1 1 6
1449 44.1989 8.7552 222.03613 11.969 -0.0111 0.042589564 -0.0353 0.051546235 0.0 0.1 0.0 0.1 1 6
1450 8.1086 10.7021 198.04858 13.7567 0.0311 0.07497808 -0.0182 0.05813678 0.0 0.1 0.0 0.1 1 6
1451 42.9222 8.8899 215.79526 12.6444 -0.0546 0.045323066 -0.0415 0.059953235 0.0 0.1 0.0 0.1 1 6
1452 19.0353 11.3472 229.42068 12.5226 0.0069 0.04444985 0.0262 0.049777053 0.0 0.1 0.0 0.1 1 6
1453 32.1089 11.9505 246.96902 15.8813 0.0505 0.03712824 0.0613 0.04393127 0.0 0.1 0.0 0.1 1 6
1454 28.8985 21.8373 201.17885 45.6575 0.0927 0.06977837 0.1078 0.0656978 0.0 0.1 0.0 0.1 1 6
1455 5.0007 17.7382 217.3798 32.4302 -0.0278 0.11395436 0.0402 0.12184187 0.0 0.1 0.0 0.1 1 6
1456 8.9577 19.109 223.31253 51.2572 0.0323 0.14548954 0.052 0.14311516 0.0 0.1 0.0 0.1 1 6
1457 25.0033 14.5885 216.39156 14.5719 0.0526 0.09128793 -0.0255 0.07369898 0.0 0.1 0.0 0.1 1 6
1458 34.6618 16.9397 179.41673 15.7988 -0.127 0.09107238 -0.0258 0.0855584 0.0 0.1 0.0 0.1 1 6
1459 -26.0892 10.142 197.06253 12.1239 0.095 0.06664284 -0.0523 0.06318723 0.0 0.1 0.0 0.1 1 6
1460 -7.8542 14.762 213.35411 14.5897 -0.0708 0.08178815 -0.1094 0.08940257 0.0 0.1 0.0 0.1 1 6
1461 38.7916 13.6818 238.76831 29.8255 0.1055 0.049327683 0.1598 0.059750922 0.0 0.1 0.0 0.1 1 6
1462 44.0745 15.0316 188.02264 36.916 0.0857 0.09319176 0.0555 0.09349376 0.0 0.1 0.0 0.1 1 6
1463 -20.7719 13.8601 246.40317 12.1751 -0.0776 0.04242742 0.0155 0.05506132 0.0 0.1 0.0 0.1 1 6
1464 34.0956 10.2926 182.10327 13.368 -0.0307 0.0546425 -0.003 0.08145675 0.0 0.1 0.0 0.1 1 6
1465 43.2429 14.3778 223.03079 15.8633 0.0936 0.062414847 -0.0486 0.056171414 0.0 0.1 0.0 0.1 1 6
1466 78.8691 17.596 268.57224 29.8666 0.0706 0.056180272 0.0336 0.11075494 0.0 0.1 0.0 0.1 1 6
1467 36.0757 16.0267 228.34665 11.9373 0.1538 0.058423266 -0.113 0.07912904 0.0 0.1 0.0 0.1 1 6
1468 18.4879 9.9598 182.79082 21.1281 0.0575 0.05033405 0.0412 0.071827516 0.0 0.1 0.0 0.1 1 6
1469 45.638 8.9347 251.09132 13.4575 0.1471 0.043690465 0.1421 0.039925687 0.0 0.1 0.0 0.1 1 6
1470 39.8698 7.9656 245.86516 19.2478 -0.0947 0.04824675 0.1413 0.038494363 0.0 0.1 0.0 0.1 1 6
1471 13.5302 13.9161 222.12045 12.0159 -0.0741 0.08675397 -0.0357 0.054290555 0.0 0.1 0.0 0.1 1 6
1472 27.9707 10.8406 248.4451 20.3869 0.0154 0.05059296 0.03 0.0669123 0.0 0.1 0.0 0.1 1 6
1473 44.5658 23.8163 257.74307 42.4753 0.1793 0.05478647 0.0477 0.10758577 0.0 0.1 0.0 0.1 1 6
1474 5.9819 15.0672 190.69481 31.6773 0.064 0.079717204 0.0687 0.14911398 0.0 0.1 0.0 0.1 1 6
1475 17.2451 8.4208 197.35756 12.4197 0.069 0.042483043 0.0906 0.055855583 0.0 0.1 0.0 0.1 1 6
1476 17.6128 23.0972 227.73271 33.294 0.1804 0.046228856 0.0376 0.06406863 0.0 0.1 0.0 0.1 1 6
1477 12.9853 15.3753 228.4384 57.6466 0.0323 0.043988883 0.1143 0.09764327 0.0 0.1 0.0 0.1 1 6
1478 22.4377 13.4001 220.66525 19.953 -0.0384 0.07382054 0.087 0.054392897 0.0 0.1 0.0 0.1 1 6
1479 28.8924 9.8708 252.60226 11.2213 -0.0354 0.055109773 0.0342 0.04597373 0.0 0.1 0.0 0.1 1 6
1480 13.674 10.7 202.18054 9.5657 -0.0105 0.0510098 -0.0742 0.047712293 0.0 0.1 0.0 0.1 1 6
1481 55.2143 13.7376 231.41548 15.8786 0.2483 0.028455587 -0.0086 0.052836854 0.0 0.1 0.0 0.1 1 6
1482 60.5492 17.0725 167.64699 18.2009 -0.1544 0.010138178 0.0114 0.09761175 0.0 0.1 0.0 0.1 1 6
1483 5.3119 9.5993 195.86227 9.2612 0.0346 0.064447396 -0.0657 0.057172958 0.0 0.1 0.0 0.1 1 6
1484 20.5995 10.247 263.43448 12.3356 -0.0422 0.033616707 0.069 0.04808874 0.0 0.1 0.0 0.1 1 6
1485 20.8124 9.0046 207.43777 10.9549 -0.0421 0.047484487 -0.0138 0.048158675 0.0 0.1 0.0 0.1 1 6
1486 75.619 17.3537 369.928 16.3479 0.1518 0.049466755 0.2486 0.029211298 0.0 0.1 0.0 0.1 1 6
1487 -24.3337 13.0524 236.07811 11.6689 0.0698 0.040501885 -0.0045 0.06917958 0.0 0.1 0.0 0.1 1 6
1488 48.7974 13.5717 223.0557 18.2614 -0.0112 0.052250568 0.0617 0.06228012 0.0 0.1 0.0 0.1 1 6
1489 1.24 14.5398 199.7419 16.7052 0.0531 0.09472823 -0.0699 0.10486766 0.0 0.1 0.0 0.1 1 6
1490 22.2271 16.5027 205.17766 10.2654 0.0832 0.07818029 -0.1488 0.069166444 0.0 0.1 0.0 0.1 1 6
1491 54.3015 11.9625 207.33478 20.6755 -0.0471 0.050906613 0.0766 0.054849144 0.0 0.1 0.0 0.1 1 6
1492 36.4017 15.4786 223.18506 12.5581 -0.0366 0.07844141 0.0228 0.03992225 0.0 0.1 0.0 0.1 1 6
1493 60.9969 8.6618 225.48654 12.441 0.0438 0.056925733 -0.0323 0.0480001 0.0 0.1 0.0 0.1 1 6
1494 10.9503 17.6724 210.21997 12.4139 0.0631 0.071858324 0.009 0.06697632 0.0 0.1 0.0 0.1 1 6
1495 9.4419 12.4381 204.52791 18.6032 0.071 0.060855135 0.051 0.063771024 0.0 0.1 0.0 0.1 1 6
1496 16.2513 16.0112 250.5573 71.316 0.019 0.056068234 0.1477 0.0881629 0.0 0.1 0.0 0.1 1 6
1497 47.1095 14.4437 174.50085 12.2494 0.0839 0.11296661 -0.0749 0.08171376 0.0 0.1 0.0 0.1 1 6
1498 29.8086 16.2975 247.5291 14.5805 0.1771 0.051122025 -0.1355 0.07009268 0.0 0.1 0.0 0.1 1 6
1499 17.4208 15.1143 229.83995 20.0765 0.1195 0.041295506 0.0508 0.05717415 0.0 0.1 0.0 0.1 1 6
1500 38.3275 11.1582 174.85587 22.3211 -0.0066 0.07392664 0.0642 0.083109975 0.0 0.1 0.0 0.1 1 6
1501 -3.2972 11.9434 188.96555 9.4912 -0.0354 0.08154901 -0.1203 0.06138895 0.0 0.1 0.0 0.1 1 6
1502 17.5385 16.8458 201.32741 11.967 0.0358 0.0748983 -0.0876 0.06626369 0.0 0.1 0.0 0.1 1 6
1503 35.2191 7.0513 217.93494 12.8511 0.0285 0.041613933 0.0368 0.043423727 0.0 0.1 0.0 0.1 1 6
1504 11.2946 11.4673 182.16681 15.2908 -0.1225 0.06526069 0.0464 0.07040324 0.0 0.1 0.0 0.1 1 6
1505 -0.9235 13.4526 192.64896 19.5495 -0.1091 0.088308714 0.1466 0.0613878 0.0 0.1 0.0 0.1 1 6
1506 33.7442 11.7979 192.64497 20.3136 -0.101 0.06781506 0.0589 0.09042413 0.0 0.1 0.0 0.1 1 6
1507 24.4414 9.2365 189.39165 7.2634 -0.1651 0.052301362 0.1478 0.035633482 0.0 0.1 0.0 0.1 1 6
1508 75.0749 25.8436 325.25574 42.0183 0.1227 0.07034073 0.1787 0.07462648 0.0 0.1 0.0 0.1 1 6
1509 31.326 10.3376 173.00513 14.2847 -0.0436 0.052677352 0.0007 0.04391287 0.0 0.1 0.0 0.1 1 6
1510 -18.4415 15.1963 184.52373 12.5965 0.1431 0.05057415 0.0379 0.06566878 0.0 0.1 0.0 0.1 1 6
1511 17.5183 9.9476 173.56248 10.0053 0.1098 0.06934542 -0.0837 0.075950556 0.0 0.1 0.0 0.1 1 6
1512 39.683 13.1081 204.0341 20.4899 0.0103 0.08644479 0.0732 0.08900129 0.0 0.1 0.0 0.1 1 6
1513 -22.9207 12.7963 196.42654 13.1677 -0.0935 0.069729835 0.0003 0.06300073 0.0 0.1 0.0 0.1 1 6
1514 -21.8758 13.2124 221.93639 9.32 -0.0487 0.065155245 -0.1397 0.060389694 0.0 0.1 0.0 0.1 1 6
1515 40.7336 14.9876 262.5631 29.6987 0.0958 0.052116547 0.1064 0.055930465 0.0 0.1 0.0 0.1 1 6
1516 14.1987 9.6834 185.79172 15.3506 0.0739 0.05074737 0.0558 0.06210943 0.0 0.1 0.0 0.1 1 6
1517 13.6003 13.1535 201.13506 14.7506 -0.0213 0.06754014 -0.0401 0.065740764 0.0 0.1 0.0 0.1 1 6
1518 38.8658 11.72 224.6981 13.1686 0.0052 0.068200365 -0.0605 0.06853724 0.0 0.1 0.0 0.1 1 6
1519 65.1238 23.6003 206.29329 23.4356 -0.1193 0.11104608 0.101 0.113658674 0.0 0.1 0.0 0.1 1 6
1520 34.6147 8.4074 188.36118 12.3684 0.0614 0.061288472 -0.0708 0.04103848 0.0 0.1 0.0 0.1 1 6
1521 -16.7474 12.4212 212.93547 16.7407 0.0879 0.074156016 -0.1687 0.058041994 0.0 0.1 0.0 0.1 1 6
1522 50.4077 20.7102 200.77512 19.3661 0.1529 0.08294855 -0.0739 0.11465909 0.0 0.1 0.0 0.1 1 6
1523 57.7376 9.511 207.30516 11.3433 -0.0553 0.04886966 -0.0084 0.042021193 0.0 0.1 0.0 0.1 1 6
1524 50.5907 12.6923 131.58032 14.5983 0.1087 0.07444065 0.074 0.06192484 0.0 0.1 0.0 0.1 1 6
1525 23.2047 9.9437 193.65895 9.6914 -0.0232 0.059370007 -0.0379 0.06549184 0.0 0.1 0.0 0.1 1 6
1526 45.1571 18.6077 176.45302 31.7618 0.0142 0.10835623 0.0173 0.14005601 0.0 0.1 0.0 0.1 1 6
1527 44.3893 16.26 174.27237 13.6765 -0.0266 0.113008484 -0.0524 0.07304459 0.0 0.1 0.0 0.1 1 6
1528 67.521 16.4713 167.30858 11.1783 -0.1378 0.062388226 -0.0157 0.07077231 0.0 0.1 0.0 0.1 1 6
