data/processed/NGC4552/gauss_hermite_kins_o.ecsv
# %ECSV 1.0
# ---
# datatype:
# - {name: vbin_id, datatype: int64}
# - {name: v, datatype: float32}
# - {name: dv, datatype: float32}
# - {name: sigma, datatype: float32}
# - {name: dsigma, datatype: float32}
# - {name: h3, datatype: float32}
# - {name: dh3, datatype: float32}
# - {name: h4, datatype: float32}
# - {name: dh4, datatype: float32}
# - {name: h5, datatype: float32}
# - {name: dh5, datatype: float32}
# - {name: h6, datatype: float32}
# - {name: dh6, datatype: float32}
# - {name: is_good, datatype: int64}
# - {name: n_gh, datatype: int64}
# meta: !!omap
# - PSF:
#     sigma: [0.29083112024502816, 1.3196970523223914]
#     weight: [0.822760254826573, 0.177239745173427]
# schema: astropy-2.0
vbin_id v dv sigma dsigma h3 dh3 h4 dh4 h5 dh5 h6 dh6 is_good n_gh
[from data line 419]
420 -5.4303 6.0839 248.293 7.4667 -0.0044 0.024836445 0.0442 0.032815337 -0.0057 0.0249791 0.0404 0.031704623 1 6
421 5.5069 4.9854 264.6782 7.1827 0.0186 0.0231165 0.0237 0.029297732 -0.0158 0.024871415 0.0417 0.029132856 1 6
422 -29.8148 4.5207 284.0844 5.688 0.0199 0.015836298 0.0077 0.016332088 0.0129 0.017781232 0.0729 0.015759265 1 6
423 -8.9364 3.8894 287.0835 5.4004 0.0184 0.014759074 -0.0191 0.017256716 -0.0079 0.01757121 0.0392 0.018216511 1 6
424 -5.0595 5.0405 265.8644 6.7566 -0.0132 0.019323502 0.0461 0.024514908 0.031 0.021928918 0.0311 0.023353487 1 6
425 -4.5545 6.1589 276.7775 6.6377 -0.0376 0.02387637 0.0144 0.024108863 0.0395 0.025733821 0.0639 0.030706784 1 6
426 -24.3629 4.4416 279.3494 5.3871 0.021 0.01567097 0.0012 0.021018477 0.0478 0.016375784 -0.0036 0.01997295 1 6
427 -18.5399 5.8442 266.8906 9.2712 0.0047 0.02166223 0.0547 0.030755067 -0.0035 0.027608858 0.0456 0.031614024 1 6
428 -18.4642 4.1068 275.881 6.0229 -0.0086 0.016954731 0.039 0.020531567 0.0471 0.016835263 0.0057 0.017871704 1 6
429 -23.3085 5.7626 269.4973 7.8899 0.0953 0.019278493 0.0307 0.02152273 -0.0198 0.022558248 0.0596 0.022002699 1 6
430 14.7534 4.4857 267.5662 7.235 0.0352 0.019644063 0.0206 0.023332212 -0.0269 0.019420313 0.0445 0.025385933 1 6
431 -0.2783 4.9921 284.3578 6.1145 0.025 0.01763889 0.0134 0.020763785 0.0107 0.019490717 -0.0062 0.022825615 1 6
432 -23.0372 4.9365 286.9266 5.8685 0.0214 0.0162334 -0.0094 0.018061144 -0.0641 0.018587295 0.0942 0.021561712 1 6
433 -15.6957 4.6631 270.5616 6.6938 0.0226 0.01832065 0.0344 0.023398958 -0.01 0.019137735 0.0322 0.023118345 1 6
434 -20.1368 4.6032 268.3452 7.1539 0.0525 0.018662088 0.0198 0.022396376 0.0048 0.020684047 0.0372 0.023434643 1 6
435 -14.6535 4.5863 284.9137 6.9157 -0.0189 0.013280054 0.0432 0.025779275 0.0021 0.01459165 -0.0602 0.025870062 1 6
436 -28.6017 4.5344 290.6413 5.2187 -0.0176 0.016734598 0.0193 0.019135525 0.0385 0.018495884 0.0266 0.020936111 1 6
437 -7.232 4.9934 275.1611 6.2027 -0.0164 0.018155385 0.014 0.02175691 -0.0034 0.019451562 -0.0027 0.021772964 1 6
438 24.533 5.2928 284.4661 5.9038 0.0098 0.019788316 -0.0235 0.021429777 -0.0054 0.022152135 0.0671 0.024972664 1 6
439 10.058 6.0873 263.4742 7.4657 -0.034 0.022165654 -0.0317 0.026107468 0.0094 0.0239422 0.1189 0.029821688 1 6
440 -13.6428 5.4872 284.0131 6.2059 -0.0486 0.01736969 0.0077 0.021411803 0.034 0.018263407 0.0081 0.020600757 1 6
441 3.3552 5.0856 257.0778 6.0853 -0.0268 0.023194578 -0.0227 0.022390582 0.0025 0.024594367 0.1134 0.026950663 1 6
442 13.7425 5.4579 286.8498 5.9757 -0.0377 0.019042796 0.0109 0.020556476 0.0642 0.018120136 0.0428 0.02093257 1 6
443 -4.4908 4.4999 290.0863 4.8314 0.0014 0.014188903 -0.0146 0.016845608 0.0292 0.016644064 0.0188 0.018065233 1 6
444 -9.0622 5.316 276.8058 6.3503 0.0145 0.01867785 0.0211 0.020398652 -0.0246 0.018970992 0.0769 0.024406655 1 6
445 -37.9211 4.7727 281.2554 5.0308 -0.0026 0.017045727 0.003 0.01842394 0.0287 0.01916059 0.0969 0.018285783 1 6
446 24.8416 4.8246 274.722 8.1909 -0.0484 0.02336792 0.0539 0.026247105 0.0578 0.022277383 -0.0018 0.021324301 1 6
447 -8.2718 5.0665 281.3762 7.1282 0.0161 0.018913487 0.0439 0.019770581 -0.008 0.018243898 0.0239 0.026561314 1 6
448 20.0095 3.6514 259.443 5.4849 -0.009 0.019529423 -0.0133 0.022397263 0.0567 0.022753106 0.0031 0.026462689 1 6
449 1.0954 4.3466 276.0572 6.2072 0.0472 0.018263085 0.0249 0.021748472 0.002 0.017755786 0.0385 0.023098884 1 6
450 8.8711 5.4029 284.894 7.9759 -0.0534 0.022561377 0.0012 0.02434976 0.0296 0.024129933 0.0663 0.027453408 1 6
451 35.0369 4.4164 254.3673 6.4729 -0.0019 0.024534276 0.019 0.021837562 -0.0465 0.023682851 0.0785 0.024155319 1 6
452 -18.1866 4.7644 274.2441 7.2758 -0.0099 0.015463052 0.0433 0.019428847 -0.0447 0.018940648 0.1011 0.023998722 1 6
453 -18.4651 4.4497 263.0266 9.6209 -0.0096 0.017181652 0.0989 0.038865242 0.0151 0.017845048 -0.0576 0.02443353 1 6
454 4.084 4.7932 268.9096 6.4792 0.0149 0.01872889 0.0033 0.02019865 0.0127 0.023441328 0.0815 0.022974303 1 6
455 -24.0561 4.5766 258.3155 7.2361 0.0062 0.0179373 0.0621 0.028151084 0.0203 0.019706387 0.0058 0.020780465 1 6
456 -20.2533 4.0708 267.7056 6.3445 0.0428 0.01639727 0.0364 0.01771324 -0.0305 0.018325076 0.0408 0.01855132 1 6
457 -13.615 7.5416 286.7725 6.7845 -0.0147 0.02189644 -0.0371 0.03738918 0.0384 0.02457459 -0.0524 0.03349888 1 6
458 -22.5001 5.3754 275.3146 5.9888 0.0856 0.020321984 -0.0179 0.025368202 -0.0315 0.019022178 -0.0041 0.023519196 1 6
459 2.7111 6.213 271.4347 8.538 -0.0214 0.027319264 0.044 0.03461829 -0.009 0.026495973 -0.0602 0.031328056 1 6
460 -5.3986 5.0838 285.929 6.3426 -0.0134 0.017536733 0.0266 0.02363219 0.0358 0.018012566 -0.0286 0.019909453 1 6
461 -13.3698 5.5938 264.9496 9.8343 0.0502 0.025199672 0.0486 0.027297541 -0.0813 0.023026941 0.044 0.030493047 1 6
462 -10.3323 5.0502 272.241 6.1097 0.0259 0.023370849 -0.0144 0.021610765 0.0586 0.025061347 0.0755 0.02589389 1 6
463 -28.9469 4.8309 276.7867 7.6958 0.0155 0.01801632 0.0159 0.029800871 0.0389 0.019723542 -0.0165 0.02604906 1 6
464 -7.2329 4.8114 274.3801 7.0789 -0.011 0.018669114 0.0332 0.023079714 0.0067 0.018722713 -0.0017 0.021021264 1 6
465 11.0284 6.1324 260.2529 7.6531 -0.0181 0.025025327 0.0118 0.026827842 0.0448 0.024212725 0.1009 0.033473294 1 6
466 -15.3241 6.0431 287.2516 6.3169 0.0171 0.025231808 -0.0873 0.028050825 -0.012 0.023965642 0.1537 0.03278247 1 6
467 -18.5961 5.0304 268.969 7.6108 0.0398 0.019300764 -0.0071 0.025858745 -0.0316 0.022178374 0.0436 0.027834952 1 6
468 -4.2634 4.2519 273.6732 6.7232 0.0131 0.016779626 0.0281 0.022414407 0.0219 0.017487196 -0.003 0.024441795 1 6
469 -17.352 7.2458 253.1134 9.2833 0.0226 0.03538073 -0.0472 0.045982562 -0.0193 0.03296045 0.0086 0.0510813 1 6
470 -32.5007 4.5158 275.0947 6.0238 -0.0163 0.019147411 0.0129 0.021712776 0.0618 0.021399895 0.0184 0.023309767 1 6
471 -17.8119 4.4736 275.0943 6.6044 -0.0093 0.018373203 0.0438 0.030595323 0.0446 0.021994907 -0.0499 0.029300064 1 6
472 -23.7902 4.8378 269.493 8.2032 0.0179 0.018572591 0.0685 0.02759622 -0.0134 0.021365792 -0.0344 0.026629513 1 6
473 21.4003 5.1896 282.5457 6.9538 -0.0151 0.019885523 0.0302 0.021202788 0.0495 0.020536324 0.0327 0.024997605 1 6
474 -13.0573 5.56 262.26 6.5194 -0.0068 0.020601021 0.0278 0.024143284 0.034 0.024036232 0.0681 0.026992377 1 6
475 -9.0611 4.7131 269.8321 7.1423 -0.0406 0.01576122 0.0237 0.020897606 -0.0073 0.019295553 0.0552 0.02039548 1 6
476 -10.955 4.6049 274.5852 6.8167 0.0233 0.018781694 -0.0066 0.025384733 0.0509 0.022346077 0.0202 0.025171075 1 6
477 19.6313 3.6894 266.5281 4.9657 0.041 0.016751057 -0.0305 0.019666333 0.0118 0.016954558 0.0699 0.020132618 1 6
478 16.8773 5.9962 261.3697 9.2808 -0.079 0.021338325 0.0641 0.029872695 -0.0028 0.022111168 0.0183 0.029675312 1 6
479 19.7405 4.8905 252.8327 6.1643 -0.0288 0.02133268 0.0008 0.026578091 -0.0269 0.022183038 0.0027 0.02656224 1 6
480 -10.326 5.2812 268.9828 9.9011 -0.0414 0.019853642 0.0697 0.038097356 0.0303 0.025146963 -0.0183 0.0298336 1 6
481 18.6043 4.0633 245.3714 7.6503 -0.0047 0.019431772 0.0777 0.02938844 -0.0153 0.018034566 0.0036 0.026823068 1 6
482 -27.6711 5.7396 267.1914 10.136 -0.0202 0.023486437 0.0646 0.043602224 0.0481 0.024628181 -0.0076 0.035486434 1 6
483 1.1234 6.4063 272.1622 6.9134 0.0253 0.021460867 -0.0085 0.024900137 0.0113 0.0240018 0.0496 0.029549763 1 6
484 10.0322 5.49 287.9144 6.5517 0.0148 0.02051749 0.0055 0.024682667 0.0477 0.022258095 -0.0008 0.025300464 1 6
485 -1.4244 5.2185 280.1923 8.7886 0.0016 0.018266298 0.0745 0.027651653 -0.0025 0.019167548 0.0053 0.029587306 1 6
486 22.2773 4.5725 284.0595 7.9827 -0.0175 0.015806928 0.0294 0.019116895 -0.0083 0.020079024 0.0575 0.021604871 1 6
487 -13.5033 6.1749 263.4051 7.766 0.0432 0.022502694 0.0083 0.029261243 0.0683 0.024641136 0.0015 0.026895009 1 6
488 25.644 5.4967 266.2782 6.7896 -0.0128 0.02346776 -0.0174 0.025327154 0.0102 0.024388552 0.0442 0.027821932 1 6
489 2.621 5.8721 290.9229 8.6423 0.0469 0.019799683 0.008 0.026945116 0.0193 0.020602055 0.0109 0.029502146 1 6
490 8.2994 5.0123 277.8144 5.5746 -0.0448 0.017729655 -0.0331 0.02133809 -0.0386 0.021099836 0.0515 0.025274497 1 6
491 -29.4158 4.5201 277.6492 5.1038 0.0495 0.015843153 -0.0282 0.01876243 -0.0101 0.01650688 0.0767 0.019102957 1 6
492 -21.2163 4.9949 273.493 6.0095 0.0151 0.021001363 -0.002 0.022909246 0.0355 0.02376966 0.0901 0.021325635 1 6
493 -25.5522 4.6797 288.6688 4.4596 -0.0094 0.013807388 0.0027 0.014688418 0.0002 0.01357369 0.057 0.016254183 1 6
494 -16.442 5.5986 265.4712 7.8418 0.0073 0.02037941 0.0236 0.0328509 -0.033 0.024621068 0.024 0.032502696 1 6
495 -0.8407 6.0048 291.2467 6.1312 0.0675 0.018345937 -0.011 0.023324527 -0.0154 0.018809924 -0.0205 0.027664434 1 6
496 -1.9384 5.2813 251.727 8.1813 1e-04 0.02782459 0.0296 0.030774955 0.0108 0.023546126 0.0162 0.029143235 1 6
497 -23.2879 5.8089 293.3829 7.1646 0.0013 0.018548531 0.0243 0.022968523 -0.044 0.020217242 0.018 0.024317615 1 6
498 -4.1068 5.2736 280.2088 6.6682 0.0357 0.017943054 0.0118 0.023061514 -0.0352 0.021749798 0.0237 0.025310073 1 6
499 -16.4483 5.9386 273.518 7.263 0.0498 0.023936654 -0.0143 0.027536722 0.0025 0.022794079 -0.0063 0.029510116 1 6
500 3.4264 6.8369 273.2717 6.9768 0.0183 0.022527121 -0.0121 0.03043225 -0.0128 0.024209937 -0.0099 0.032611884 1 6
501 -4.5008 4.293 267.6891 6.1367 -0.0175 0.020364773 0.0499 0.024151476 0.0259 0.02002833 -0.0204 0.024018733 1 6
502 -28.0299 4.544 284.8592 6.2546 0.0532 0.019725367 -0.0072 0.025102844 0.0263 0.020400021 -0.0391 0.021567808 1 6
503 8.0522 5.6895 266.3788 7.3847 -0.0479 0.021944324 0.0322 0.023967296 0.0129 0.023376832 0.013 0.028448833 1 6
504 -14.8734 5.0556 282.8006 5.9418 0.016 0.018281963 -0.0075 0.019346843 0.0476 0.017663164 0.0417 0.021085253 1 6
505 13.525 4.7536 261.9356 5.3445 0.0192 0.020374916 0.0013 0.022759192 -0.0167 0.02054109 0.0247 0.021943636 1 6
506 2.0634 4.7869 269.1868 6.3756 0.0107 0.020347675 -0.0138 0.02180452 0.0278 0.019961916 0.0447 0.023909608 1 6
507 -24.9093 6.1506 290.0655 7.9655 -0.0153 0.018636947 0.0254 0.022916764 0.0485 0.017970053 0.0262 0.024431257 1 6
508 19.3156 5.7054 262.1955 6.4506 -0.0113 0.02206367 -0.0285 0.02664702 -0.0243 0.024607733 0.052 0.030852053 1 6
509 -10.1823 4.7495 277.7462 5.9364 0.0772 0.019510308 -0.0196 0.020511111 -0.0185 0.020288251 0.0612 0.024404395 1 6
510 18.9142 5.3091 252.7472 6.4618 -0.0441 0.024425754 0.0101 0.030167393 -0.0318 0.02545239 0.0074 0.029823786 1 6
511 -5.1252 4.6937 288.0838 6.3769 -0.0236 0.016277175 0.0224 0.020375619 0.0018 0.017287673 0.0446 0.021971004 1 6
512 -48.0485 3.7764 281.6369 3.8597 0.0425 0.014467705 -0.031 0.017419938 -0.0345 0.018472997 0.0796 0.018516138 1 6
513 11.828 5.2266 269.4427 6.0028 0.0211 0.021014031 -0.0307 0.023204543 -0.0471 0.0225292 0.0903 0.024350297 1 6
514 17.4878 5.1315 258.6811 5.0906 0.0083 0.02227242 -0.0021 0.023842199 0.0363 0.021614907 0.0608 0.027035043 1 6
515 11.0997 6.1787 290.678 7.2469 -0.02 0.01790734 0.0359 0.03209797 0.0231 0.019859923 -0.0442 0.026775142 1 6
516 20.162 6.4174 250.4212 9.0446 -0.0244 0.025819428 0.0441 0.034650512 0.0436 0.031442102 0.0358 0.030965406 1 6
517 -14.991 3.6 254.2356 5.1023 0.0437 0.017612368 0.0436 0.018470995 0.0062 0.019674163 0.0432 0.019779991 1 6
518 4.5811 4.7056 278.0924 6.647 0.014 0.016885165 -0.0285 0.019823063 0.0111 0.016930772 0.0579 0.02469803 1 6
519 -35.4163 14.6238 293.9608 15.1897 -0.0417 0.05390859 0.0274 0.04995482 -0.0067 0.054374386 0.0576 0.061147448 1 6
520 -21.7425 14.0041 298.6978 12.9527 0.0318 0.04561268 0.0313 0.047343433 -0.0809 0.04872133 0.0394 0.062092084 1 6
521 -2.7733 4.3679 283.1524 6.489 0.0404 0.016417965 0.0183 0.01942633 -0.0184 0.016149532 -0.0189 0.019773563 1 6
522 -12.2892 8.1406 266.115 9.4807 0.0151 0.034184363 -0.0063 0.03407033 0.0539 0.0375811 0.0587 0.03635633 1 6
523 -12.2376 4.7925 259.4377 8.6946 0.034 0.019897059 0.068 0.030845033 0.0363 0.024125617 0.0369 0.030168384 1 6
524 7.6116 4.594 274.2484 7.4188 -0.0075 0.017817605 0.0507 0.022340586 -0.0252 0.016653964 0.0106 0.020212553 1 6
525 -5.6558 4.0401 290.9936 4.927 0.0169 0.013511294 0.0205 0.016137697 0.0343 0.0160107 0.0238 0.018149827 1 6
526 -13.2603 4.2224 283.487 5.7533 0.0069 0.01736964 0.0052 0.020470293 0.0492 0.017371072 0.0178 0.02019398 1 6
527 -19.5255 18.8181 297.6413 20.9089 -0.0597 0.056903522 0.027 0.070159264 -0.0313 0.064389236 0.1524 0.07326394 1 6
528 -29.7277 5.0488 284.3698 6.3803 -0.0025 0.019106383 0.0037 0.021415962 0.0811 0.01887207 0.0918 0.023259554 1 6
529 22.2676 4.9572 251.3966 5.7016 -0.0004 0.022653705 0.0075 0.025857802 0.0278 0.025329731 0.0678 0.02868578 1 6
530 5.2399 4.0126 264.2738 6.1737 0.0746 0.01989411 0.0055 0.023863342 -0.0645 0.018669778 0.0156 0.020187119 1 6
531 -15.8695 5.455 278.0448 7.5528 0.0126 0.022598073 0.0085 0.02761292 0.0143 0.022383302 0.0282 0.02804752 1 6
532 -23.4606 5.4728 265.1032 5.6902 0.0556 0.020768564 -0.0112 0.020362927 0.0029 0.01922074 0.0551 0.02664364 1 6
533 -2.3869 4.3552 277.4117 5.6529 -0.0125 0.01312566 0.0504 0.017744908 -0.0144 0.015463737 0.0071 0.018006977 1 6
534 -14.5678 6.0497 311.0857 6.2408 0.0025 0.01743386 -0.0161 0.020133223 -0.0407 0.019650789 0.05 0.023582095 1 6
535 -42.7293 4.8942 273.9304 6.6707 0.0484 0.021931412 -0.0234 0.024084141 -0.0367 0.022600608 0.0572 0.028787244 1 6
536 -16.1873 5.4931 276.0158 5.4258 0.0113 0.024824787 -0.0601 0.025536893 -0.0072 0.026560193 0.0729 0.02936926 1 6
537 -2.8426 5.0297 254.0389 5.9544 0.0079 0.026088111 -0.0471 0.032864247 0.0391 0.025750976 -0.0013 0.035863534 1 6
538 -3.4277 4.8419 268.326 7.2327 -0.0038 0.020428965 0.012 0.026148904 0.047 0.022852564 0.024 0.023134459 1 6
539 -46.8657 6.4812 281.0281 6.5928 -0.0082 0.02112642 -0.0332 0.026832499 0.0339 0.025416119 0.0972 0.02983502 1 6
540 -31.7853 5.3074 276.4858 5.8642 -0.0255 0.019123718 -0.0383 0.023397539 0.0694 0.024042137 0.0591 0.02605586 1 6
541 -33.921 5.2663 289.1154 6.0518 0.0241 0.017520126 -0.0075 0.021652333 -0.0055 0.019903334 0.0175 0.021155775 1 6
542 -25.0684 5.6352 281.0065 6.8355 -0.0041 0.020750666 -0.0396 0.024041643 0.0468 0.018641526 0.0121 0.02684672 1 6
543 -21.2732 4.0702 261.7042 5.1423 0.0332 0.01885483 -0.0102 0.02084106 0.0018 0.019854741 0.007 0.022721658 1 6
544 -36.5653 5.5061 271.3998 9.0888 -0.0264 0.026214818 0.0106 0.03171889 -0.0315 0.02548173 0.0192 0.033115696 1 6
545 -4.2894 4.2468 276.5687 5.3898 0.0103 0.016538154 -0.023 0.020042269 0.0079 0.017269703 0.0662 0.024124997 1 6
546 -22.7809 4.3563 282.7122 5.5776 0.032 0.018126776 -0.015 0.02301417 0.0198 0.016423851 0.0246 0.022242736 1 6
547 -27.71 4.5888 237.097 7.9949 0.0492 0.023202311 0.0713 0.026414962 -0.0037 0.02597796 0.0194 0.027699219 1 6
548 -30.9986 6.4867 297.205 7.6851 -0.0371 0.019914953 -0.0306 0.032554854 0.0338 0.022682233 0.0371 0.035602067 1 6
549 -13.6978 6.8381 275.6358 7.0336 0.0146 0.02308003 0.0209 0.025565218 -0.0045 0.024529064 0.0352 0.02666943 1 6
550 -32.4414 5.6563 288.484 5.7435 0.0628 0.017358638 -0.0565 0.022892857 0.0104 0.018987544 0.0107 0.023113728 1 6
551 -3.4048 4.381 275.0653 5.8891 0.001 0.015833093 0.0192 0.019971624 -0.0332 0.017276103 -0.0216 0.021233859 1 6
552 -11.7182 4.9988 280.2426 5.4426 -0.0145 0.016860796 -0.0461 0.020801587 -0.005 0.01887259 0.0096 0.022853533 1 6
553 9.0422 4.8967 281.869 6.4425 -0.0109 0.015031753 0.0428 0.021684822 -0.0687 0.01575664 0.013 0.024983678 1 6
554 -5.86 5.5821 260.2546 6.9828 0.0462 0.021564791 0.0505 0.027749319 0.0251 0.025473952 -0.0203 0.026441274 1 6
555 -7.0949 4.9618 274.6373 6.2762 0.0175 0.019437619 0.0018 0.023961632 0.0524 0.020985948 0.0294 0.02501639 1 6
556 -15.1 4.9805 277.6902 6.3789 0.0092 0.018790234 0.0475 0.018393017 -0.0224 0.019004013 -0.0163 0.022297198 1 6
557 3.2515 5.5875 276.0059 6.794 0.0418 0.024284918 0.0148 0.021634808 -0.0718 0.022687476 0.0498 0.022715028 1 6
