data/processed/NGC4552/gauss_hermite_kins_o.ecsv
# %ECSV 1.0
# ---
# datatype:
# - {name: vbin_id, datatype: int64}
# - {name: v, datatype: float32}
# - {name: dv, datatype: float32}
# - {name: sigma, datatype: float32}
# - {name: dsigma, datatype: float32}
# - {name: h3, datatype: float32}
# - {name: dh3, datatype: float32}
# - {name: h4, datatype: float32}
# - {name: dh4, datatype: float32}
# - {name: h5, datatype: float32}
# - {name: dh5, datatype: float32}
# - {name: h6, datatype: float32}
# - {name: dh6, datatype: float32}
# - {name: is_good, datatype: int64}
# - {name: n_gh, datatype: int64}
# meta: !!omap
# - PSF:
#     sigma: [0.29083112024502816, 1.3196970523223914]
#     weight: [0.822760254826573, 0.177239745173427]
# schema: astropy-2.0
vbin_id v dv sigma dsigma h3 dh3 h4 dh4 h5 dh5 h6 dh6 is_good n_gh
1 -1.7442 7.9373 271.7329 8.0446 -0.0026 0.025731208 0.0214 0.031804997 0.0136 0.029103288 -0.0342 0.034640804 1 6
2 24.2645 5.7281 279.6564 7.3622 -0.0285 0.02331603 0.0063 0.023390995 0.0115 0.02445256 0.0172 0.025446936 1 6
3 42.8874 5.3299 273.2544 6.1408 -0.0523 0.017788768 -0.0045 0.02006701 0.0506 0.019547852 0.0472 0.021535374 1 6
4 12.6378 5.3863 272.9995 6.2222 -0.0395 0.020825693 -0.0134 0.022959813 0.0464 0.017983997 0.0238 0.021597 1 6
5 35.4394 3.5832 281.7236 4.5517 -0.0324 0.0153135015 -0.0064 0.017490095 0.0322 0.016194936 0.0382 0.017862378 1 6
6 33.5168 5.1128 283.1122 5.0835 -0.0219 0.014966746 0.0058 0.017722394 -0.0007 0.01537194 -0.0017 0.018162947 1 6
7 29.2043 4.3342 281.0248 5.5663 -0.0618 0.015703538 -0.0035 0.020130333 0.0631 0.014349677 0.0475 0.021287402 1 6
8 29.7868 4.1995 283.9248 4.3998 -0.0391 0.014584097 0.0093 0.015849032 0.055 0.016476437 0.022 0.01889207 1 6
9 18.1681 4.342 284.1504 5.337 -0.0511 0.01420098 -0.0186 0.018664666 0.0372 0.016545517 0.0407 0.020261472 1 6
10 34.6835 3.4557 285.8187 4.2977 -0.0304 0.011976769 0.0278 0.014950084 0.0093 0.010882753 -0.0211 0.013826852 1 6
11 24.9224 6.2959 281.9449 6.8522 -0.007 0.02124784 -0.019 0.02419615 -0.0195 0.023768475 0.0218 0.024538511 1 6
12 47.6129 4.2711 274.3098 5.4575 -0.0402 0.01718498 0.0002 0.022387348 0.0114 0.018166075 0.0143 0.02134583 1 6
13 34.2991 4.2315 286.2826 5.0524 -0.0097 0.014847478 0.0189 0.017712818 0.0094 0.015616923 -0.0108 0.020245165 1 6
14 21.1078 3.8954 284.4042 4.1229 -0.0424 0.012138975 -0.0015 0.014390115 0.0149 0.015884303 -0.0125 0.0144244535 1 6
15 39.5409 3.5432 277.0254 4.5756 -0.0418 0.0152498605 -0.0126 0.018207604 0.058 0.014837483 0.017 0.018606154 1 6
16 3.6291 7.5131 297.3169 7.8302 0.0357 0.02113834 0.0067 0.020765059 -0.0182 0.024031252 -0.0089 0.026693758 1 6
17 43.6365 4.5229 290.6781 4.8631 -0.0471 0.0142863905 0.0316 0.01855893 -0.0059 0.014047181 -0.0304 0.018586814 1 6
18 42.7487 3.897 302.8724 4.7477 -0.0034 0.013555038 -0.0005 0.0143199805 -0.0153 0.01313361 0.0302 0.015354547 1 6
19 20.7632 3.2399 277.6307 4.644 -0.0306 0.013584576 0.0125 0.01738652 0.0363 0.016078811 0.0244 0.016892103 1 6
20 13.6501 3.9858 273.0886 5.8999 -0.0457 0.014841178 -0.001 0.016862897 0.0431 0.01605957 0.0382 0.014935684 1 6
21 39.5157 3.592 282.6125 4.9311 -0.0395 0.01337632 0.0634 0.016311603 -0.0085 0.015285612 -0.0489 0.018604806 1 6
22 14.1813 3.8801 282.1699 4.2298 -0.0397 0.013598722 -0.0316 0.017932832 0.0203 0.013758301 0.019 0.019002214 1 6
23 23.7597 4.8527 284.7374 4.5461 -0.0292 0.015189215 -0.0087 0.019736297 0.0425 0.016802803 0.0729 0.020981334 1 6
24 12.6472 3.2923 283.5845 4.5774 -0.0091 0.01288102 0.0023 0.015116905 -0.0011 0.014771866 0.0351 0.014237628 1 6
25 1.5013 4.4795 284.3781 4.9608 1e-04 0.012819699 -0.0005 0.018406464 0.0156 0.01700323 0.0452 0.017987829 1 6
26 27.6619 4.0679 281.2232 5.5107 -0.0284 0.013468665 0.0129 0.018199362 -0.0022 0.013869768 -0.011 0.018579623 1 6
27 -6.3937 4.0537 281.8374 4.8556 -0.0103 0.015291187 -0.0047 0.018204235 0.0429 0.018582975 0.0532 0.01821635 1 6
28 -18.2707 4.6904 282.2913 7.7882 -0.0128 0.019780906 0.0687 0.023674564 0.0498 0.020085324 0.0082 0.02217553 1 6
29 22.7494 4.6521 278.5583 6.4694 -0.0477 0.018202111 0.0035 0.021172412 0.0216 0.018700577 0.0345 0.020945227 1 6
30 18.2043 4.2476 281.5743 4.9833 0.008 0.018028889 -0.0097 0.018509937 0.037 0.01721757 0.0326 0.018372688 1 6
31 -10.2523 6.2935 301.2296 8.3156 0.0381 0.019392738 0.0493 0.017620245 0.0052 0.021736527 0.0042 0.025476512 1 6
32 -0.4631 5.0764 280.4876 7.4728 0.0157 0.018193204 0.0576 0.021910852 0.0196 0.018220197 0.0058 0.024657754 1 6
33 -1.1261 4.4922 280.9614 4.7234 0.0193 0.01557834 -0.0126 0.019301957 -0.0002 0.017899014 0.013 0.02017926 1 6
34 -8.5707 3.9973 273.0294 5.4436 0.0175 0.018594129 -0.0045 0.018371133 0.0274 0.018734744 0.0252 0.018512296 1 6
35 23.6499 4.9775 284.0734 6.2007 0.0154 0.016798317 0.0373 0.018661404 0.0097 0.017888092 -0.0145 0.019996945 1 6
36 -8.7809 4.8258 294.5105 5.2649 0.023 0.016626306 0.0256 0.01767587 0.0414 0.017290952 0.0266 0.018952448 1 6
37 3.8419 4.5152 284.3451 5.2793 1e-04 0.014801306 0.0007 0.019865904 0.0179 0.017979447 0.0038 0.016808491 1 6
38 -23.5288 4.661 288.1078 4.6074 0.0288 0.016461112 0.006 0.016236467 0.0266 0.01575186 0.015 0.017825028 1 6
39 12.6315 4.0449 265.9102 6.1719 0.0129 0.018397052 0.023 0.020312615 -0.0254 0.018902985 -0.0199 0.022667995 1 6
40 26.9705 4.069 268.2726 5.5918 -0.0028 0.015408424 0.0399 0.018671956 -0.008 0.016006978 0.0212 0.02060401 1 6
41 19.6436 3.698 281.1148 5.5614 -0.0103 0.01451507 -0.0087 0.018028652 -0.001 0.016044682 0.0397 0.020084353 1 6
42 32.5966 4.8902 280.4894 5.2337 -0.0223 0.017486092 0.0243 0.018376715 -0.0035 0.014594125 0.0168 0.020902455 1 6
43 26.7791 4.9547 279.6788 4.892 -0.0535 0.015150485 -0.0111 0.016643612 0.0389 0.014460029 0.0548 0.0211247 1 6
44 -5.0296 3.9945 290.1936 4.4756 -1e-04 0.014009996 0.0413 0.018355317 0.0037 0.012625345 -0.0444 0.016030256 1 6
45 0.9602 4.4103 286.4159 6.0267 -0.0317 0.016044237 0.0736 0.017268492 -0.0066 0.017288683 -0.0227 0.020582968 1 6
46 15.8187 4.2988 296.5446 5.1965 0.0163 0.013569684 -0.0238 0.016625468 -0.0597 0.011967697 0.0185 0.017736465 1 6
47 39.7232 5.1349 283.6006 5.6318 -0.0614 0.017905574 0.0209 0.020092934 0.0558 0.016772319 0.0344 0.023038305 1 6
48 29.4735 4.2169 291.4696 4.3454 -0.0023 0.01556591 0.0038 0.019477041 -0.0026 0.018169595 0.0078 0.017793635 1 6
49 40.9493 4.0157 277.0332 6.1903 -0.0453 0.014272489 0.0488 0.01863704 0.0379 0.016596602 0.0219 0.01648783 1 6
50 31.9259 4.8619 286.4899 4.9623 -0.0517 0.01631838 -0.0109 0.020117635 0.0047 0.018018834 0.0789 0.020571794 1 6
51 29.1915 4.8412 282.185 6.3919 -0.0378 0.017424729 0.0415 0.020647578 0.0403 0.017086398 0.0152 0.017507054 1 6
52 2.2947 4.086 290.8125 5.3661 0.0063 0.016566891 0.0024 0.018108862 -0.0184 0.014610307 0.0458 0.018993422 1 6
53 31.6352 4.9387 283.5608 6.2865 -0.0706 0.014874371 0.0361 0.020143386 0.0282 0.016536565 0.0133 0.021219734 1 6
54 22.6606 5.1776 265.271 9.3345 -0.0442 0.024941117 -0.0021 0.034742754 0.0421 0.022480896 0.0196 0.037082672 1 6
55 37.3971 3.6676 267.4642 6.0407 -0.0126 0.015393882 0.0204 0.02188872 0.0337 0.017782887 0.0215 0.02442336 1 6
56 16.6597 5.2577 279.7327 6.6184 -0.0059 0.02117753 0.0124 0.024253558 0.0233 0.020476956 0.0819 0.024916705 1 6
57 18.0567 3.6157 277.9316 5.0586 -0.0294 0.014357173 0.0316 0.017514419 0.0306 0.015746739 0.0319 0.019327268 1 6
58 2.5403 3.6114 271.8419 4.4731 -0.0442 0.012666242 0.0173 0.012340708 0.0499 0.014039827 0.0396 0.0140152825 1 6
59 16.1328 4.2146 274.1083 5.5922 -0.0122 0.015329096 0.0429 0.017222516 -0.0065 0.016146848 0.0148 0.015086205 1 6
60 -4.8936 3.207 280.6867 5.0345 -0.0247 0.012237503 0.0247 0.017646017 0.0222 0.014384276 0.0309 0.01815188 1 6
61 53.6403 5.1079 278.8768 5.8303 -0.0421 0.01660522 0.0214 0.02128493 -0.0024 0.01904573 0.0101 0.020542983 1 6
62 47.4385 4.4331 280.1214 5.7706 -0.0137 0.014905747 0.0459 0.02060955 -0.0209 0.017375035 0.0207 0.021392787 1 6
63 38.223 6.3643 276.314 8.8514 -0.0944 0.017570622 0.0874 0.02352911 0.0394 0.019529408 -0.0219 0.017468944 1 6
64 28.6483 4.948 285.8999 6.3901 -0.0997 0.021582782 -0.0049 0.020706095 0.0436 0.02066619 0.025 0.022088684 1 6
65 16.5607 4.98 284.8454 6.1107 -0.035 0.014230289 0.0343 0.016389713 -0.0118 0.016764903 0.0672 0.020689271 1 6
66 35.5678 4.7772 274.3096 5.892 -0.0351 0.019694386 -0.0158 0.026077183 0.0173 0.020507667 0.109 0.030092664 1 6
67 22.0166 4.4226 281.8487 6.6327 -0.0222 0.014996025 0.0792 0.017731475 -0.0147 0.015901087 0.0297 0.019581715 1 6
68 5.5741 5.7293 304.5526 6.3263 -0.0426 0.017938055 0.0438 0.019949917 0.0497 0.016936524 0.0081 0.019713223 1 6
69 20.8059 4.4487 267.3438 5.1588 -0.0031 0.016974643 -0.0038 0.022311639 -0.0249 0.015485603 0.0271 0.022241117 1 6
70 25.8448 5.0483 282.9112 6.0548 -0.0091 0.02153009 -0.0126 0.02666447 -0.0164 0.021768754 0.0593 0.025258187 1 6
71 10.6528 4.787 276.1834 7.4063 -0.0348 0.019016933 0.0761 0.023012128 -0.0177 0.017818574 0.0087 0.022808965 1 6
72 47.2873 5.0035 268.8762 6.5828 -0.004 0.01881168 0.0603 0.024595369 -0.039 0.017641157 0.0111 0.023795571 1 6
73 10.636 4.3404 275.5108 5.659 -0.0306 0.02020804 0.0112 0.025587806 0.0156 0.02375918 0.0407 0.027589437 1 6
74 44.5783 3.9362 279.8867 5.4337 0.0047 0.015542606 0.0058 0.022644563 -0.0563 0.015833871 0.0326 0.021650767 1 6
75 11.8184 5.2184 257.2804 6.9431 -0.0346 0.020347854 0.0146 0.029368097 0.0051 0.019989401 -0.0192 0.027150456 1 6
76 18.6735 5.4243 291.6932 8.9217 -0.052 0.017374927 0.1004 0.028242975 0.0309 0.019728497 -0.0071 0.023196425 1 6
77 -6.9027 5.4499 300.9746 6.4692 -0.0396 0.016980372 0.0655 0.017142205 -0.0284 0.019127492 -0.0035 0.02349283 1 6
78 26.3552 4.9197 276.3289 7.0084 -0.0617 0.017918522 0.0267 0.024463078 0.0138 0.021965949 -0.0003 0.025287818 1 6
79 24.3709 4.4181 285.1138 4.239 -0.0077 0.014139524 0.0255 0.016634323 -0.0555 0.015003813 0.0215 0.017756442 1 6
80 18.9932 5.1566 294.5748 7.2698 -0.0514 0.016834406 0.0552 0.01870968 0.0038 0.01894522 -0.0268 0.021433955 1 6
81 -4.8523 4.4686 282.8184 5.5736 -0.0402 0.017402772 -0.0013 0.019959357 0.0054 0.018013854 -0.0307 0.018315248 1 6
82 26.8908 5.5489 258.1288 8.5899 -0.0578 0.022465667 0.0552 0.036403168 0.0329 0.02360281 -0.0503 0.029616203 1 6
83 -6.5636 4.2167 294.8443 5.1287 -0.0889 0.012568348 0.0401 0.015486301 0.1057 0.0148390485 0.0578 0.018083049 1 6
84 18.1708 6.2618 279.8023 9.0612 -0.0215 0.021095699 0.0467 0.02967255 -0.0399 0.02487766 -0.0083 0.027379548 1 6
85 -1.1936 5.5678 289.469 7.3084 -0.0314 0.016935628 0.0612 0.021404324 0.0113 0.018498698 0.0016 0.02571905 1 6
86 8.3227 4.4029 283.5822 4.9472 -0.0303 0.015109632 0.0347 0.018633183 0.025 0.016457953 -0.0138 0.017357633 1 6
87 14.7996 4.8095 270.2473 6.9784 -0.0133 0.019275693 0.0629 0.020835597 -0.0222 0.02062901 0.0365 0.021139437 1 6
88 21.9566 5.4894 274.842 6.8075 0.0021 0.018004227 -0.0547 0.026731415 0.0339 0.019597633 0.0604 0.029324172 1 6
89 -10.5735 4.3088 286.3581 4.6986 0.0133 0.012065238 -0.0088 0.017307203 0.0096 0.013597441 -0.0072 0.018453991 1 6
90 -12.1485 4.2415 277.9793 5.2314 0.0322 0.016686734 0.004 0.02298123 0.0141 0.017959276 -0.023 0.02035264 1 6
91 13.0048 6.2595 274.7394 6.6606 -0.0529 0.020279085 0.0241 0.018871408 0.0432 0.020578265 0.0767 0.024329575 1 6
92 -2.44 4.9155 285.3629 5.4596 -0.0281 0.01853263 -0.0193 0.019509912 0.0125 0.019401815 0.0409 0.021088744 1 6
93 7.0878 4.5919 273.3168 4.9131 -0.0308 0.018849928 -0.0362 0.01946188 0.0192 0.022463147 0.0903 0.021735633 1 6
94 19.1275 4.8358 274.1043 7.5569 -0.0415 0.018723603 0.0672 0.01873654 0.0876 0.018795075 0.0347 0.022567961 1 6
95 -11.2541 4.3751 293.1304 4.965 0.0081 0.014541816 -0.0085 0.02070605 0.0339 0.015697556 0.0086 0.02108016 1 6
96 -4.1634 4.2479 279.924 6.6643 -0.0673 0.018213885 0.0265 0.020023024 0.0469 0.016833413 0.0544 0.018631026 1 6
97 -14.849 5.2168 276.6154 5.8217 0.0453 0.019136801 -0.0149 0.024444439 -0.0111 0.01994506 0.025 0.028248336 1 6
98 31.0058 4.2578 291.1376 4.7448 -0.0436 0.015198064 0.0092 0.015186903 0.0169 0.016524564 0.0095 0.019814108 1 6
99 -5.6014 4.8435 291.03 7.3132 -0.0414 0.018941866 0.036 0.021962186 0.0495 0.017360605 0.0217 0.020990027 1 6
100 8.2655 5.5427 282.145 6.368 0.0188 0.016369052 0.0347 0.024248283 0.0625 0.019778939 0.0127 0.025216855 1 6
101 -23.7076 5.1456 283.9585 5.4528 0.0324 0.016399095 0.0319 0.018043023 0.0197 0.016514476 -0.0012 0.019450191 1 6
102 12.6694 6.172 266.1972 9.3855 0.027 0.023604136 0.0214 0.03661553 -0.0725 0.025078196 0.0108 0.031812903 1 6
103 -3.6864 4.5762 287.9904 6.5464 -0.0073 0.015560514 -0.0056 0.02020884 0.0007 0.01626795 0.0039 0.019358447 1 6
104 -14.045 4.2616 281.7466 4.3799 0.0426 0.014679045 -0.0333 0.01701285 -0.0029 0.015407286 0.0763 0.0177948 1 6
105 7.2573 3.2345 281.7522 4.5159 -0.0238 0.013527172 0.0108 0.015993994 0.0163 0.014867895 0.057 0.015757602 1 6
106 9.5432 3.8053 276.3096 5.1585 -0.023 0.012785452 0.0326 0.01659117 0.017 0.013434096 0.0583 0.020180076 1 6
107 -6.1154 3.0927 275.4581 5.3054 -0.0386 0.0129716275 0.0051 0.018218812 0.0141 0.014459658 0.0563 0.017569346 1 6
108 -7.9162 6.1962 277.0575 7.3828 -0.0022 0.024924614 -0.0226 0.026935192 0.0337 0.026664201 0.064 0.028765032 1 6
109 5.4461 5.3006 277.8418 7.1226 -0.0031 0.02014625 -0.0254 0.021994205 -0.0003 0.022216082 0.0522 0.024702515 1 6
110 -6.6308 3.9129 286.2978 6.1058 0.0097 0.013515643 0.0296 0.019117491 -0.005 0.014387335 0.0083 0.018191546 1 6
111 -16.2073 4.1395 287.0361 5.0614 0.0253 0.014576321 0.037 0.017346036 -0.0105 0.014777227 -0.007 0.015616946 1 6
112 8.2592 5.1307 286.5769 5.5235 0.0392 0.014920797 -0.0064 0.018998839 -0.0212 0.01757249 0.0624 0.019970814 1 6
113 6.5085 5.0634 280.1417 6.7591 -0.0374 0.018692173 0.0205 0.0232425 0.0387 0.022619901 0.0754 0.022915209 1 6
114 0.9769 3.1388 281.087 4.6328 -0.0308 0.014603057 0.0068 0.015969248 -0.0033 0.016620897 0.0362 0.017924577 1 6
115 -17.8827 3.9878 290.4262 4.3728 0.0509 0.015537508 0.0173 0.016456436 -0.0311 0.015374763 0.0406 0.018084368 1 6
116 -16.9933 4.7472 293.8016 5.8734 -0.0021 0.017505549 -0.0071 0.019561552 -0.0309 0.019950781 -0.0181 0.019377053 1 6
117 -33.0335 4.7351 273.7751 7.29 0.0305 0.017860966 0.0674 0.021585504 -0.0006 0.01773618 -0.0026 0.021341214 1 6
118 17.3126 4.3374 279.4563 4.8768 -0.0221 0.011524141 0.0119 0.015797049 0.0058 0.014702629 0.0242 0.018006546 1 6
119 4.0582 5.5494 295.3152 6.2628 0.0206 0.018632358 -0.0252 0.01979764 0.0223 0.016878143 0.0542 0.022407988 1 6
120 -9.5918 3.6142 273.3533 5.5017 0.0017 0.014281012 0.0027 0.021655198 0.0031 0.016837241 0.0065 0.020196555 1 6
121 -16.6328 3.6666 295.6427 4.4613 0.0361 0.013126782 -0.0092 0.014207846 0.0083 0.013671378 0.103 0.014890865 1 6
122 5.6408 6.5963 286.5334 5.892 -0.0134 0.020111203 -0.0272 0.022740778 -0.015 0.02303459 0.0427 0.026420392 1 6
123 -18.818 3.8751 275.0897 4.7732 0.0359 0.015250031 0.0385 0.01614533 -0.0367 0.013208966 0.0209 0.017606445 1 6
124 19.8571 4.3194 283.2797 6.0087 -0.0299 0.015101588 0.0396 0.019984955 -0.0263 0.014960698 -0.0037 0.021102527 1 6
125 50.0675 4.392 275.9074 6.9246 -0.0339 0.017898148 0.0075 0.027213242 0.0461 0.020712048 0.0389 0.025728358 1 6
126 21.6337 5.244 268.6482 8.3441 -0.0241 0.023642823 0.0482 0.024362462 0.0271 0.023501147 0.0889 0.02738047 1 6
127 29.2406 5.0458 262.5979 5.3015 -0.0647 0.01867255 -0.0079 0.02499478 0.0769 0.021696787 0.0798 0.020748936 1 6
128 16.6726 4.3906 272.5953 5.9664 -0.0275 0.01939852 -0.0076 0.021004401 0.0462 0.020674909 0.0808 0.024861734 1 6
129 -12.2451 4.7061 270.021 7.015 -0.0194 0.020101858 0.0256 0.023461552 0.0431 0.020752376 0.0246 0.023103707 1 6
130 2.2982 5.2422 305.6453 7.1306 -0.0238 0.01863695 0.0157 0.023255305 0.024 0.021457193 0.0061 0.027237587 1 6
131 4.6149 5.1103 276.8282 4.8247 -0.0346 0.017978908 -0.0485 0.016883302 0.0512 0.015926553 0.0413 0.018656617 1 6
132 -4.3054 5.1399 292.6009 5.7735 -0.0442 0.0172821 0.0248 0.01983257 0.0281 0.018008092 0.0777 0.023978172 1 6
133 -15.5941 4.8017 302.2232 6.0094 -0.0406 0.014928757 0.055 0.016364986 0.0292 0.018866384 -0.0116 0.019324498 1 6
134 -1.8356 4.4161 290.9753 4.736 -0.0541 0.013382519 0.0277 0.014804128 0.0153 0.014969394 0.0558 0.017052207 1 6
135 -22.5506 5.7603 291.944 5.9759 0.053 0.014494931 0.0412 0.020068334 -0.0411 0.017266147 0.0192 0.020025294 1 6
136 -34.5212 4.3121 293.7739 6.2299 -0.0257 0.014920144 0.0369 0.016311394 0.0434 0.015310917 0.0598 0.017116485 1 6
137 -9.8102 4.0443 286.6938 5.1798 0.0037 0.015495161 -0.0061 0.019192377 -0.0049 0.013954651 0.108 0.021100372 1 6
138 1.7826 5.0522 283.2731 5.7021 -0.0311 0.017963767 -0.0229 0.02217911 -0.0314 0.02091502 0.1174 0.020223897 1 6
139 1.3574 6.2396 305.8236 6.8131 0.0379 0.020124871 -0.0155 0.025712697 -0.0284 0.02351536 0.0441 0.026419813 1 6
