data/processed/NGC4552/gauss_hermite_kins_s.ecsv
# %ECSV 1.0
# ---
# datatype:
# - {name: vbin_id, datatype: int64}
# - {name: v, datatype: float32}
# - {name: dv, datatype: float32}
# - {name: sigma, datatype: float32}
# - {name: dsigma, datatype: float32}
# - {name: h3, datatype: float32}
# - {name: dh3, datatype: float32}
# - {name: h4, datatype: float32}
# - {name: dh4, datatype: float32}
# - {name: h5, datatype: float32}
# - {name: dh5, datatype: float32}
# - {name: h6, datatype: float32}
# - {name: dh6, datatype: float32}
# - {name: is_good, datatype: int64}
# - {name: n_gh, datatype: int64}
# meta: !!omap
# - PSF:
#     sigma: [0.8849143589308862, 3.779182879769932]
#     weight: [0.919760652354997, 0.08023934764500296]
# schema: astropy-2.0
vbin_id v dv sigma dsigma h3 dh3 h4 dh4 h5 dh5 h6 dh6 is_good n_gh
[from data line 1192]
1193 -22.9165 7.9105 190.71295 8.8594 -0.0229 0.05204212 -0.0881 0.04824106 0.0 0.1 0.0 0.1 1 6
1194 26.2002 10.7343 257.24872 33.4477 -0.0016 0.0421388 0.0673 0.10213013 0.0 0.1 0.0 0.1 1 6
1195 17.6809 7.6319 254.36217 8.8192 0.0522 0.039643012 -0.037 0.040137704 0.0 0.1 0.0 0.1 1 6
1196 19.25 11.6559 211.72 32.424 -0.0012 0.057109978 0.2109 0.1181731 0.0 0.1 0.0 0.1 1 6
1197 -7.2442 6.9049 206.94627 11.0616 -0.0336 0.041111752 -0.0596 0.050938435 0.0 0.1 0.0 0.1 1 6
1198 0.0825 12.9571 249.17989 8.9615 0.051 0.043422427 -0.0179 0.039448485 0.0 0.1 0.0 0.1 1 6
1199 19.0041 10.6585 169.75151 24.6497 -0.029 0.091023184 0.0431 0.09911829 0.0 0.1 0.0 0.1 1 6
1200 -8.0554 6.6148 216.42159 9.4837 -0.0049 0.046535507 -0.0504 0.048247848 0.0 0.1 0.0 0.1 1 6
1201 26.843 10.1999 284.33664 19.6212 -0.0179 0.032145537 0.044 0.042516757 0.0 0.1 0.0 0.1 1 6
1202 6.9012 6.8058 204.55322 17.2515 0.0894 0.03940379 0.104 0.036275472 0.0 0.1 0.0 0.1 1 6
1203 19.7984 6.0728 221.97586 7.8181 0.0683 0.052233554 -0.0727 0.039698422 0.0 0.1 0.0 0.1 1 6
1204 18.0235 7.6484 237.0041 10.4423 -0.0234 0.03558357 -0.0109 0.050778113 0.0 0.1 0.0 0.1 1 6
1205 19.1046 11.7015 248.24582 7.6387 0.0007 0.045161657 0.0054 0.037596233 0.0 0.1 0.0 0.1 1 6
1206 0.7139 7.1896 212.95468 10.9497 -0.0 0.031802718 0.1138 0.039181802 0.0 0.1 0.0 0.1 1 6
1207 49.3619 7.924 239.83667 5.7661 0.0352 0.03039954 -0.0777 0.040416807 0.0 0.1 0.0 0.1 1 6
1208 4.5836 9.7304 239.77011 15.4179 0.1197 0.051326517 0.0233 0.06323914 0.0 0.1 0.0 0.1 1 6
1209 -21.9314 7.7068 214.42154 9.275 -0.0772 0.03577563 -0.0036 0.04722073 0.0 0.1 0.0 0.1 1 6
1210 15.7982 6.7974 224.50763 11.615 -0.0163 0.036181204 0.0918 0.031966675 0.0 0.1 0.0 0.1 1 6
1211 5.1921 6.8561 229.68372 9.8951 0.0743 0.042819075 -0.053 0.035667185 0.0 0.1 0.0 0.1 1 6
1212 19.9559 6.2537 227.09744 9.6324 0.0163 0.03008731 -0.0121 0.033142928 0.0 0.1 0.0 0.1 1 6
1213 -11.9984 8.029 247.91518 12.9041 0.0022 0.033151038 0.0054 0.053841088 0.0 0.1 0.0 0.1 1 6
1214 -11.4333 7.3349 213.12584 12.248 0.0232 0.04277614 0.0441 0.040629443 0.0 0.1 0.0 0.1 1 6
1215 26.1076 8.102 231.80472 9.9622 -0.0472 0.03202932 -0.0553 0.03301227 0.0 0.1 0.0 0.1 1 6
1216 41.8397 10.743 235.60466 10.6096 0.0403 0.040088672 0.0062 0.038203165 0.0 0.1 0.0 0.1 1 6
1217 1.2985 9.1605 192.78703 14.5946 0.0382 0.037766997 0.0782 0.059170652 0.0 0.1 0.0 0.1 1 6
1218 -9.9612 11.9278 179.54001 16.7987 0.0062 0.07037539 -0.0069 0.062008712 0.0 0.1 0.0 0.1 1 6
1219 17.2046 7.4304 226.91537 9.2438 0.0516 0.04785516 -0.0213 0.046296623 0.0 0.1 0.0 0.1 1 6
1220 50.0545 9.8381 239.61418 4.9309 -0.0084 0.031043418 -0.1277 0.042833928 0.0 0.1 0.0 0.1 1 6
1221 23.8956 8.2334 238.97894 8.2324 -0.1191 0.03252931 -0.0895 0.042198535 0.0 0.1 0.0 0.1 1 6
1222 11.8405 9.4288 227.84201 14.4697 -0.0456 0.041613307 0.0038 0.050643858 0.0 0.1 0.0 0.1 1 6
1223 0.4676 13.7236 288.15863 29.7258 0.0745 0.03620826 0.1088 0.045859005 0.0 0.1 0.0 0.1 1 6
1224 15.1874 8.4597 194.51826 18.4438 0.0051 0.05230159 0.016 0.07663105 0.0 0.1 0.0 0.1 1 6
1225 28.5622 8.3138 222.9444 5.4619 0.124 0.046956234 -0.0633 0.04518672 0.0 0.1 0.0 0.1 1 6
1226 59.1104 9.6472 255.95891 9.7704 0.1282 0.03416514 -0.0838 0.06352377 0.0 0.1 0.0 0.1 1 6
1227 11.2974 10.3817 203.65315 20.8064 -0.0243 0.04524006 0.0579 0.04049058 0.0 0.1 0.0 0.1 1 6
1228 21.5345 8.9939 258.25357 7.6772 -0.0573 0.033646848 -0.1354 0.036728907 0.0 0.1 0.0 0.1 1 6
1229 16.6032 8.1933 197.55435 16.3299 0.0879 0.054122433 0.1405 0.040141232 0.0 0.1 0.0 0.1 1 6
1230 18.4094 10.6501 200.46431 21.3318 -0.0084 0.04969618 0.0515 0.049340792 0.0 0.1 0.0 0.1 1 6
1231 54.2502 9.778 234.27808 16.5653 -0.0807 0.057024654 0.0266 0.07847236 0.0 0.1 0.0 0.1 1 6
1232 27.8314 14.2998 291.8223 26.0206 0.1327 0.05112153 0.128 0.04041478 0.0 0.1 0.0 0.1 1 6
1233 48.5074 11.0848 223.54971 28.236 0.0221 0.07556035 0.0386 0.0954892 0.0 0.1 0.0 0.1 1 6
1234 18.5279 7.2804 230.7696 13.5476 0.0225 0.03924347 -0.013 0.044756085 0.0 0.1 0.0 0.1 1 6
1235 -21.4987 8.1625 224.38583 8.5824 -0.0542 0.02922234 -0.0233 0.037421405 0.0 0.1 0.0 0.1 1 6
1236 18.8057 10.9646 239.25047 13.6663 0.042 0.039718587 0.1079 0.03417653 0.0 0.1 0.0 0.1 1 6
1237 38.7202 8.8827 211.88716 11.5478 -0.0823 0.031573396 0.0622 0.03847202 0.0 0.1 0.0 0.1 1 6
1238 28.5832 18.7054 197.20111 40.0974 -0.0111 0.13102458 0.0755 0.11371863 0.0 0.1 0.0 0.1 1 6
1239 -33.3873 11.3462 258.468 11.2312 -0.0959 0.039397657 -0.0167 0.04370168 0.0 0.1 0.0 0.1 1 6
1240 -5.5783 17.024 242.20622 25.1672 0.08 0.05521309 0.0239 0.05760072 0.0 0.1 0.0 0.1 1 6
1241 12.6537 9.5754 240.73024 11.5517 -0.0104 0.054316733 -0.0434 0.05909408 0.0 0.1 0.0 0.1 1 6
1242 6.6398 11.8615 219.65736 11.7785 0.1711 0.047859505 0.1542 0.06533623 0.0 0.1 0.0 0.1 1 6
1243 -16.0835 10.28 208.56433 9.6426 0.0682 0.052032776 0.0416 0.049480245 0.0 0.1 0.0 0.1 1 6
1244 16.3934 8.0558 232.85303 12.4921 0.0287 0.038547516 -0.0149 0.052104097 0.0 0.1 0.0 0.1 1 6
1245 -28.2776 8.5301 224.33502 9.7314 0.0468 0.03552941 0.0068 0.04247262 0.0 0.1 0.0 0.1 1 6
1246 11.5113 12.0351 237.21577 13.5604 0.0326 0.0561823 -0.0887 0.06991089 0.0 0.1 0.0 0.1 1 6
1247 50.2614 6.2243 224.19768 8.1978 0.0435 0.03169217 -0.0295 0.03621027 0.0 0.1 0.0 0.1 1 6
1248 27.1396 7.7705 213.5219 12.5035 -0.034 0.04454639 0.0387 0.047980454 0.0 0.1 0.0 0.1 1 6
1249 -3.7823 8.7086 239.63477 9.6587 -0.0026 0.03819921 0.0316 0.03506345 0.0 0.1 0.0 0.1 1 6
1250 -39.3257 5.7713 218.30434 6.8971 -0.0634 0.037054054 0.0016 0.03923008 0.0 0.1 0.0 0.1 1 6
1251 36.1118 5.6032 199.34366 12.2221 -0.0144 0.051079154 0.0433 0.04793434 0.0 0.1 0.0 0.1 1 6
1252 37.1754 14.3079 250.29921 13.3254 0.0668 0.057812884 0.0365 0.046007946 0.0 0.1 0.0 0.1 1 6
1253 7.4076 7.4192 192.3939 12.3944 0.136 0.038206115 0.0255 0.05276721 0.0 0.1 0.0 0.1 1 6
1254 -8.8436 5.8978 222.03152 7.2374 -0.0447 0.03086298 0.0192 0.032847073 0.0 0.1 0.0 0.1 1 6
1255 4.004 7.6748 200.68324 15.458 0.0584 0.040597208 0.0402 0.05897444 0.0 0.1 0.0 0.1 1 6
1256 19.2422 6.4538 233.5476 8.6823 0.0434 0.03876274 -0.0887 0.039801832 0.0 0.1 0.0 0.1 1 6
1257 -29.9427 10.9582 220.62724 11.0554 0.0869 0.053313125 -0.0309 0.057353448 0.0 0.1 0.0 0.1 1 6
1258 11.8061 10.3605 239.67319 10.9934 0.0427 0.044527125 -0.0398 0.039513417 0.0 0.1 0.0 0.1 1 6
1259 1.8923 7.6589 238.63275 15.6036 -0.0143 0.04359629 0.0338 0.04125617 0.0 0.1 0.0 0.1 1 6
1260 25.3263 19.241 262.0636 40.538 0.0926 0.0769425 0.0798 0.0675556 0.0 0.1 0.0 0.1 1 6
1261 22.6222 13.5561 252.35435 15.0174 0.0662 0.039773848 0.1128 0.054036286 0.0 0.1 0.0 0.1 1 6
1262 32.7114 7.2151 214.01898 10.2104 -0.0607 0.050883923 -0.0063 0.047207016 0.0 0.1 0.0 0.1 1 6
1263 39.7138 8.6589 256.46835 10.7094 -0.0162 0.04076897 -0.0319 0.04716379 0.0 0.1 0.0 0.1 1 6
1264 8.1569 11.0511 242.13167 14.0427 0.1237 0.04283932 -0.0183 0.045682434 0.0 0.1 0.0 0.1 1 6
1265 22.1569 6.9628 203.60254 13.4606 -0.0165 0.04520005 0.0642 0.049969338 0.0 0.1 0.0 0.1 1 6
1266 11.2374 8.7691 219.0702 11.1543 0.0236 0.036711097 0.0028 0.044971775 0.0 0.1 0.0 0.1 1 6
1267 -36.2948 8.8345 224.56812 12.7014 0.0061 0.05204218 0.1019 0.040332895 0.0 0.1 0.0 0.1 1 6
1268 -386.388 144.8097 425.3263 65.8375 -0.3 0.01 -0.3 0.01 0.0 0.1 0.0 0.1 1 6
1269 -24.9754 8.7557 208.57578 12.8331 0.0702 0.04918162 -0.0381 0.053607486 0.0 0.1 0.0 0.1 1 6
1270 32.0572 11.0993 237.26837 10.0775 0.0646 0.04105937 -0.0694 0.042402722 0.0 0.1 0.0 0.1 1 6
1271 8.0021 5.8766 209.60446 32.4915 0.0446 0.057175018 0.0336 0.1530228 0.0 0.1 0.0 0.1 1 6
1272 23.9048 6.6132 183.40979 7.65 0.008 0.035112176 0.1182 0.039576452 0.0 0.1 0.0 0.1 1 6
1273 13.0745 12.1635 252.95528 23.0915 0.0166 0.05771933 0.073 0.06750823 0.0 0.1 0.0 0.1 1 6
1274 -0.1618 13.812 199.08861 15.4757 0.0498 0.06213939 0.0268 0.05929029 0.0 0.1 0.0 0.1 1 6
1275 -7.3261 8.5172 257.19003 9.9997 0.0231 0.028066857 0.0642 0.03519937 0.0 0.1 0.0 0.1 1 6
1276 -49.8544 8.6808 269.51776 12.3779 0.0079 0.034225006 0.0929 0.04619762 0.0 0.1 0.0 0.1 1 6
1277 0.3367 8.7042 237.44826 6.8315 -0.0212 0.038980275 -0.0674 0.036190756 0.0 0.1 0.0 0.1 1 6
1278 33.7193 10.2998 248.34798 7.3376 -0.044 0.03975323 -0.0812 0.030431 0.0 0.1 0.0 0.1 1 6
1279 13.3157 15.1723 215.9117 9.8084 0.1441 0.069828 -0.0305 0.0552122 0.0 0.1 0.0 0.1 1 6
1280 17.5181 10.8159 208.59488 10.3693 0.1729 0.057385173 0.0105 0.053940173 0.0 0.1 0.0 0.1 1 6
1281 -40.7944 10.471 190.10469 25.4706 0.0093 0.093116336 0.0683 0.09600481 0.0 0.1 0.0 0.1 1 6
1282 0.3597 10.8459 236.36676 17.1636 0.0931 0.047515724 0.0675 0.05154261 0.0 0.1 0.0 0.1 1 6
1283 63.8042 19.6827 249.57785 18.7571 -0.0114 0.060622703 0.0719 0.0632025 0.0 0.1 0.0 0.1 1 6
1284 39.5236 9.6562 245.46332 8.8444 0.0802 0.048557647 -0.0842 0.049507257 0.0 0.1 0.0 0.1 1 6
1285 -13.4471 16.5627 233.77808 18.0624 0.1151 0.0522876 -0.0103 0.07183599 0.0 0.1 0.0 0.1 1 6
1286 15.529 14.983 190.32132 17.5979 0.0409 0.08545613 0.1746 0.037872005 0.0 0.1 0.0 0.1 1 6
1287 35.4162 9.4658 225.75156 10.5658 -0.0411 0.0467048 -0.0708 0.046493273 0.0 0.1 0.0 0.1 1 6
1288 34.956 7.8321 238.98955 11.5019 -0.0683 0.046242893 0.0122 0.031303048 0.0 0.1 0.0 0.1 1 6
1289 35.6119 8.4268 249.3229 12.3517 -0.0851 0.03512485 0.022 0.035384342 0.0 0.1 0.0 0.1 1 6
1290 -10.4302 9.4963 219.70189 8.4021 -0.0869 0.05021461 -0.0897 0.054052126 0.0 0.1 0.0 0.1 1 6
1291 26.2085 8.4497 217.97253 12.9482 -0.003 0.043973085 -0.0158 0.0461577 0.0 0.1 0.0 0.1 1 6
1292 11.27 11.0419 224.28334 18.9897 0.131 0.039144136 0.0599 0.054002337 0.0 0.1 0.0 0.1 1 6
1293 14.5147 10.4381 180.91698 5.2575 0.053 0.07957032 0.0984 0.029996725 0.0 0.1 0.0 0.1 1 6
1294 9.1964 8.9889 226.2626 9.1569 0.1367 0.03945237 -0.0922 0.03215648 0.0 0.1 0.0 0.1 1 6
1295 31.618 9.6378 234.93591 14.7475 0.0015 0.027251847 0.0632 0.033078842 0.0 0.1 0.0 0.1 1 6
1296 12.2672 7.7797 181.25677 22.78 -0.0075 0.04825107 0.0716 0.10034649 0.0 0.1 0.0 0.1 1 6
1297 -5.6667 17.8351 245.46133 27.426 0.0447 0.09060973 0.0348 0.09968829 0.0 0.1 0.0 0.1 1 6
1298 -5.9506 6.7016 196.10628 16.7801 -0.0762 0.039984435 0.119 0.077857316 0.0 0.1 0.0 0.1 1 6
1299 32.128 8.0079 203.36809 8.787 0.0249 0.045075305 0.0096 0.040009636 0.0 0.1 0.0 0.1 1 6
1300 -13.1841 7.5388 238.94429 6.6779 -0.1223 0.029134808 -0.0311 0.028360229 0.0 0.1 0.0 0.1 1 6
1301 17.3227 8.6322 241.87672 12.2842 0.0973 0.03414705 -0.0186 0.03947588 0.0 0.1 0.0 0.1 1 6
1302 1.8045 8.7762 241.95831 15.6269 0.0428 0.04905637 0.1009 0.060317755 0.0 0.1 0.0 0.1 1 6
1303 -33.7242 13.079 160.51927 12.3145 0.1401 0.08458664 -0.1483 0.06610098 0.0 0.1 0.0 0.1 1 6
1304 -0.5552 11.3091 220.84921 13.9812 -0.0874 0.05700464 0.1159 0.047585517 0.0 0.1 0.0 0.1 1 6
1305 0.3798 8.9594 171.02075 10.5788 0.1667 0.0540692 -0.0578 0.063170165 0.0 0.1 0.0 0.1 1 6
1306 21.7701 9.9369 244.39148 9.7899 0.0049 0.03723563 -0.006 0.036686286 0.0 0.1 0.0 0.1 1 6
1307 -6.7454 10.2094 237.95204 15.9207 -0.031 0.047105897 0.1037 0.056374203 0.0 0.1 0.0 0.1 1 6
1308 7.1967 10.6919 196.69963 13.2027 0.0532 0.07644453 -0.0454 0.06063232 0.0 0.1 0.0 0.1 1 6
1309 -7.1951 9.243 234.41911 17.8142 0.0509 0.04508449 0.1307 0.04273118 0.0 0.1 0.0 0.1 1 6
1310 8.7316 12.2379 176.15344 23.7548 0.0765 0.07847987 0.1002 0.024423258 0.0 0.1 0.0 0.1 1 6
1311 21.6724 13.9375 185.64493 32.9779 0.03 0.09405738 0.0004 0.17558046 0.0 0.1 0.0 0.1 1 6
1312 10.1708 9.7951 211.85965 12.7918 0.1015 0.04863883 0.049 0.045712154 0.0 0.1 0.0 0.1 1 6
1313 -36.218 15.778 193.69128 28.4082 0.1172 0.0705491 0.0174 0.1462826 0.0 0.1 0.0 0.1 1 6
1314 -27.376 18.8317 186.35283 26.7412 0.0418 0.123096704 0.0655 0.11903646 0.0 0.1 0.0 0.1 1 6
1315 3.9763 9.7774 235.19925 8.8101 -0.0349 0.038599577 0.002 0.04326254 0.0 0.1 0.0 0.1 1 6
1316 -45.0662 20.2948 165.62878 18.8454 -0.0232 0.17338017 -0.2384 0.010000003 0.0 0.1 0.0 0.1 1 6
1317 32.5629 11.4945 258.71075 17.2623 -0.0074 0.042741474 0.0585 0.07038196 0.0 0.1 0.0 0.1 1 6
1318 14.5558 8.1674 235.45262 9.862 -0.028 0.038224176 -0.0698 0.04326666 0.0 0.1 0.0 0.1 1 6
1319 17.7445 9.9764 239.10924 12.5093 0.0424 0.039699387 -0.006 0.04902915 0.0 0.1 0.0 0.1 1 6
1320 12.9856 10.8884 219.25102 14.2679 -0.0273 0.04055799 -0.0043 0.050454937 0.0 0.1 0.0 0.1 1 6
1321 17.3411 8.8763 244.6145 7.4254 0.0677 0.043255813 -0.1061 0.06290536 0.0 0.1 0.0 0.1 1 6
1322 17.4892 12.2615 217.32993 20.9341 0.0345 0.056063958 -0.0052 0.058280807 0.0 0.1 0.0 0.1 1 6
1323 1.3198 10.6013 178.73277 11.4398 0.1317 0.065287955 0.0382 0.049066022 0.0 0.1 0.0 0.1 1 6
1324 15.1474 8.1216 228.12488 8.8444 0.0832 0.04358082 -0.0599 0.04569662 0.0 0.1 0.0 0.1 1 6
1325 7.8451 12.002 213.36797 25.4005 0.0054 0.06616243 0.0753 0.05957642 0.0 0.1 0.0 0.1 1 6
1326 -38.2395 7.8171 221.0231 14.8141 0.0393 0.03317464 0.0651 0.03776069 0.0 0.1 0.0 0.1 1 6
1327 13.6298 9.9621 209.32841 25.101 -0.0414 0.06694584 0.0782 0.082607165 0.0 0.1 0.0 0.1 1 6
1328 6.4555 10.1205 239.46005 14.9513 -0.0536 0.037594095 0.0736 0.04481913 0.0 0.1 0.0 0.1 1 6
1329 10.1292 10.9392 215.22531 14.703 -0.0581 0.055655748 0.0297 0.049080867 0.0 0.1 0.0 0.1 1 6
1330 -35.7992 12.9966 249.78711 17.9134 0.035 0.061393365 0.019 0.057812467 0.0 0.1 0.0 0.1 1 6
1331 14.0658 9.2676 152.37242 12.0257 -0.0295 0.07274905 0.1151 0.07292924 0.0 0.1 0.0 0.1 1 6
1332 16.7867 7.0855 239.60033 14.5078 -0.0178 0.047401268 0.0486 0.058917608 0.0 0.1 0.0 0.1 1 6
1333 42.7785 15.4955 242.76776 20.4606 0.1792 0.045083977 0.0297 0.04540046 0.0 0.1 0.0 0.1 1 6
1334 13.3231 23.0248 233.86838 115.3997 0.0195 0.085375614 0.0887 0.12425592 0.0 0.1 0.0 0.1 1 6
1335 21.2712 8.519 242.99582 14.5373 0.0914 0.035546824 -0.0096 0.047693092 0.0 0.1 0.0 0.1 1 6
1336 21.2935 6.1316 240.09267 10.2944 0.0003 0.033965014 0.0379 0.025354395 0.0 0.1 0.0 0.1 1 6
1337 5.0821 12.2299 181.57837 16.2098 0.1078 0.068594776 0.1589 0.03156242 0.0 0.1 0.0 0.1 1 6
1338 4.3947 7.1451 236.5587 18.2653 0.0421 0.035099566 0.0809 0.052549973 0.0 0.1 0.0 0.1 1 6
1339 -20.569 13.0433 247.6721 20.802 -0.0621 0.04108781 0.1013 0.054655384 0.0 0.1 0.0 0.1 1 6
1340 -11.1427 9.1023 206.6782 9.712 0.061 0.045484874 0.025 0.03503141 0.0 0.1 0.0 0.1 1 6
1341 -7.7863 8.2228 218.86282 6.1865 0.0091 0.036420796 -0.0327 0.041591577 0.0 0.1 0.0 0.1 1 6
1342 30.518 10.0087 255.79553 10.8183 0.0728 0.033088617 0.0025 0.03581054 0.0 0.1 0.0 0.1 1 6
1343 -5.0424 7.5989 227.7412 8.7748 -0.0898 0.031114329 0.0218 0.034253985 0.0 0.1 0.0 0.1 1 6
1344 30.1975 9.6304 246.05153 16.5705 0.1103 0.03638549 0.0465 0.043125063 0.0 0.1 0.0 0.1 1 6
1345 19.5524 12.8709 235.57368 20.4298 -0.0148 0.03777136 0.0427 0.06912454 0.0 0.1 0.0 0.1 1 6
1346 23.7675 8.7056 236.57779 8.4304 0.1107 0.0362243 0.0115 0.03200276 0.0 0.1 0.0 0.1 1 6
1347 17.09 7.9588 250.07397 7.6507 0.1013 0.038635787 -0.0489 0.035749946 0.0 0.1 0.0 0.1 1 6
1348 9.85 7.8354 222.03783 12.9985 -0.0003 0.05440807 0.0411 0.0348541 0.0 0.1 0.0 0.1 1 6
1349 23.5586 5.6204 205.56396 14.2414 -0.0314 0.047982525 0.0198 0.053486522 0.0 0.1 0.0 0.1 1 6
1350 39.0242 9.222 230.849 19.7722 0.0744 0.048127282 0.1001 0.07502297 0.0 0.1 0.0 0.1 1 6
1351 -37.4573 16.5102 167.3789 9.2358 -0.0214 0.13228843 -0.3 0.01 0.0 0.1 0.0 0.1 1 6
1352 -9.3893 10.5068 262.11273 11.7281 0.0242 0.026682856 0.0283 0.035985775 0.0 0.1 0.0 0.1 1 6
1353 3.0656 11.9818 225.64383 13.6591 0.1306 0.048683263 -0.0257 0.046719085 0.0 0.1 0.0 0.1 1 6
1354 21.0347 8.098 264.1346 12.5717 0.0804 0.038133185 0.0272 0.041102737 0.0 0.1 0.0 0.1 1 6
1355 1.3195 10.3671 233.39525 10.0007 0.0977 0.04738748 -0.0315 0.046307266 0.0 0.1 0.0 0.1 1 6
1356 29.1978 8.5857 205.84189 16.0639 0.0302 0.060673114 -0.0267 0.060887747 0.0 0.1 0.0 0.1 1 6
1357 -0.8256 11.6934 165.80634 14.3073 -0.0194 0.07714925 0.0922 0.06518439 0.0 0.1 0.0 0.1 1 6
1358 10.3332 10.0429 200.14952 13.0908 -0.0472 0.045138407 0.0176 0.054087095 0.0 0.1 0.0 0.1 1 6
1359 -23.3558 12.2874 226.5416 34.5856 -0.0086 0.093033575 0.0052 0.08509861 0.0 0.1 0.0 0.1 1 6
1360 -14.6223 12.7912 194.98856 19.0151 0.083 0.06840994 0.0174 0.052156042 0.0 0.1 0.0 0.1 1 6
