data/processed/NGC4552/gauss_hermite_kins_o.ecsv
# %ECSV 1.0
# ---
# datatype:
# - {name: vbin_id, datatype: int64}
# - {name: v, datatype: float32}
# - {name: dv, datatype: float32}
# - {name: sigma, datatype: float32}
# - {name: dsigma, datatype: float32}
# - {name: h3, datatype: float32}
# - {name: dh3, datatype: float32}
# - {name: h4, datatype: float32}
# - {name: dh4, datatype: float32}
# - {name: h5, datatype: float32}
# - {name: dh5, datatype: float32}
# - {name: h6, datatype: float32}
# - {name: dh6, datatype: float32}
# - {name: is_good, datatype: int64}
# - {name: n_gh, datatype: int64}
# meta: !!omap
# - PSF:
#     sigma: [0.29083112024502816, 1.3196970523223914]
#     weight: [0.822760254826573, 0.177239745173427]
# schema: astropy-2.0
vbin_id v dv sigma dsigma h3 dh3 h4 dh4 h5 dh5 h6 dh6 is_good n_gh
[from data line 558]
559 -9.4257 5.4585 280.0722 6.1283 -0.0353 0.013601879 0.0014 0.023955092 0.0127 0.015867751 0.0417 0.021787502 1 6
560 -42.6227 7.5222 248.0473 8.6333 -0.0162 0.031677425 -0.0547 0.044571042 0.0889 0.028728265 0.0625 0.045579903 1 6
561 9.3394 6.9572 234.4586 10.8128 -0.0388 0.035448782 0.0378 0.055108342 0.0548 0.033740785 -0.0582 0.04389938 1 6
562 -19.6102 5.5365 270.5022 6.5928 0.0362 0.022036348 0.0255 0.022615688 0.0225 0.023381043 -0.0049 0.02337599 1 6
563 -29.9138 4.9855 269.3165 6.6488 0.0151 0.019004693 -0.0173 0.025182666 -0.004 0.019314293 0.0143 0.02679702 1 6
564 -45.2262 5.8504 301.463 6.6526 0.0313 0.017641332 -0.0225 0.020524045 0.0046 0.019586785 0.0874 0.024836244 1 6
565 -20.1356 5.102 266.8586 6.1715 0.0207 0.018675812 -0.0756 0.029804656 -0.0353 0.02052213 0.021 0.030841446 1 6
566 -10.7557 5.9503 280.8804 6.8896 -0.0354 0.01927381 0.0269 0.024424504 -0.021 0.020282699 0.0277 0.023284666 1 6
567 -5.5128 4.9661 273.3121 5.7422 -0.0161 0.020785915 -0.0296 0.021721674 -0.0093 0.022940163 0.0579 0.02631408 1 6
568 -7.9211 4.0554 267.1861 6.5604 0.0186 0.018426789 0.0274 0.021379642 -0.0456 0.017615505 0.0053 0.019269641 1 6
569 -13.1953 4.8843 291.655 5.4937 -0.0295 0.015381108 -0.0449 0.018535625 0.0294 0.019299982 0.0454 0.023550225 1 6
570 -20.6911 5.2868 260.2312 6.4555 -0.0066 0.023052746 0.0047 0.027987191 0.0316 0.022449557 0.0047 0.028094228 1 6
571 -11.9638 5.3725 258.7342 6.1799 0.0452 0.02019039 0.0063 0.024976486 -0.0069 0.022169322 0.0427 0.027122548 1 6
572 -17.1901 5.2562 273.3412 7.4047 -0.0498 0.024527662 0.0226 0.02632941 0.0354 0.023784176 0.0021 0.030484427 1 6
573 20.1577 5.4625 258.3686 7.6513 -0.0302 0.024347791 0.0452 0.030657277 0.0062 0.024170319 0.0616 0.031373546 1 6
574 -28.7566 5.0157 271.1419 6.3448 -0.0173 0.019249609 -0.0013 0.023612555 -0.0299 0.020251125 0.0425 0.02274018 1 6
575 -16.3535 6.1572 284.7665 8.2031 -0.0623 0.018072844 0.009 0.02852591 0.0163 0.020908285 -0.0041 0.031732827 1 6
576 4.6218 6.3252 270.2521 8.8611 -0.0276 0.024818083 0.0204 0.027739229 -0.0035 0.027019585 0.0068 0.032019503 1 6
577 -24.2531 5.1169 274.1359 5.3868 0.0112 0.019634616 -0.0157 0.02108906 -0.0263 0.020152662 0.0823 0.025322406 1 6
578 -2.4248 5.1598 276.1978 6.0414 -0.0096 0.018159177 0.0404 0.018843569 -0.0205 0.018005313 0.0119 0.020248659 1 6
579 -1.9662 5.2249 255.6052 6.1469 -0.0158 0.027139956 -0.0107 0.02586317 0.086 0.026489878 0.057 0.028043043 1 6
580 -5.73 5.1179 272.8216 6.302 0.047 0.019188954 0.0339 0.022925623 0.0155 0.020096973 -0.0176 0.025400022 1 6
581 -1.7105 5.8944 272.3799 7.3171 1e-04 0.025066435 -0.0079 0.027062468 -0.0079 0.026325284 0.0733 0.029035341 1 6
582 -5.5418 5.7691 270.1182 6.2965 0.0275 0.025825078 -0.028 0.025553685 -0.0071 0.02572298 -0.0353 0.029533427 1 6
583 -17.9914 6.2093 270.1692 6.2577 -0.0217 0.019937951 -0.0081 0.026836552 0.043 0.02226148 -0.043 0.024479011 1 6
584 -15.0516 5.5348 267.195 6.5743 -0.0335 0.021717913 -0.0193 0.023718461 0.017 0.026423318 0.0833 0.026480798 1 6
585 -32.9485 4.7554 270.3932 7.3621 0.0007 0.019530613 -0.051 0.028348794 -0.0259 0.02110324 0.0341 0.032503046 1 6
586 7.9104 4.5572 265.9933 5.8728 -0.0136 0.021562725 -0.0416 0.026217198 -0.0218 0.021043226 0.0427 0.027973095 1 6
587 17.1184 4.3759 270.5934 5.9926 -0.028 0.020464113 0.0217 0.023065744 -0.0254 0.021206321 0.0986 0.025950732 1 6
588 -22.4868 5.4056 267.9916 6.3912 0.0113 0.021721024 -0.05 0.034558542 0.0139 0.02358328 -0.0125 0.03157261 1 6
589 19.4492 6.5149 298.0654 8.1197 0.0055 0.018845402 0.0358 0.021750426 -0.0182 0.019429628 -0.0612 0.025634872 1 6
590 -14.2272 5.2062 253.3225 7.8767 -0.0059 0.020819752 0.0462 0.030746398 0.0433 0.025731465 0.0673 0.03156765 1 6
591 -1.4366 5.753 260.7238 6.0438 -0.0174 0.022611544 -0.0337 0.024996975 -0.0381 0.024499863 0.0016 0.02904473 1 6
592 2.2863 4.5935 288.6708 5.1328 -0.0158 0.017466374 -0.0356 0.01897883 -0.0155 0.017445445 0.0294 0.02179953 1 6
593 23.727 5.6132 269.2529 8.9168 -0.0358 0.021996815 0.0137 0.027129717 0.027 0.021353398 0.0155 0.026460223 1 6
594 19.8443 5.9337 267.518 5.4055 0.0291 0.019136524 -0.0298 0.023060085 -0.0087 0.02209147 0.0298 0.020599129 1 6
595 4.5985 5.9137 257.3031 7.6741 -0.0081 0.026453666 -0.0267 0.02871101 0.0497 0.024912136 0.0922 0.030448247 1 6
596 3.3068 7.5783 290.7125 7.9168 -0.0435 0.020977821 -0.0088 0.024138695 0.0552 0.01967688 0.0621 0.028936956 1 6
597 -22.2999 6.2737 247.9996 8.3346 0.029 0.028535884 -0.0165 0.032482594 -0.0058 0.029899707 0.0401 0.03703395 1 6
598 -9.8574 6.1703 278.2128 6.3451 0.0225 0.022378663 -0.0159 0.024177063 -0.0256 0.021652684 0.0038 0.027432606 1 6
599 19.2759 5.2256 249.7349 9.1244 0.0104 0.023666076 0.01 0.045028497 -0.0364 0.024813093 -0.0313 0.044321183 1 6
600 -9.1679 5.7832 275.1828 5.7308 0.0158 0.025053853 -0.0454 0.026723398 0.0352 0.026324643 0.1868 0.028652199 1 6
601 -30.9962 7.4767 258.6741 9.0656 0.1017 0.03054831 -0.0022 0.038755342 -0.0422 0.026840726 -0.0098 0.033278216 1 6
602 -35.5176 6.8041 288.4527 6.3569 0.0569 0.021486614 -0.0347 0.025397452 0.0252 0.022794712 0.029 0.032575935 1 6
603 -8.2958 4.6367 271.933 5.3778 -0.0038 0.018435253 -0.0413 0.023030084 -0.002 0.023700906 0.0977 0.024391366 1 6
604 -46.8539 5.1786 289.4242 7.2066 0.0265 0.019320805 -0.0298 0.020868614 0.0218 0.022420537 0.1347 0.028079508 1 6
605 -24.3822 5.2202 276.068 5.789 0.01 0.020492787 -0.0263 0.019805482 0.0271 0.018960297 0.0317 0.02428487 1 6
606 -11.3 5.3614 265.8066 5.6081 -0.0059 0.024901222 -0.0287 0.026535008 -0.0398 0.021254105 0.1126 0.031063404 1 6
607 -0.8924 6.6602 250.2954 5.4041 0.0391 0.030694893 -0.0434 0.03260173 -0.0927 0.025975144 0.0221 0.037036125 1 6
608 -17.5912 5.0199 271.5737 6.9009 0.0055 0.01924569 -0.0197 0.02355518 -0.0094 0.022526296 0.121 0.026215944 1 6
609 -12.0359 5.3105 280.9957 6.9606 -0.0061 0.01932653 0.0099 0.026806429 -0.0199 0.024624443 -0.0157 0.02543226 1 6
610 -15.8986 5.4937 271.7549 8.0152 -0.063 0.021136954 0.0174 0.029761827 0.0217 0.021062478 -0.0142 0.02992063 1 6
611 5.8615 5.1672 264.9922 5.5181 -0.0099 0.017307224 -0.0136 0.022400385 -0.0078 0.0219263 0.0224 0.022752494 1 6
612 4.102 5.0254 269.8858 4.5354 0.0066 0.019156609 -0.0193 0.019600317 0.0312 0.01979233 0.0176 0.018900566 1 6
613 -7.0827 4.6453 266.9672 6.457 -0.0219 0.020310909 0.0374 0.020326652 0.0084 0.020263385 0.0577 0.024397321 1 6
614 -41.6906 5.0682 288.1612 6.038 0.0808 0.018463176 -0.0231 0.018479882 0.0234 0.018650154 0.1095 0.020500775 1 6
615 -17.0176 5.8237 260.2853 7.2155 0.0333 0.022602525 -0.0254 0.019955566 0.0045 0.021773204 0.1093 0.028255004 1 6
616 -28.8227 5.4951 270.1732 5.6808 0.0054 0.021934666 -0.0505 0.02101687 0.0063 0.023673521 0.0707 0.023734398 1 6
617 -23.8601 5.9811 305.0617 6.5743 -0.0618 0.017264245 0.0134 0.019227294 0.073 0.022834735 0.1171 0.023793988 1 6
618 -10.3206 5.5259 244.9884 5.9101 0.0166 0.026654981 -0.011 0.032219946 0.0195 0.02458469 -0.015 0.029504893 1 6
619 -24.4319 4.9429 268.3183 5.9793 -0.0142 0.020834634 -0.0088 0.025700815 0.0146 0.021824328 0.0359 0.0267909 1 6
620 -19.8436 5.2583 271.3626 7.1079 -0.0165 0.021545827 -0.026 0.02274077 0.0429 0.026306555 0.1067 0.029474482 1 6
621 -22.5151 6.2309 243.638 8.4938 -0.0004 0.024348296 0.0291 0.039487246 0.016 0.025048487 -0.0314 0.035965532 1 6
622 3.1421 5.3108 254.5043 6.7171 -0.0247 0.02689534 -0.0796 0.03107994 0.0459 0.028089125 0.1138 0.038624156 1 6
623 -8.5479 5.9251 279.1557 7.9669 0.0159 0.025848364 -0.0223 0.026646025 -0.0442 0.025793508 0.0346 0.02807048 1 6
624 -14.3776 5.7086 248.8796 7.639 -0.0147 0.02713838 -0.0008 0.035439037 0.1032 0.034234006 -0.0007 0.029604275 1 6
625 -20.0465 5.0285 271.4538 7.5384 -0.02 0.021702552 0.0071 0.03296184 0.0432 0.024235127 0.0007 0.02869204 1 6
626 14.2125 5.0576 268.5661 7.144 0.0124 0.023167355 0.0055 0.027639154 -0.0069 0.023993177 -0.0014 0.028669614 1 6
627 -4.5549 5.5133 281.5118 9.1803 -0.0872 0.023858568 -0.0161 0.027604898 0.0523 0.025593854 0.0647 0.033471927 1 6
628 -7.3745 5.2246 265.2004 5.3321 0.0035 0.02010792 -0.0568 0.02357892 0.0433 0.021458093 0.0215 0.027191894 1 6
629 -9.8916 5.6857 269.6642 6.4197 0.0251 0.02242273 -0.0472 0.024713608 -0.1417 0.023753095 0.0504 0.030260516 1 6
630 15.1073 5.8188 277.6813 7.4548 0.0068 0.020167442 -0.0751 0.025007231 0.0228 0.022524228 0.0922 0.032742754 1 6
631 -27.0117 4.2251 269.0701 6.2626 0.0434 0.021105768 -0.0243 0.021593494 0.0071 0.024295248 0.0572 0.024885325 1 6
632 -18.1262 6.043 244.278 7.2154 0.0524 0.02604248 0.0113 0.031368896 -0.066 0.0283528 -0.0 0.029564474 1 6
633 -27.3796 6.0957 250.0373 8.8769 0.0599 0.023592187 0.08 0.029717728 0.0316 0.025396062 -0.0146 0.025449906 1 6
634 -10.1298 5.6055 245.1868 6.5561 0.0406 0.029075388 -0.0338 0.027680213 -0.045 0.03048766 0.0317 0.032070223 1 6
635 -7.9338 4.6104 249.5411 6.151 0.0224 0.02060432 -0.0169 0.023004247 0.0576 0.019509226 0.0649 0.02261858 1 6
636 -0.837 6.0926 267.1054 7.5091 -0.0232 0.022592474 0.0538 0.028025867 0.023 0.025172835 0.0017 0.029755075 1 6
637 -24.3095 5.8176 271.942 9.0338 -0.039 0.024742655 0.0387 0.027115548 -0.0248 0.024344482 -0.0388 0.027993621 1 6
638 -23.459 5.2133 265.0762 5.8429 0.0734 0.020670861 0.0149 0.024073932 -0.0048 0.020461721 0.015 0.026485458 1 6
639 -26.7231 5.0019 265.3172 5.3513 0.0007 0.02185582 -0.0135 0.018996688 -0.034 0.01913139 0.0118 0.02737018 1 6
640 -18.8702 5.1983 285.8379 5.618 0.0882 0.017572267 -0.0004 0.022608103 -0.0069 0.018652601 0.0595 0.021683658 1 6
641 -16.7769 6.375 296.9935 7.1199 -0.0397 0.019569393 0.0137 0.025430279 0.002 0.020172127 0.0168 0.024252618 1 6
642 -2.1322 5.0363 250.3106 8.5718 0.0369 0.02542696 0.0265 0.04287331 -0.0358 0.025147842 -0.0352 0.033452634 1 6
643 -27.9219 5.7455 263.1184 8.4432 0.0024 0.022262663 0.048 0.029190449 0.0037 0.024910847 0.013 0.02983004 1 6
644 -37.3042 5.394 274.016 6.6426 0.0349 0.020037804 -0.0365 0.027217828 0.0216 0.018943017 0.0405 0.029882373 1 6
645 -5.8851 6.0963 273.2482 8.2537 -0.001 0.022872275 0.043 0.02322084 0.0181 0.021426626 -0.0043 0.022665273 1 6
646 0.6452 5.5666 263.9516 5.4176 0.0241 0.022380468 -0.0733 0.028948195 0.0106 0.0266943 0.0897 0.032341745 1 6
647 -31.3205 5.1469 272.2587 5.3073 0.0604 0.020336904 -0.0222 0.021777535 -0.0086 0.01984653 0.0836 0.025450429 1 6
648 -17.0598 5.9193 263.038 8.5841 0.0076 0.021762326 0.0548 0.028392531 -0.0339 0.023416223 0.0309 0.026610084 1 6
649 -19.1856 6.1885 273.7793 9.1008 0.0572 0.023855604 0.019 0.032603502 0.0468 0.022405487 -0.0191 0.026779925 1 6
650 -21.0624 6.276 280.1779 6.3117 -0.0309 0.023916101 -0.0229 0.027451467 0.1248 0.023886826 0.0398 0.025827866 1 6
651 -9.128 6.7732 283.4357 7.2776 -0.0138 0.022748621 -0.0258 0.029335167 -0.0128 0.025103107 -0.0282 0.027972113 1 6
652 -23.1881 5.5989 288.4726 6.1517 -0.027 0.022129074 -0.0016 0.023191484 -0.0207 0.01799646 -0.0428 0.020554451 1 6
653 -30.7358 5.966 283.8963 9.4978 0.0449 0.020337023 -0.015 0.029874237 0.0422 0.022588063 0.0065 0.032750312 1 6
654 -34.2166 5.2454 248.6689 6.6632 0.0895 0.020737406 0.0046 0.025241723 0.0124 0.019586602 0.0269 0.02574308 1 6
655 18.0344 8.9374 292.1892 16.1831 -0.0114 0.032352746 0.0642 0.0449413 0.0587 0.03264653 -0.0378 0.039080843 1 6
656 -31.9555 6.2628 276.1226 7.0529 -0.0171 0.02210237 -0.0252 0.03370726 0.1049 0.025698746 -0.0324 0.034209996 1 6
657 -6.5677 4.6747 274.2352 5.3279 0.0111 0.015010276 -0.0539 0.023460558 -0.0056 0.01734919 0.0056 0.02234501 1 6
658 -31.1347 5.3247 260.7773 8.2449 0.0305 0.021629084 0.0304 0.030709166 -0.0352 0.024899917 0.0019 0.031466108 1 6
659 -24.3801 5.1547 253.8211 5.1504 0.0088 0.024200037 -0.0797 0.02818245 -0.0331 0.02522136 0.0548 0.032228664 1 6
660 2.5381 6.5176 267.6944 9.4158 -0.0082 0.028375542 0.0097 0.02875677 -0.0273 0.030801604 0.0359 0.032483056 1 6
661 -32.1559 6.8486 275.1091 6.6068 -0.0373 0.020428658 -0.0207 0.023948241 0.0313 0.0226656 0.0703 0.025292452 1 6
662 -29.1309 6.2151 264.0524 7.7899 0.0258 0.025984583 -0.0044 0.027399985 0.0501 0.027231144 0.036 0.029865967 1 6
663 -32.3636 5.4061 277.8248 6.1493 0.0396 0.019261528 -0.0212 0.025622183 -0.0172 0.019383127 -0.0007 0.026640208 1 6
664 -27.6357 5.5061 266.7321 6.7451 0.029 0.020724626 -0.0342 0.02638434 -0.0068 0.021849755 0.0645 0.027414752 1 6
665 -0.7986 5.8771 250.6254 8.3186 -0.0445 0.025566995 -0.0021 0.03773824 0.0853 0.030510247 0.0579 0.0343038 1 6
666 -21.8906 6.0021 306.0732 5.6826 -0.0014 0.022887865 -0.1039 0.018448055 -0.0737 0.021280782 0.0885 0.023833992 1 6
667 -12.3053 6.0538 284.7758 6.1489 0.0164 0.021398013 -0.0112 0.021441862 0.0391 0.021777457 0.049 0.023824455 1 6
668 -18.7981 4.3936 289.9678 5.3801 0.0196 0.017753953 -0.0344 0.019584132 0.0214 0.020020796 0.0325 0.019800466 1 6
669 -44.9294 5.5763 262.3846 7.0611 0.1009 0.025543887 -0.0455 0.028526872 -0.0607 0.029731942 0.0346 0.033650722 1 6
670 -7.076 5.4106 264.1748 7.0746 0.0164 0.021336978 0.0204 0.027526569 0.0103 0.023901679 0.003 0.023039568 1 6
671 -26.7866 6.0154 275.8892 7.0973 0.0412 0.023667717 -0.0179 0.025571015 0.0611 0.024875343 0.0678 0.02789374 1 6
672 -4.8469 5.4134 277.1315 7.415 0.0405 0.020214358 -0.0024 0.022784237 -0.0303 0.019294627 0.0099 0.02520249 1 6
673 -16.8831 4.5818 276.785 5.6701 -0.0144 0.01871357 -0.0093 0.019500935 0.0628 0.018370202 0.0958 0.020767696 1 6
674 -11.7837 6.9116 258.8372 6.9421 0.0145 0.028159944 -0.035 0.026751053 0.011 0.029736672 0.0249 0.035733715 1 6
675 -10.6454 5.8103 265.6966 9.3204 -0.0153 0.028022211 0.0255 0.03451699 -0.0062 0.028315203 -0.0314 0.031683974 1 6
676 -4.7966 4.7999 256.5728 6.1082 0.0162 0.022072194 -0.0447 0.026812637 0.0065 0.024179365 0.0478 0.027456876 1 6
677 -22.0322 5.4699 258.362 7.7655 0.0302 0.024091542 0.0006 0.027848482 0.0232 0.024877284 0.0387 0.027960988 1 6
678 -16.6041 5.83 263.3045 6.5231 0.0321 0.023743242 -0.0204 0.033948865 0.0397 0.026319066 -0.0036 0.034883495 1 6
679 -13.3865 8.1305 276.2318 8.2202 0.0572 0.02680757 -0.0344 0.029839402 -0.0514 0.0321323 -0.0215 0.034593064 1 6
680 -19.296 5.2508 285.2045 8.1554 -0.0398 0.021007085 0.0091 0.026807955 -0.0018 0.025898367 0.0654 0.029183524 1 6
681 -62.3018 5.3355 272.1268 7.9417 0.0623 0.020867513 -0.0088 0.025923941 0.0433 0.022129068 0.0581 0.025290884 1 6
682 -13.423 5.3253 272.5885 7.0339 0.0622 0.023172172 -0.019 0.02480549 -0.0367 0.022660132 0.0525 0.025556348 1 6
683 -28.9356 5.9911 275.9914 6.6791 -0.0206 0.023573728 -0.0394 0.027610974 0.0316 0.022014754 0.068 0.030346403 1 6
684 -37.53 5.8599 253.075 7.8829 0.0457 0.02457623 0.022 0.024495764 -0.0024 0.024253773 0.0572 0.029886665 1 6
685 -25.6925 5.6469 264.2364 5.8023 0.0451 0.021326795 -0.0241 0.02305883 -0.0182 0.022073114 0.0429 0.024008615 1 6
686 -14.7805 5.0305 265.4356 7.0008 0.0263 0.019768668 0.0389 0.027617821 -0.0476 0.019928265 -0.0113 0.028198069 1 6
687 -5.1234 5.8515 270.21 6.5492 0.0414 0.01999343 0.0115 0.024334602 -0.0631 0.020820536 0.0445 0.026692497 1 6
688 -14.0126 6.2699 266.7515 8.0816 0.0615 0.024494343 0.0046 0.027029708 -0.0361 0.025229111 0.0755 0.02819918 1 6
689 -23.6955 6.0588 243.9519 9.1202 0.0289 0.02720029 -0.0078 0.036773555 -0.0292 0.028505454 0.0388 0.03572544 1 6
690 -34.1815 6.9612 286.1708 6.0871 -0.0065 0.020051612 -0.0038 0.02509042 0.0093 0.025516616 0.0275 0.026862318 1 6
691 -23.3847 6.112 246.8138 9.6979 0.0314 0.026945788 0.0706 0.033447273 0.008 0.026109865 0.0183 0.029551212 1 6
692 -5.8028 7.0224 263.1971 7.3702 0.0096 0.027975839 -0.0389 0.030561993 -0.0621 0.025996545 0.004 0.033323888 1 6
693 -28.1638 5.2795 264.7746 6.7582 0.017 0.024299195 -0.0092 0.024027279 0.0055 0.028400436 0.0558 0.026165169 1 6
694 13.485 4.6471 256.3199 7.0364 -0.0408 0.022408886 0.0146 0.023723058 -0.0592 0.024351262 0.0079 0.03376606 1 6
695 -22.4642 5.5986 235.3591 8.5728 0.0278 0.028760318 0.0143 0.03855544 -0.0021 0.030047232 0.0337 0.038101908 1 6
