data/processed/NGC4552/gauss_hermite_kins_s.ecsv
# %ECSV 1.0
# ---
# datatype:
# - {name: vbin_id, datatype: int64}
# - {name: v, datatype: float32}
# - {name: dv, datatype: float32}
# - {name: sigma, datatype: float32}
# - {name: dsigma, datatype: float32}
# - {name: h3, datatype: float32}
# - {name: dh3, datatype: float32}
# - {name: h4, datatype: float32}
# - {name: dh4, datatype: float32}
# - {name: h5, datatype: float32}
# - {name: dh5, datatype: float32}
# - {name: h6, datatype: float32}
# - {name: dh6, datatype: float32}
# - {name: is_good, datatype: int64}
# - {name: n_gh, datatype: int64}
# meta: !!omap
# - PSF:
#     sigma: [0.8849143589308862, 3.779182879769932]
#     weight: [0.919760652354997, 0.08023934764500296]
# schema: astropy-2.0
vbin_id v dv sigma dsigma h3 dh3 h4 dh4 h5 dh5 h6 dh6 is_good n_gh
[from data line 173]
174 7.3818 4.9277 222.95364 6.5958 -0.0518 0.032531545 0.0599 0.024114074 0.0 0.1 0.0 0.1 1 6
175 -3.1304 8.1654 220.4331 8.3566 -0.0473 0.033496715 0.0208 0.03514289 0.0 0.1 0.0 0.1 1 6
176 0.814 4.6864 210.40068 7.4923 0.0366 0.02497302 0.0067 0.04009628 0.0 0.1 0.0 0.1 1 6
177 8.4785 5.7777 200.56554 6.3005 0.038 0.03015859 0.0685 0.022481086 0.0 0.1 0.0 0.1 1 6
178 23.9221 5.476 215.81772 8.3831 0.0579 0.033623904 -0.0043 0.035771906 0.0 0.1 0.0 0.1 1 6
179 33.4475 8.6725 246.17848 11.2789 0.019 0.030241854 0.0405 0.040799018 0.0 0.1 0.0 0.1 1 6
180 24.8125 8.3079 227.59956 10.8555 0.0829 0.044536695 -0.0124 0.05018541 0.0 0.1 0.0 0.1 1 6
181 35.8048 6.5333 235.90517 11.1444 0.0414 0.032782465 0.003 0.03820536 0.0 0.1 0.0 0.1 1 6
182 18.4179 8.0394 244.92445 11.0816 0.0663 0.04268996 0.0823 0.041877594 0.0 0.1 0.0 0.1 1 6
183 5.6168 7.8724 251.70432 7.264 0.0377 0.032493677 -0.0482 0.03230811 0.0 0.1 0.0 0.1 1 6
184 36.6728 6.7295 193.5423 15.7418 -0.0401 0.045681857 0.0368 0.06189096 0.0 0.1 0.0 0.1 1 6
185 22.4561 5.3631 234.02 5.1758 -0.0207 0.026328718 0.0024 0.040736474 0.0 0.1 0.0 0.1 1 6
186 -0.1959 5.5214 220.97711 5.0786 -0.0401 0.027449079 -0.0583 0.030420646 0.0 0.1 0.0 0.1 1 6
187 8.5295 4.986 214.39037 4.9532 -0.044 0.026799673 -0.0489 0.029614327 0.0 0.1 0.0 0.1 1 6
188 1.4191 6.6238 241.92146 5.7177 0.0132 0.024942508 0.0194 0.032231007 0.0 0.1 0.0 0.1 1 6
189 7.341 5.478 249.06682 8.3175 -0.0077 0.025339294 0.0478 0.02860211 0.0 0.1 0.0 0.1 1 6
190 18.9534 4.8519 265.64728 7.4706 -0.0255 0.018393124 0.0091 0.027441401 0.0 0.1 0.0 0.1 1 6
191 14.7376 4.3569 228.13486 4.8248 0.0221 0.025196979 -0.0012 0.026503185 0.0 0.1 0.0 0.1 1 6
192 8.5591 4.7335 216.89912 4.6777 -0.0085 0.025292145 -0.0401 0.025846638 0.0 0.1 0.0 0.1 1 6
193 -2.6445 4.5228 227.37843 4.3834 -0.0233 0.023594016 0.0323 0.020929929 0.0 0.1 0.0 0.1 1 6
194 2.7171 5.863 252.92609 7.1167 -0.0416 0.021009507 -0.0034 0.025001798 0.0 0.1 0.0 0.1 1 6
195 11.5996 4.2458 259.38013 5.6213 -0.0045 0.019447926 0.0216 0.02067211 0.0 0.1 0.0 0.1 1 6
196 13.1611 5.3968 235.41492 7.099 0.0467 0.024318691 1e-04 0.030773368 0.0 0.1 0.0 0.1 1 6
197 0.0391 3.4197 232.39891 5.5368 0.0238 0.020528357 0.0333 0.022981908 0.0 0.1 0.0 0.1 1 6
198 10.7425 4.3786 234.52274 4.0276 0.0272 0.021111695 -0.0305 0.020318912 0.0 0.1 0.0 0.1 1 6
199 8.1067 5.2068 230.05666 4.0621 0.0204 0.019636983 -0.0165 0.021289881 0.0 0.1 0.0 0.1 1 6
200 4.8273 4.1375 237.47083 4.5581 0.0454 0.021608824 0.0401 0.021794286 0.0 0.1 0.0 0.1 1 6
201 3.0219 3.7868 216.42084 4.8702 0.0076 0.022271387 0.0486 0.024013055 0.0 0.1 0.0 0.1 1 6
202 10.7408 4.7416 230.034 6.5163 -0.0067 0.01993201 0.0325 0.02411689 0.0 0.1 0.0 0.1 1 6
203 4.761 4.7728 240.44328 7.9919 -0.0041 0.021069607 0.0431 0.026005128 0.0 0.1 0.0 0.1 1 6
204 2.0934 5.48 246.69444 5.019 0.039 0.022824531 0.0215 0.02558027 0.0 0.1 0.0 0.1 1 6
205 14.048 4.5802 233.58762 4.7199 0.0231 0.02553907 -0.012 0.026712045 0.0 0.1 0.0 0.1 1 6
206 12.8329 4.4549 214.29271 6.647 -0.0203 0.024688575 0.0271 0.020913288 0.0 0.1 0.0 0.1 1 6
207 -11.3633 4.3769 218.46089 6.2533 -0.0596 0.022986297 0.0102 0.0275747 0.0 0.1 0.0 0.1 1 6
208 2.7993 6.7974 201.4638 14.6509 -0.1027 0.046139732 0.0349 0.04300422 0.0 0.1 0.0 0.1 1 6
209 -2.9593 7.2825 192.21907 12.0171 0.0611 0.04807763 0.0575 0.05804147 0.0 0.1 0.0 0.1 1 6
210 0.9569 5.705 219.18266 8.2304 0.1191 0.03176336 -0.0324 0.035476707 0.0 0.1 0.0 0.1 1 6
211 23.4897 5.9721 226.22408 7.7637 0.0269 0.030127114 0.0565 0.029855715 0.0 0.1 0.0 0.1 1 6
212 24.6146 5.0658 219.92491 7.9839 0.0224 0.027715344 -0.0128 0.02953171 0.0 0.1 0.0 0.1 1 6
213 6.5622 7.1155 211.35353 7.2917 0.0695 0.041037157 -0.0056 0.039330415 0.0 0.1 0.0 0.1 1 6
214 22.6094 15.7725 228.6712 18.7652 0.197 0.040481236 0.0615 0.03487667 0.0 0.1 0.0 0.1 1 6
215 20.7264 10.3117 215.9179 10.6553 0.1186 0.048219685 -0.0533 0.051879317 0.0 0.1 0.0 0.1 1 6
216 11.7028 7.0086 223.78912 8.3 0.1037 0.03186304 0.0426 0.0358874 0.0 0.1 0.0 0.1 1 6
217 21.5357 9.6883 265.15585 12.8886 0.0266 0.03208342 0.0815 0.03145749 0.0 0.1 0.0 0.1 1 6
218 -6.9782 8.6488 234.73021 13.1313 -0.0895 0.02539445 0.0073 0.05227541 0.0 0.1 0.0 0.1 1 6
219 25.2613 6.9641 227.05629 8.2891 -0.0709 0.023901608 0.078 0.030539127 0.0 0.1 0.0 0.1 1 6
220 24.2232 5.3663 226.53519 4.5202 -0.0265 0.024294483 0.0467 0.023361942 0.0 0.1 0.0 0.1 1 6
221 25.7804 5.0536 211.6779 5.291 0.0246 0.023991935 0.0572 0.026331086 0.0 0.1 0.0 0.1 1 6
222 17.8975 5.7772 214.96849 6.4172 0.0316 0.0277524 0.0475 0.0339105 0.0 0.1 0.0 0.1 1 6
223 8.895 6.2 257.56277 7.4907 -0.0095 0.029359069 -0.004 0.030735886 0.0 0.1 0.0 0.1 1 6
224 4.407 4.7271 245.51993 6.1646 0.0298 0.021627832 0.0189 0.027221361 0.0 0.1 0.0 0.1 1 6
225 7.5105 5.9733 249.64526 4.5297 0.0015 0.017471997 -0.0527 0.028588414 0.0 0.1 0.0 0.1 1 6
226 21.3826 4.0582 231.32948 5.5942 0.0061 0.020900257 -0.0274 0.024807008 0.0 0.1 0.0 0.1 1 6
227 17.0016 3.4686 237.62622 3.9656 -0.0088 0.018528223 0.0007 0.018540287 0.0 0.1 0.0 0.1 1 6
228 8.4508 3.0573 233.45068 4.1017 -0.0622 0.018315272 0.0261 0.016643658 0.0 0.1 0.0 0.1 1 6
229 8.7846 3.3666 227.27617 4.3109 -0.0641 0.019365909 0.0404 0.015267324 0.0 0.1 0.0 0.1 1 6
230 19.8763 3.9682 251.20377 3.781 0.032 0.016514523 0.0462 0.017579703 0.0 0.1 0.0 0.1 1 6
231 -1.3628 4.4517 240.93709 5.3642 0.0245 0.017882721 0.0519 0.019791659 0.0 0.1 0.0 0.1 1 6
232 -2.2449 3.9574 245.72446 4.613 0.0076 0.01732918 0.0392 0.01951774 0.0 0.1 0.0 0.1 1 6
233 9.6322 3.4471 235.28526 4.338 0.0466 0.02117099 -0.0536 0.025635412 0.0 0.1 0.0 0.1 1 6
234 13.2145 4.1669 243.48889 3.4614 -0.0421 0.019485546 -0.036 0.0231302 0.0 0.1 0.0 0.1 1 6
235 8.9117 4.217 238.43156 4.8211 -0.0158 0.020469142 0.0202 0.022038152 0.0 0.1 0.0 0.1 1 6
236 14.1039 5.1681 223.0138 7.9274 0.0407 0.021390181 0.0422 0.026085664 0.0 0.1 0.0 0.1 1 6
237 15.3058 3.7455 227.6715 5.0609 0.0476 0.022023585 -0.005 0.020949515 0.0 0.1 0.0 0.1 1 6
238 17.8878 5.4176 241.6284 6.321 -0.0105 0.02305286 0.0474 0.028798984 0.0 0.1 0.0 0.1 1 6
239 7.3586 3.9724 250.63446 5.2719 -0.0053 0.019804377 -0.0237 0.019897796 0.0 0.1 0.0 0.1 1 6
240 16.805 4.6189 243.87445 4.5839 -0.0115 0.018122096 -0.0237 0.018585484 0.0 0.1 0.0 0.1 1 6
241 8.8037 5.5208 240.79501 6.0164 -0.0181 0.02674413 -0.0136 0.023905559 0.0 0.1 0.0 0.1 1 6
242 -9.4029 5.3048 232.5055 5.9247 -0.0374 0.026232908 0.0102 0.023398098 0.0 0.1 0.0 0.1 1 6
243 5.9498 8.8414 216.37474 13.4343 -0.0281 0.047701187 0.0471 0.03398831 0.0 0.1 0.0 0.1 1 6
244 -7.1125 9.7538 215.66411 12.3487 0.0901 0.040263113 0.0688 0.040672455 0.0 0.1 0.0 0.1 1 6
245 -22.2914 6.8769 226.89165 10.0241 0.0599 0.02579794 -0.0237 0.0369051 0.0 0.1 0.0 0.1 1 6
246 9.001 5.0435 241.3177 6.0025 -0.0243 0.023686806 -0.0274 0.029509496 0.0 0.1 0.0 0.1 1 6
247 18.1868 7.7004 228.28784 11.4641 -0.0311 0.030895194 0.0423 0.042284403 0.0 0.1 0.0 0.1 1 6
248 10.0579 8.5973 224.98349 10.0409 0.0275 0.03262799 0.0335 0.052372426 0.0 0.1 0.0 0.1 1 6
249 43.882 5.5815 216.05177 6.5014 0.0583 0.032796014 -0.1014 0.042433076 0.0 0.1 0.0 0.1 1 6
250 8.2704 5.8629 213.94221 7.9054 0.0161 0.035231814 -0.0497 0.03784903 0.0 0.1 0.0 0.1 1 6
251 -3.9923 6.1574 207.64957 9.3902 0.0189 0.038600214 0.0557 0.04060374 0.0 0.1 0.0 0.1 1 6
252 13.3794 7.4132 237.55829 7.1609 -0.0886 0.027085135 0.0176 0.0293963 0.0 0.1 0.0 0.1 1 6
253 9.4236 6.1653 234.02242 8.9389 -0.0004 0.024640234 0.0195 0.0387296 0.0 0.1 0.0 0.1 1 6
254 13.1937 6.1226 225.09543 8.969 -0.0754 0.026012117 0.1008 0.024999918 0.0 0.1 0.0 0.1 1 6
255 7.7481 5.5154 236.72511 4.9553 -0.0076 0.025228115 -0.0036 0.023576304 0.0 0.1 0.0 0.1 1 6
256 6.4331 4.6088 217.43597 5.3947 0.0245 0.023178073 0.0076 0.029441014 0.0 0.1 0.0 0.1 1 6
257 16.3896 4.6721 227.35481 4.7055 0.0288 0.021390751 0.0347 0.02068846 0.0 0.1 0.0 0.1 1 6
258 12.6413 4.7193 247.89629 4.7638 -0.0042 0.016961936 -0.0081 0.019851428 0.0 0.1 0.0 0.1 1 6
259 15.6661 5.2812 231.84325 5.3655 -0.0363 0.022746807 -0.0173 0.033226334 0.0 0.1 0.0 0.1 1 6
260 3.5504 4.5479 232.63777 4.2099 0.0107 0.02177888 -0.0164 0.01998876 0.0 0.1 0.0 0.1 1 6
261 14.3107 3.6552 237.66771 4.565 -0.0204 0.019557714 0.0004 0.024977596 0.0 0.1 0.0 0.1 1 6
262 18.9692 4.6798 244.70279 4.7983 -0.0092 0.020403437 0.0294 0.02151504 0.0 0.1 0.0 0.1 1 6
263 15.0766 3.9031 235.8342 3.6901 -0.0459 0.019774338 0.0449 0.01904815 0.0 0.1 0.0 0.1 1 6
264 11.0971 2.8877 230.13835 3.2523 -0.0526 0.016719233 0.0589 0.017596971 0.0 0.1 0.0 0.1 1 6
265 9.6159 2.9377 245.24576 6.4048 0.0142 0.019069137 0.0654 0.016539305 0.0 0.1 0.0 0.1 1 6
266 0.3428 2.8659 246.14308 4.919 -0.0214 0.016775656 0.0093 0.019332986 0.0 0.1 0.0 0.1 1 6
267 2.7236 4.0649 250.72351 4.1132 -0.0137 0.017056117 0.0043 0.018193308 0.0 0.1 0.0 0.1 1 6
268 7.4082 3.5049 247.3659 5.1311 -0.0199 0.018524928 -0.019 0.018240605 0.0 0.1 0.0 0.1 1 6
269 -0.1102 3.2487 240.90779 4.224 0.0031 0.017702369 -0.0164 0.018521655 0.0 0.1 0.0 0.1 1 6
270 5.8083 3.587 237.67348 4.7539 -0.0164 0.018445684 0.0221 0.019339906 0.0 0.1 0.0 0.1 1 6
271 15.6814 3.809 225.61685 6.6703 -0.0029 0.018177893 0.0645 0.020136166 0.0 0.1 0.0 0.1 1 6
272 17.7918 4.9147 253.16507 4.4061 0.0411 0.01799197 -0.0705 0.019100042 0.0 0.1 0.0 0.1 1 6
273 10.213 6.2748 241.91968 5.9298 -0.0165 0.027518779 -0.0678 0.027120434 0.0 0.1 0.0 0.1 1 6
274 -1.0349 4.2862 249.13002 6.8365 -0.0444 0.016688965 0.0332 0.02289858 0.0 0.1 0.0 0.1 1 6
275 -1.3861 3.9819 249.4592 5.2839 -0.0294 0.020898128 -0.0164 0.02025912 0.0 0.1 0.0 0.1 1 6
276 13.7849 6.8523 242.86981 5.1916 0.0062 0.019753873 -0.0175 0.025548669 0.0 0.1 0.0 0.1 1 6
277 10.0865 3.7501 232.40784 5.8195 0.0543 0.025478419 0.0143 0.028217267 0.0 0.1 0.0 0.1 1 6
278 8.5877 6.244 226.86551 8.192 0.1076 0.03503643 -0.0143 0.030167876 0.0 0.1 0.0 0.1 1 6
279 -9.7232 5.1348 229.97603 7.6301 0.0366 0.036182586 0.0527 0.029152041 0.0 0.1 0.0 0.1 1 6
280 -8.3531 6.2505 237.07802 8.9964 0.0301 0.026873859 0.1166 0.019265449 0.0 0.1 0.0 0.1 1 6
281 12.3096 4.2632 227.2371 11.0317 0.0438 0.026792103 0.0548 0.03235074 0.0 0.1 0.0 0.1 1 6
282 21.6804 6.9153 204.88019 9.4373 0.0552 0.035242334 -0.0148 0.0389374 0.0 0.1 0.0 0.1 1 6
283 7.9941 8.6432 207.23387 18.3284 -0.0123 0.03847463 0.0057 0.06556518 0.0 0.1 0.0 0.1 1 6
284 2.6364 20.6428 201.661 30.3252 -0.082 0.10249009 0.0433 0.14804761 0.0 0.1 0.0 0.1 1 6
285 2.6622 7.6104 235.11684 8.171 -0.0218 0.030940048 -0.0531 0.040821638 0.0 0.1 0.0 0.1 1 6
286 -20.4823 8.2944 230.71335 13.9644 -0.0064 0.046700783 0.0198 0.05696571 0.0 0.1 0.0 0.1 1 6
287 -1.3207 6.7528 214.98749 13.0582 -0.02 0.029524498 0.0312 0.06380285 0.0 0.1 0.0 0.1 1 6
288 6.9858 7.1914 229.12943 9.775 -0.1108 0.027486723 0.0689 0.025867358 0.0 0.1 0.0 0.1 1 6
289 20.0633 5.9655 231.05899 9.4683 0.0407 0.03558297 0.0698 0.031003388 0.0 0.1 0.0 0.1 1 6
290 3.6945 6.7709 220.7944 9.0274 -0.0555 0.02263761 0.0413 0.029709382 0.0 0.1 0.0 0.1 1 6
291 7.2034 5.7644 246.99527 6.6491 0.0433 0.022380935 -0.0132 0.023862822 0.0 0.1 0.0 0.1 1 6
292 7.9869 4.613 250.29416 5.3193 0.0154 0.017595436 -0.011 0.018765638 0.0 0.1 0.0 0.1 1 6
293 10.9429 3.5564 234.60149 5.0491 -0.0102 0.02014898 -0.0161 0.020307966 0.0 0.1 0.0 0.1 1 6
294 16.1896 3.8941 234.95398 5.9739 -0.0466 0.02370175 -0.0259 0.029903319 0.0 0.1 0.0 0.1 1 6
295 12.3781 5.4797 223.81546 6.311 -0.0072 0.02542542 0.0262 0.026657274 0.0 0.1 0.0 0.1 1 6
296 6.0669 4.4491 239.98651 7.1059 -0.0697 0.020672621 0.0169 0.018682305 0.0 0.1 0.0 0.1 1 6
297 7.4356 5.0814 236.16536 4.7547 -0.023 0.019802645 0.0154 0.021176696 0.0 0.1 0.0 0.1 1 6
298 10.5565 3.2694 236.78497 2.7256 -0.0242 0.019221738 -0.0015 0.019134326 0.0 0.1 0.0 0.1 1 6
299 10.6987 3.3372 238.63707 3.5173 -0.0589 0.01915416 0.0357 0.017656917 0.0 0.1 0.0 0.1 1 6
300 1.3121 4.7357 245.85455 5.5432 -0.0418 0.019977698 0.0569 0.020105047 0.0 0.1 0.0 0.1 1 6
301 9.4686 3.196 245.95619 3.6998 -0.0252 0.01823555 -0.0199 0.016975166 0.0 0.1 0.0 0.1 1 6
302 11.6676 3.8612 234.05853 4.0751 -0.0346 0.020050628 0.0082 0.022159738 0.0 0.1 0.0 0.1 1 6
303 10.6428 3.9433 231.68082 4.5551 -0.0232 0.01870183 0.0161 0.022311473 0.0 0.1 0.0 0.1 1 6
304 1.9292 3.5474 257.0488 3.6562 -0.0296 0.017028041 0.0022 0.018625015 0.0 0.1 0.0 0.1 1 6
305 4.7508 2.6337 256.38824 3.4625 -0.0324 0.014476761 -0.0348 0.01743013 0.0 0.1 0.0 0.1 1 6
306 11.8412 4.4006 227.8504 5.5238 -0.0034 0.02205467 -0.0294 0.021352964 0.0 0.1 0.0 0.1 1 6
307 9.2882 4.5897 249.99785 5.7281 0.0329 0.020840544 -0.0037 0.023396304 0.0 0.1 0.0 0.1 1 6
308 -17.0706 6.7771 233.5896 6.3748 0.0121 0.024678625 -0.0003 0.03380031 0.0 0.1 0.0 0.1 1 6
309 7.4026 6.3183 253.62738 6.1197 0.0139 0.028151356 -0.0172 0.023803078 0.0 0.1 0.0 0.1 1 6
310 0.7988 4.098 237.47513 5.4458 0.0456 0.018004773 0.062 0.020620357 0.0 0.1 0.0 0.1 1 6
311 1.5149 4.4632 228.60683 4.6974 0.0701 0.02022504 0.0256 0.035333533 0.0 0.1 0.0 0.1 1 6
312 21.9651 7.0229 254.87971 8.4955 0.0347 0.021001467 0.0253 0.031708714 0.0 0.1 0.0 0.1 1 6
313 -0.3885 7.7262 251.90916 10.2933 0.0456 0.03153782 0.0098 0.02825816 0.0 0.1 0.0 0.1 1 6
314 -13.752 7.3421 233.11406 8.1035 -0.0399 0.028323028 -0.0204 0.03108497 0.0 0.1 0.0 0.1 1 6
315 33.7589 7.3993 232.11037 7.2718 -0.036 0.033119936 0.0334 0.024183996 0.0 0.1 0.0 0.1 1 6
316 -3.8164 4.4901 234.03366 7.5999 0.0673 0.025181085 -0.0373 0.030652355 0.0 0.1 0.0 0.1 1 6
317 -13.967 5.0183 245.74597 6.5474 0.0918 0.02920536 -0.0424 0.031962223 0.0 0.1 0.0 0.1 1 6
318 10.7603 8.2113 224.40126 16.7805 -0.0267 0.039551597 0.117 0.0417286 0.0 0.1 0.0 0.1 1 6
319 22.2624 9.01 191.05695 9.2201 -0.0463 0.040869143 0.0343 0.04888302 0.0 0.1 0.0 0.1 1 6
320 7.2002 9.1323 248.42957 10.2961 0.0591 0.035790317 -0.0544 0.043973442 0.0 0.1 0.0 0.1 1 6
321 4.7855 6.4448 232.36783 7.9664 0.0754 0.038680777 -0.0625 0.04427185 0.0 0.1 0.0 0.1 1 6
322 6.9122 7.1864 228.60033 8.3355 0.0063 0.036563378 0.0011 0.044551846 0.0 0.1 0.0 0.1 1 6
323 13.8443 7.8724 225.46574 16.8031 -0.0089 0.026070751 0.1248 0.04432411 0.0 0.1 0.0 0.1 1 6
324 0.7298 7.3434 230.20471 11.6203 0.0171 0.031482514 0.1094 0.027496008 0.0 0.1 0.0 0.1 1 6
325 -2.3402 6.1308 218.77379 7.3673 0.0179 0.027936388 0.0026 0.031395182 0.0 0.1 0.0 0.1 1 6
326 4.3933 4.2517 238.94617 6.8347 -0.0162 0.019070841 0.0114 0.026112441 0.0 0.1 0.0 0.1 1 6
327 -0.2157 4.0824 224.21742 5.7012 -0.0067 0.021843811 0.0017 0.022375433 0.0 0.1 0.0 0.1 1 6
328 9.2819 6.4493 227.80222 7.6964 -0.0367 0.027489789 -0.0059 0.030141102 0.0 0.1 0.0 0.1 1 6
329 14.8208 4.1043 217.37477 6.0446 -0.0057 0.021403879 0.0531 0.024154318 0.0 0.1 0.0 0.1 1 6
330 11.2968 4.2441 228.03584 7.0533 -0.0032 0.023578273 0.0703 0.019819308 0.0 0.1 0.0 0.1 1 6
331 -0.6018 3.4892 236.52887 5.2812 -0.0215 0.017536057 0.0595 0.01921429 0.0 0.1 0.0 0.1 1 6
332 9.9078 3.4695 240.32146 4.3945 -0.0004 0.015214028 0.0346 0.01944218 0.0 0.1 0.0 0.1 1 6
333 14.922 3.5266 243.17526 3.6637 -0.0263 0.015677921 0.0279 0.016374303 0.0 0.1 0.0 0.1 1 6
334 0.3351 4.2035 254.49248 5.7004 0.0072 0.016430078 0.0237 0.018736735 0.0 0.1 0.0 0.1 1 6
335 -5.3165 4.4349 247.81027 5.6763 0.0163 0.016068071 0.0398 0.019460507 0.0 0.1 0.0 0.1 1 6
336 10.0528 2.9137 248.37738 4.8132 -0.0203 0.01813951 0.0157 0.017227074 0.0 0.1 0.0 0.1 1 6
337 12.3359 2.4447 257.96503 4.7618 -0.0123 0.017111557 0.0364 0.018627472 0.0 0.1 0.0 0.1 1 6
338 6.6952 3.6724 255.72318 5.7518 -0.0075 0.014511281 0.051 0.017272327 0.0 0.1 0.0 0.1 1 6
339 -3.2518 3.2872 246.60225 3.961 -0.0099 0.015882485 0.0168 0.017592246 0.0 0.1 0.0 0.1 1 6
340 0.1141 3.0076 237.06216 3.8334 0.0045 0.020416824 -0.0748 0.02051229 0.0 0.1 0.0 0.1 1 6
341 15.9011 5.1913 252.5505 4.6213 -0.0076 0.024321938 -0.112 0.029236497 0.0 0.1 0.0 0.1 1 6
342 -4.8425 5.6548 241.09995 8.2076 -0.0517 0.024067303 -0.0257 0.033113368 0.0 0.1 0.0 0.1 1 6
343 10.2006 3.9785 222.37372 5.3124 0.0452 0.018337598 0.0791 0.024574785 0.0 0.1 0.0 0.1 1 6
