data/processed/NGC4552/gauss_hermite_kins_o.ecsv
# %ECSV 1.0
# ---
# datatype:
# - {name: vbin_id, datatype: int64}
# - {name: v, datatype: float32}
# - {name: dv, datatype: float32}
# - {name: sigma, datatype: float32}
# - {name: dsigma, datatype: float32}
# - {name: h3, datatype: float32}
# - {name: dh3, datatype: float32}
# - {name: h4, datatype: float32}
# - {name: dh4, datatype: float32}
# - {name: h5, datatype: float32}
# - {name: dh5, datatype: float32}
# - {name: h6, datatype: float32}
# - {name: dh6, datatype: float32}
# - {name: is_good, datatype: int64}
# - {name: n_gh, datatype: int64}
# meta: !!omap
# - PSF:
#     sigma: [0.29083112024502816, 1.3196970523223914]
#     weight: [0.822760254826573, 0.177239745173427]
# schema: astropy-2.0
vbin_id v dv sigma dsigma h3 dh3 h4 dh4 h5 dh5 h6 dh6 is_good n_gh
[from data line 279]
280 -2.9747 6.3562 278.6597 8.5394 -0.0509 0.02324995 0.0038 0.02672059 0.0477 0.026645828 0.0722 0.029850416 1 6
281 17.4618 5.697 290.0318 6.9086 0.0395 0.020437244 0.0037 0.021706056 -0.037 0.023594642 0.0644 0.027633822 1 6
282 0.3213 5.7423 260.881 7.1992 -0.069 0.025468254 0.0062 0.02489336 0.0948 0.024208633 0.0795 0.02837705 1 6
283 16.5629 6.6829 280.8887 7.2269 0.0134 0.02134657 -0.0202 0.026710518 0.0306 0.024096513 0.0635 0.030989852 1 6
284 24.4848 6.3344 260.3709 8.8232 -0.0829 0.025649237 0.0382 0.03534967 0.0078 0.026718205 0.0102 0.02986107 1 6
285 15.8518 4.8269 258.3724 6.8204 -0.0586 0.017882308 0.0425 0.026580513 0.0361 0.018142296 0.0082 0.025647758 1 6
286 -5.2321 5.5346 236.4 9.5665 0.0032 0.0300056 0.0678 0.039267007 0.0669 0.02966236 0.005 0.030338539 1 6
287 14.3011 5.5146 259.5543 6.648 -0.059 0.020998714 0.0173 0.02706 0.0347 0.022712361 -0.0091 0.026959183 1 6
288 30.034 6.3629 266.7006 10.6112 0.0013 0.023330363 0.0428 0.040236752 -0.0336 0.024915399 -0.0559 0.03508258 1 6
289 9.8754 5.0844 267.2278 7.9913 -0.0652 0.01881934 0.0484 0.023231171 -0.0047 0.020434143 0.0099 0.026672969 1 6
290 27.6461 6.6265 261.3087 7.3921 -0.0009 0.024995532 0.0212 0.031242996 0.0301 0.02820061 0.0238 0.031329088 1 6
291 30.8187 5.4414 268.0942 6.7091 -0.0117 0.02413277 0.0094 0.02497595 0.0534 0.024612669 0.0836 0.024135625 1 6
292 39.4472 8.1064 280.4402 8.7331 0.0162 0.033377517 -0.0346 0.03525571 -0.057 0.03368927 -0.0145 0.037853107 1 6
293 21.1371 4.1304 259.8132 5.8867 0.0216 0.015249187 0.0273 0.019489162 -0.0349 0.017331682 0.079 0.02214226 1 6
294 10.9857 6.7609 249.6076 9.0308 -0.0229 0.026140776 0.0156 0.03571364 0.0352 0.028166367 0.0185 0.036754694 1 6
295 16.2243 4.9318 266.7984 6.7197 -0.0195 0.019667158 0.067 0.022109903 -0.0384 0.020117503 -0.0127 0.023070138 1 6
296 44.3195 6.4761 278.5154 10.0519 -0.0341 0.022219151 0.0244 0.038323186 0.0221 0.024698554 -0.0203 0.036642957 1 6
297 33.5909 7.1803 256.215 10.4671 -0.0448 0.028746411 0.0321 0.041652016 -0.0034 0.024152111 0.0026 0.038427662 1 6
298 24.0903 6.3671 271.6853 8.3108 -0.1255 0.019332536 0.0053 0.028007045 1e-04 0.022244137 0.0203 0.026279233 1 6
299 3.0476 4.9755 268.0894 7.5753 -0.0407 0.021019856 0.02 0.023689907 -0.0409 0.02282427 0.0373 0.026312498 1 6
300 -3.2711 6.2192 272.5053 8.2933 0.0168 0.024912003 -0.016 0.026652455 0.0097 0.022905614 0.1102 0.027880305 1 6
301 -11.0799 6.4773 267.1826 8.6712 0.0718 0.028437838 0.041 0.026179964 0.0353 0.028626064 0.0787 0.035178643 1 6
302 21.8999 4.533 264.5224 7.8608 0.0137 0.020938799 0.0309 0.03074748 0.0005 0.023860825 0.0417 0.026828457 1 6
303 15.7561 5.9235 261.0267 9.1961 0.0273 0.022456745 0.0498 0.0332776 -0.0646 0.026188377 -0.0197 0.03193597 1 6
304 5.2354 4.6927 271.8906 6.735 -0.0184 0.02091251 0.0558 0.02408514 0.0462 0.021321727 -0.0025 0.022051772 1 6
305 9.5693 6.5492 270.7171 7.2172 -0.0077 0.027954547 0.0039 0.031039288 0.0462 0.026215568 -0.0451 0.032584578 1 6
306 2.341 5.9601 257.186 10.4013 -0.0557 0.023176327 0.0546 0.044256855 -0.0026 0.023715528 -0.0302 0.039393414 1 6
307 17.035 5.7652 256.5551 8.0853 -0.0359 0.020796165 0.0194 0.030162554 0.0206 0.024621876 -0.0342 0.028414214 1 6
308 17.1733 5.1374 265.1776 7.7817 0.0162 0.019401615 0.0487 0.030436724 -0.0166 0.021355875 0.0238 0.026253197 1 6
309 10.74 6.9739 274.7836 8.3299 0.0005 0.022538407 0.0166 0.029576894 -0.033 0.025890986 0.0003 0.028117685 1 6
310 3.5913 5.3781 264.0624 7.2191 0.0111 0.0215419 -0.0214 0.027544394 -0.0267 0.01935662 0.0107 0.025310548 1 6
311 11.4056 5.5573 254.8899 9.4196 0.025 0.024991293 0.0302 0.038106866 -0.0337 0.026746813 0.0264 0.033908714 1 6
312 19.367 5.3629 260.2575 7.7971 -0.001 0.024657706 -0.0049 0.031010842 -0.0197 0.030005978 0.0505 0.03456744 1 6
313 10.2232 7.3468 268.5748 10.4949 0.035 0.028146468 -0.0117 0.036209904 -0.0382 0.028847447 0.0661 0.04390949 1 6
314 14.1731 5.0072 256.3318 7.4308 -0.0344 0.020902874 0.0301 0.026534969 0.0154 0.018537188 0.0255 0.028203243 1 6
315 17.804 6.0981 268.6278 7.3113 -0.0252 0.024639942 0.0078 0.029294288 0.019 0.0242609 0.0246 0.027603295 1 6
316 20.3897 6.5801 250.4556 10.8414 0.0123 0.024058197 0.0762 0.03766908 0.0102 0.026955007 0.0317 0.032673027 1 6
317 13.6913 6.2331 283.7444 6.436 -0.026 0.028159795 0.0387 0.026182229 0.0772 0.023878958 -0.0094 0.026765138 1 6
318 24.5835 8.2543 275.0701 12.7959 -0.0018 0.038486693 0.0263 0.051750753 0.0472 0.039269805 -0.021 0.050556317 1 6
319 4.4811 6.4738 253.6359 9.6632 -0.0003 0.03154213 0.0652 0.035809055 -0.0214 0.033534847 -0.0277 0.03521332 1 6
320 0.7771 5.6308 248.0251 9.0932 -0.0446 0.031586204 0.0662 0.044743143 0.0018 0.029567774 -0.1007 0.03773293 1 6
321 2.2237 7.4861 250.0122 8.4165 -0.0501 0.03325822 -0.0087 0.033970013 0.0789 0.031182501 0.0196 0.04309123 1 6
322 34.7791 6.755 282.5708 8.0336 -0.0064 0.025935313 0.0067 0.029294005 0.0345 0.025435101 0.0661 0.03232315 1 6
323 31.66 5.5866 295.621 8.6301 -0.0283 0.020350257 -0.0098 0.027180044 -0.0047 0.022550656 0.0166 0.02872356 1 6
324 20.4876 7.3472 267.3326 7.8944 0.0355 0.02562622 -0.0066 0.028555654 0.0059 0.02764566 0.0475 0.031829827 1 6
325 23.1646 6.3483 263.5614 5.6795 -0.0207 0.025245026 -0.059 0.028525863 0.0131 0.027192941 0.0094 0.02971484 1 6
326 24.2042 6.2724 269.5996 7.0712 -0.1024 0.026601544 -0.0358 0.026212297 -0.0551 0.030433822 0.0498 0.032391816 1 6
327 15.3282 5.2853 266.4859 7.035 -0.0178 0.021278659 0.0225 0.022759644 0.0024 0.021242408 0.0475 0.024814695 1 6
328 20.8076 4.8178 274.9422 5.6294 -0.0104 0.01990102 0.0101 0.021416858 0.0404 0.020903258 0.054 0.023161808 1 6
329 -1.1659 6.8428 288.0279 7.0111 0.0384 0.019669151 -0.006 0.023331245 -0.027 0.023237577 0.0223 0.023896523 1 6
330 12.5298 6.3675 252.8913 8.6569 -0.006 0.029221702 0.027 0.038698975 -0.0048 0.03096555 -0.038 0.03476473 1 6
331 -1.3689 6.1204 264.9098 7.1487 0.044 0.025457699 -0.0033 0.03140331 0.0075 0.02684877 -0.0073 0.029895699 1 6
332 -0.6006 5.6181 281.577 7.9102 0.0003 0.017299285 0.0721 0.024624316 0.0416 0.019633785 0.041 0.022400286 1 6
333 -1.8962 5.1723 282.8887 5.6082 0.0277 0.019137515 -0.0377 0.020338638 0.0187 0.01969899 0.0464 0.025745867 1 6
334 -7.6728 5.3303 279.8698 7.4502 -0.0094 0.01933557 0.0018 0.03010101 0.0091 0.02337932 -0.0027 0.031142924 1 6
335 32.7455 6.0781 264.9012 6.7824 -0.0524 0.022665774 -0.0097 0.03065787 -0.0093 0.02547087 -0.0373 0.03050282 1 6
336 45.2363 6.148 262.3709 12.5033 -0.0564 0.02444921 0.0635 0.04658502 0.0152 0.02591477 -0.0409 0.03314133 1 6
337 -14.2991 7.3881 267.6342 9.6889 0.0054 0.027780179 0.014 0.035132825 0.0122 0.038130265 -0.0307 0.033989582 1 6
338 11.7263 6.1971 263.3226 7.9452 0.0424 0.023161646 0.0282 0.025778098 -0.0561 0.028101273 -0.0562 0.029896421 1 6
339 6.8589 4.9498 268.4528 6.7086 0.0018 0.01964818 -0.0117 0.023946432 -0.0389 0.022180425 0.0259 0.027140895 1 6
340 8.2748 6.4108 255.3392 9.5821 -0.0065 0.02973321 0.0416 0.038230456 0.0073 0.029250404 -0.0376 0.035954986 1 6
341 -6.0609 5.8063 270.1436 6.0042 -0.0547 0.022339141 -0.0479 0.031130362 -0.0177 0.021364026 -0.0345 0.03203438 1 6
342 18.7204 6.9337 249.3264 8.5432 -0.0121 0.036902454 -0.0358 0.03751435 0.0725 0.0330506 0.0794 0.04539931 1 6
343 24.9431 7.698 271.8126 6.6673 -0.0316 0.024641361 -0.0275 0.02926512 -0.0666 0.026074607 0.0101 0.03190037 1 6
344 7.3788 8.9562 283.577 9.269 -0.0041 0.030054428 0.0058 0.032325447 -0.0481 0.03554613 -0.0053 0.033636756 1 6
345 13.5031 7.1691 259.348 9.3157 0.0118 0.034037206 0.0203 0.035397086 0.0318 0.035350345 0.0212 0.039822698 1 6
346 19.7272 7.4075 237.2194 13.4918 -0.0028 0.041659452 0.021 0.061234716 0.0203 0.040996127 -0.056 0.04793869 1 6
347 21.0108 9.3556 225.9434 13.0496 -0.0316 0.04779879 0.02 0.055181768 -0.0272 0.054486874 0.084 0.05940084 1 6
348 -0.8952 6.4403 253.5019 9.3262 -0.0277 0.026348485 0.0322 0.03425995 -0.0054 0.029672213 0.0551 0.036032736 1 6
349 19.5546 5.4536 261.2974 7.537 0.0157 0.021793805 0.0348 0.029700981 0.0291 0.025365237 -0.0019 0.029406767 1 6
350 28.3623 6.8471 283.9042 7.8998 0.0333 0.026220841 -0.0199 0.026333252 -0.0225 0.026568495 -0.0234 0.02997363 1 6
351 18.4524 5.9064 265.4248 6.546 0.0413 0.025232697 -0.0181 0.027896704 -0.035 0.022658948 0.0899 0.030993564 1 6
352 -8.3339 7.1729 263.1348 9.8115 -0.0416 0.025811236 0.0052 0.034910694 -0.0644 0.026771534 0.0114 0.03456775 1 6
353 7.4702 7.1308 261.0201 8.4329 0.0968 0.031014517 -0.0284 0.034811992 0.0234 0.033835486 0.0703 0.036416866 1 6
354 11.3642 5.762 267.2235 7.1642 -0.0867 0.024213357 0.0172 0.029802548 0.0862 0.023636788 -0.0119 0.029016467 1 6
355 22.2303 5.7036 274.4774 7.1511 -0.0471 0.020550556 0.0172 0.027296165 -0.044 0.01984673 0.0091 0.027000727 1 6
356 -2.8325 7.3436 293.2098 8.3395 -0.0502 0.02169921 0.0125 0.02569207 0.0179 0.027545523 0.0134 0.028322672 1 6
357 30.2787 6.4704 231.9845 11.1553 0.0061 0.03595257 0.0396 0.04967418 0.0262 0.03317983 0.0101 0.044516977 1 6
358 28.6795 6.5588 267.7486 8.0929 -0.024 0.020314658 0.0754 0.030544074 0.0163 0.025129803 -0.0103 0.030427653 1 6
359 24.9585 4.7343 260.5731 6.1876 -0.0004 0.021900127 -0.0088 0.023205724 -0.0298 0.023918873 0.1187 0.02546422 1 6
360 16.2094 6.0001 262.215 6.2143 -0.0356 0.022475744 0.0153 0.02909783 0.0248 0.02279783 0.0132 0.027807096 1 6
361 17.9084 5.5401 289.4458 6.3366 -0.0302 0.022407627 0.0447 0.023774778 0.0649 0.025218945 0.0107 0.028651895 1 6
362 27.6198 4.7671 273.2355 6.9757 -0.0233 0.020433921 0.0228 0.02292005 0.0586 0.022927716 0.0672 0.023713855 1 6
363 20.0422 5.6838 270.8526 5.4543 -0.0141 0.022047069 -0.0566 0.028232906 0.0003 0.025061956 0.1079 0.028193329 1 6
364 -1.7492 6.8838 271.9204 6.9041 0.0033 0.026299456 -0.0278 0.027874056 -0.0397 0.026450722 -0.0221 0.03175058 1 6
365 51.8548 7.9433 250.1484 10.9666 -0.0512 0.03872687 -0.0004 0.040408555 -0.0114 0.036314126 0.0497 0.039687797 1 6
366 -14.8429 5.4836 259.37 6.3187 -0.0142 0.023488933 -0.0409 0.026863199 0.0318 0.023953455 0.105 0.029326702 1 6
367 8.1173 6.3341 285.55 8.5679 -0.0086 0.026646074 0.0446 0.033873133 0.0328 0.025665086 -0.0586 0.031436782 1 6
368 2.7514 5.2527 285.1475 5.9712 0.0497 0.020485466 -0.0466 0.026005607 -0.0892 0.02120996 -0.0134 0.028803062 1 6
369 -4.9114 4.8542 266.1426 5.5252 -0.0308 0.024466539 -0.1029 0.022290895 -0.0072 0.026854843 0.1311 0.026581038 1 6
370 5.2034 6.0609 251.52 6.9718 0.0175 0.025123455 0.0275 0.03156605 0.0271 0.024624318 -0.0666 0.02690087 1 6
371 8.433 8.4112 279.4422 10.4558 -0.0679 0.029622953 0.0067 0.036215633 0.0533 0.029076088 0.0218 0.03857655 1 6
372 14.5404 4.6354 247.8099 6.1783 -0.0004 0.022759382 -0.0047 0.02805546 -0.0123 0.023816157 0.0632 0.03191416 1 6
373 -13.2506 7.6574 278.7523 6.2416 -0.0156 0.02979652 -0.0878 0.027124185 -0.0257 0.03055044 0.0524 0.032445796 1 6
374 4.9159 5.9158 285.6319 6.8975 0.0446 0.020823373 0.0111 0.026229963 -0.0246 0.01994371 0.0342 0.027824992 1 6
375 -4.553 6.0715 266.62 9.6699 0.0525 0.020540815 0.0225 0.036923476 0.0198 0.020500313 -0.0049 0.036660697 1 6
376 -27.2645 5.3897 285.8282 6.9739 0.0567 0.020126691 -0.0034 0.024631036 -0.0133 0.021598961 0.0192 0.026261328 1 6
377 1.8368 6.93 258.3842 7.6745 0.0345 0.0268152 -0.0083 0.031332072 -0.0469 0.02785903 0.0512 0.029657446 1 6
378 -13.0822 6.2501 266.7462 7.93 0.0464 0.025925543 0.0556 0.028003756 0.0764 0.026481949 0.0383 0.027886782 1 6
379 23.5866 9.7847 269.645 22.5398 -0.0442 0.030217953 0.0498 0.09906278 -0.0263 0.030707236 -0.0478 0.06191743 1 6
380 42.2403 7.2146 312.6598 8.7031 0.0188 0.021526495 0.0145 0.026523361 -0.0906 0.027567167 -0.0127 0.025828322 1 6
381 -3.29 5.3482 291.7196 6.2932 0.0148 0.016054356 -0.0173 0.019827934 -0.0049 0.018376546 0.0511 0.024749395 1 6
382 5.8117 5.5824 255.5172 7.1473 0.0557 0.023029672 0.0266 0.028902335 0.0309 0.024796294 0.0218 0.03168607 1 6
383 -32.0651 4.452 286.5984 4.9682 0.0394 0.014627525 -0.0518 0.018854946 -0.0187 0.01655364 0.0592 0.021628367 1 6
384 -2.0973 7.1011 254.5639 14.2687 0.0243 0.03297318 0.1064 0.03816939 -0.0059 0.03793186 0.0245 0.045120113 1 6
385 -23.2258 5.9151 296.5766 7.1193 -0.0318 0.01895826 -0.0088 0.020979535 0.0479 0.021716738 0.0545 0.024828717 1 6
386 18.0478 5.3546 246.193 8.0359 0.0535 0.031659223 0.0038 0.02920559 0.0232 0.03378512 0.0464 0.034474544 1 6
387 -14.8081 4.0917 299.0264 5.8642 -0.0274 0.014048014 0.0228 0.018736167 0.0052 0.017363902 0.0768 0.019769855 1 6
388 -11.2992 6.4946 252.7904 8.5554 0.0245 0.024343204 0.0369 0.030976841 0.0472 0.02609378 -0.0217 0.033057604 1 6
389 -13.2697 6.5378 229.2405 13.8028 0.0438 0.032356676 0.0647 0.0589084 -0.0148 0.03756707 0.02 0.04543237 1 6
390 -13.4169 6.2485 272.0019 7.0021 0.0486 0.025250362 -0.0336 0.027479691 -0.0069 0.02187343 0.0063 0.029524464 1 6
391 -0.4104 5.1056 267.0237 6.8705 -0.0003 0.020436829 0.025 0.026030155 0.0307 0.023037983 0.0076 0.027985757 1 6
392 -24.2883 5.0446 300.5232 4.6424 0.0274 0.0158066 -0.0351 0.017920922 0.0058 0.015566748 0.1027 0.019065596 1 6
393 -13.2248 5.4659 244.1487 7.9743 0.0004 0.025711067 0.0584 0.02712251 0.0475 0.02429717 0.0183 0.030312754 1 6
394 1.5316 3.9285 278.0889 4.723 0.0277 0.017144717 -0.0706 0.019598566 -0.042 0.017802428 0.0666 0.021470169 1 6
395 -25.1686 4.8717 282.6534 4.884 -0.0038 0.016154587 -0.0093 0.016786963 0.0098 0.01625084 0.035 0.019338567 1 6
396 -26.3721 5.5534 284.0567 7.2004 -0.03 0.018319156 0.0369 0.02474847 0.0284 0.015511572 0.0052 0.018388275 1 6
397 -7.6468 4.3721 284.4996 5.0389 0.0224 0.013370506 0.0397 0.019207323 -0.0254 0.01382593 0.0242 0.02021525 1 6
398 -18.7595 5.0649 313.7202 5.7451 0.0067 0.015240371 -0.0123 0.018069783 0.0055 0.0149419075 0.0615 0.017387453 1 6
399 9.1733 9.0785 258.2319 11.8485 -0.0581 0.035063304 0.0557 0.034852926 0.0265 0.038971227 -0.0235 0.047368992 1 6
400 -0.6608 5.8913 254.942 6.1021 0.0118 0.026541859 -0.058 0.0321714 0.0458 0.024928706 0.0665 0.029998912 1 6
401 13.0286 5.5733 267.2493 8.6504 -0.0099 0.02579498 0.0532 0.03365293 0.0088 0.023185665 0.0234 0.032599512 1 6
402 -2.1281 6.5058 269.8486 6.8578 -0.0475 0.021585608 -0.0051 0.021346014 -0.0327 0.022331329 0.0602 0.026043503 1 6
403 10.6558 6.4792 252.1824 10.3038 0.0032 0.032634016 0.0052 0.043967083 -0.0836 0.03359288 -0.0374 0.04135586 1 6
404 8.7545 5.7152 248.4638 9.4385 0.0039 0.021261096 0.0756 0.031268597 0.0185 0.021228869 -0.022 0.02994392 1 6
405 -13.8357 7.9444 293.9561 9.0268 -0.0067 0.021891156 -0.079 0.02937448 0.0018 0.026040463 0.0523 0.036499184 1 6
406 -26.6673 4.8592 274.7579 5.4483 -0.0013 0.019444266 -0.0495 0.019049603 0.0453 0.01929118 0.0866 0.023631612 1 6
407 0.7865 6.0417 291.8766 8.9787 -0.0491 0.017791593 -0.0183 0.028463744 0.0285 0.018132027 0.02 0.027586535 1 6
408 -13.8134 3.7758 281.5701 6.3419 0.0404 0.014162725 0.0088 0.016572801 -0.0307 0.015427367 0.0523 0.017799897 1 6
409 12.036 4.4615 265.1112 5.4767 -0.0212 0.017044295 0.0224 0.02062018 -0.0021 0.020051893 0.0392 0.024015058 1 6
410 16.0666 5.4479 258.3774 7.7758 -0.0309 0.021220252 0.0542 0.026522057 0.0032 0.025345635 0.0135 0.025705257 1 6
411 4.2068 4.799 270.4754 5.2753 0.0013 0.018746236 -0.0027 0.021694608 0.0046 0.021472655 0.0548 0.02564233 1 6
412 -23.8004 4.7452 271.514 6.2483 0.0517 0.017598137 0.0115 0.02196076 0.0075 0.01857658 0.0327 0.02406417 1 6
413 -7.862 5.5945 281.1925 4.7857 -0.0235 0.018915627 -0.0284 0.022612827 0.056 0.021152522 0.0887 0.024876645 1 6
414 -24.4994 4.3743 293.9393 4.3643 0.0025 0.017607916 -0.0273 0.016418418 -0.0348 0.017501326 0.0401 0.017567929 1 6
415 -1.4794 5.5367 290.5098 8.5651 -0.0351 0.0151263075 0.0434 0.023193251 -0.0005 0.02021332 0.0184 0.025869843 1 6
416 5.2312 5.5032 305.5431 7.4243 0.0084 0.017945666 0.0097 0.023515632 -0.0085 0.019840544 -0.0165 0.02124641 1 6
417 -10.1549 6.177 280.9179 9.174 0.024 0.024221506 0.0372 0.026001485 0.0654 0.020677015 0.0437 0.030136336 1 6
418 -31.2314 5.0006 278.6721 6.0976 -0.0258 0.016852595 -0.0251 0.022378627 0.0797 0.018856095 0.0798 0.020442784 1 6
