data/processed/NGC5813/gauss_hermite_kins.ecsv
# %ECSV 1.0
# ---
# datatype:
# - {name: vbin_id, datatype: int64}
# - {name: v, datatype: float32}
# - {name: dv, datatype: float32}
# - {name: sigma, datatype: float32}
# - {name: dsigma, datatype: float32}
# - {name: h3, datatype: float32}
# - {name: dh3, datatype: float32}
# - {name: h4, datatype: float32}
# - {name: dh4, datatype: float32}
# - {name: h5, datatype: float32}
# - {name: dh5, datatype: float32}
# - {name: h6, datatype: float32}
# - {name: dh6, datatype: float32}
# - {name: is_good, datatype: int64}
# - {name: n_gh, datatype: int64}
# meta: !!omap
# - PSF:
#     sigma:
#     - [0.3329209608324763, 1.5030246371924072]
#     - [0.7981244701379099, 2.5355469313804813]
#     weight:
#     - [0.8112598413714794, 0.18874015862852056]
#     - [0.8646833678516875, 0.13531663214831247]
# - aperture_exprs: [_o, _s]
# schema: astropy-2.0
vbin_id v dv sigma dsigma h3 dh3 h4 dh4 h5 dh5 h6 dh6 is_good n_gh
[from data line 750]
751 -63.4219 1.9574 212.70932 4.0632 0.0101 0.014554275 0.089 0.014620339 0.0 0.1 0.0 0.1 0 6
752 -52.5622 2.4081 232.98271 3.8223 0.0063 0.015127033 0.0634 0.019018881 0.0 0.1 0.0 0.1 1 6
753 -51.626 2.8029 230.86023 3.8602 -0.0064 0.014104353 0.0483 0.018107692 0.0 0.1 0.0 0.1 1 6
754 -36.5853 2.837 213.02872 8.158 0.0253 0.017360834 0.0576 0.03316026 0.0 0.1 0.0 0.1 1 6
755 -23.9699 3.3083 232.62202 4.8541 0.0143 0.021816734 0.0813 0.021565212 0.0 0.1 0.0 0.1 1 6
756 -25.4991 3.6661 243.73827 6.1494 0.0104 0.021753985 -0.019 0.025138779 0.0 0.1 0.0 0.1 1 6
757 -32.8251 3.7223 226.30565 7.053 -0.0679 0.023306258 0.0177 0.02654323 0.0 0.1 0.0 0.1 1 6
758 -29.1575 5.5753 221.89197 7.0289 -0.049 0.020353124 0.0273 0.026996203 0.0 0.1 0.0 0.1 1 6
759 -8.365 6.5224 233.2178 8.2991 0.0524 0.031113956 0.0561 0.027606038 0.0 0.1 0.0 0.1 1 6
760 11.8862 4.541 246.72101 9.6251 -0.0409 0.022140626 0.0564 0.026545377 0.0 0.1 0.0 0.1 1 6
761 22.6339 6.0189 233.43033 7.8935 -0.0214 0.026191982 0.0373 0.031919096 0.0 0.1 0.0 0.1 1 6
762 35.4926 4.6045 222.14061 10.251 -0.0071 0.019800304 0.0999 0.02639758 0.0 0.1 0.0 0.1 1 6
763 32.2394 3.1695 233.28227 6.2847 -0.0195 0.016026443 0.0549 0.020645743 0.0 0.1 0.0 0.1 1 6
764 37.3443 4.3745 226.56993 7.3111 -0.0419 0.017608196 0.0868 0.026328152 0.0 0.1 0.0 0.1 1 6
765 43.522 2.7337 226.38261 4.1656 -0.0373 0.015513222 0.018 0.021529587 0.0 0.1 0.0 0.1 1 6
766 53.3165 2.1731 211.16507 4.3224 -0.0557 0.015107304 0.0381 0.015958142 0.0 0.1 0.0 0.1 1 6
767 53.3179 2.1234 215.39406 2.7504 -0.062 0.014177611 0.0529 0.014273808 0.0 0.1 0.0 0.1 0 6
768 53.5548 1.8008 214.47162 3.0948 -0.0591 0.013485059 0.0719 0.012834073 0.0 0.1 0.0 0.1 0 6
769 42.1649 1.9647 242.41653 2.8522 -0.0312 0.012289835 0.0373 0.013495633 0.0 0.1 0.0 0.1 0 6
770 15.7844 2.0176 265.7407 2.2803 -0.0041 0.011733815 0.0354 0.012069177 0.0 0.1 0.0 0.1 0 6
771 -34.7033 2.4564 272.38196 2.1693 0.0174 0.011636046 0.041 0.013102356 0.0 0.1 0.0 0.1 0 6
772 -76.8511 2.1888 252.41663 2.5389 0.0361 0.011721987 0.0486 0.013978307 0.0 0.1 0.0 0.1 0 6
773 -88.9158 2.0302 229.19998 2.7853 0.0309 0.01177621 0.0516 0.012414746 0.0 0.1 0.0 0.1 0 6
774 -91.4816 1.8119 215.08682 2.3884 0.0556 0.014063502 0.0593 0.013620082 0.0 0.1 0.0 0.1 0 6
775 -85.5164 2.0501 207.99185 4.4773 0.056 0.012784205 0.0672 0.01862631 0.0 0.1 0.0 0.1 0 6
776 -81.3136 2.5086 211.84431 4.8528 0.046 0.015406558 0.0962 0.019832058 0.0 0.1 0.0 0.1 1 6
777 -62.1644 2.5456 225.14005 3.974 0.0233 0.01394357 0.091 0.014010258 0.0 0.1 0.0 0.1 1 6
778 -44.3569 2.5615 218.9884 4.8916 0.0443 0.016575117 0.0628 0.017580386 0.0 0.1 0.0 0.1 1 6
779 -42.2156 3.4118 212.5916 5.7763 0.0141 0.017621139 0.0115 0.02284877 0.0 0.1 0.0 0.1 1 6
780 -34.9059 3.5061 228.30148 4.7456 0.0475 0.019275647 0.0278 0.022825837 0.0 0.1 0.0 0.1 1 6
781 -29.9263 4.8839 231.97083 5.1444 0.0342 0.024730869 0.0077 0.028972173 0.0 0.1 0.0 0.1 1 6
782 -19.1662 4.2709 239.9777 5.5759 -0.0253 0.022889087 0.0555 0.023399651 0.0 0.1 0.0 0.1 1 6
783 -22.6934 5.5651 258.5083 10.5488 -0.083 0.02523546 0.0473 0.030073723 0.0 0.1 0.0 0.1 1 6
784 21.3375 5.9627 221.55199 8.1377 -0.0778 0.03413522 0.0955 0.028851682 0.0 0.1 0.0 0.1 1 6
785 33.1623 4.2466 220.29242 7.9347 -0.0234 0.022290334 0.0608 0.029188175 0.0 0.1 0.0 0.1 1 6
786 40.2535 5.1448 198.03587 7.4664 -0.0058 0.027524428 0.0833 0.028068623 0.0 0.1 0.0 0.1 1 6
787 24.5815 3.4777 223.15776 6.899 -0.0614 0.016221877 0.0753 0.024028808 0.0 0.1 0.0 0.1 1 6
788 34.4948 3.0013 236.31404 4.7141 -0.0734 0.019193238 0.0244 0.01752446 0.0 0.1 0.0 0.1 1 6
789 40.6573 3.3614 226.15677 4.6139 -0.0603 0.014383357 0.0071 0.01749467 0.0 0.1 0.0 0.1 1 6
790 42.2946 3.1215 224.2905 4.328 -0.0324 0.013537023 0.0379 0.017185166 0.0 0.1 0.0 0.1 1 6
791 38.6036 2.3193 216.68051 3.2023 -0.0367 0.013261185 0.0674 0.016037326 0.0 0.1 0.0 0.1 0 6
792 37.2132 1.82 209.14487 3.4858 -0.0455 0.0128552755 0.0679 0.014721993 0.0 0.1 0.0 0.1 0 6
793 20.9842 1.9813 229.9842 3.1687 -0.0057 0.012640789 0.0612 0.012845019 0.0 0.1 0.0 0.1 0 6
794 -4.8502 1.8247 240.59436 2.5979 0.0186 0.011942954 0.055 0.0115592005 0.0 0.1 0.0 0.1 0 6
795 -43.5212 1.672 242.25421 2.7894 0.0255 0.012360674 0.0679 0.012711061 0.0 0.1 0.0 0.1 0 6
796 -78.2099 2.1151 240.0975 2.8458 0.0241 0.012567741 0.0452 0.014198588 0.0 0.1 0.0 0.1 0 6
797 -87.141 2.086 218.13078 2.4751 0.0402 0.013383508 0.0601 0.016647087 0.0 0.1 0.0 0.1 0 6
798 -85.5417 2.0182 206.44785 3.684 0.0487 0.013964181 0.0753 0.016933309 0.0 0.1 0.0 0.1 0 6
799 -82.1893 2.2364 211.45613 3.6015 0.0735 0.01500783 0.0317 0.01805076 0.0 0.1 0.0 0.1 0 6
800 -82.223 3.0864 205.87161 6.6786 0.0734 0.01702568 0.088 0.030208685 0.0 0.1 0.0 0.1 1 6
801 -67.1905 3.4193 202.03806 8.2336 0.0619 0.018082926 0.1003 0.029016133 0.0 0.1 0.0 0.1 1 6
802 -44.9239 3.229 220.5865 3.4226 0.0703 0.014782186 0.0553 0.01948616 0.0 0.1 0.0 0.1 1 6
803 -42.3503 3.5158 230.68163 5.1172 0.0546 0.018902672 0.0712 0.021553397 0.0 0.1 0.0 0.1 1 6
804 -39.9117 3.2609 226.26953 6.9509 0.067 0.019491399 0.0644 0.027651338 0.0 0.1 0.0 0.1 1 6
805 -35.3488 5.3243 240.9076 5.8493 0.0454 0.019659497 0.0289 0.017473202 0.0 0.1 0.0 0.1 1 6
806 -25.3329 3.941 242.47113 6.4914 0.0397 0.017476982 0.0054 0.024185318 0.0 0.1 0.0 0.1 1 6
807 8.8226 5.2597 257.6156 5.3723 0.0647 0.018292988 -0.0514 0.026948648 0.0 0.1 0.0 0.1 1 6
808 30.1021 7.3038 193.27402 11.4268 -0.0495 0.03520605 0.068 0.038675442 0.0 0.1 0.0 0.1 1 6
809 41.5627 4.7437 219.36778 9.2416 0.003 0.028930303 0.0874 0.027973223 0.0 0.1 0.0 0.1 1 6
810 21.2667 5.1455 216.47261 4.8433 -0.0913 0.018133838 0.0184 0.029650982 0.0 0.1 0.0 0.1 1 6
811 21.0476 3.1386 224.83354 4.9638 -0.0778 0.021596285 0.0568 0.020471377 0.0 0.1 0.0 0.1 1 6
812 21.8326 3.1347 231.9853 4.3248 -0.0667 0.017317323 0.0542 0.0187542 0.0 0.1 0.0 0.1 1 6
813 36.9654 3.46 221.678 4.1126 -0.0758 0.016358696 0.0323 0.020137094 0.0 0.1 0.0 0.1 1 6
814 33.1663 3.1203 215.73782 4.0407 -0.0342 0.01548584 0.0321 0.016841916 0.0 0.1 0.0 0.1 1 6
815 23.5476 2.6568 214.96198 3.5567 -0.0249 0.015679695 0.0492 0.019773792 0.0 0.1 0.0 0.1 0 6
816 25.2983 2.1503 220.69624 3.3309 -0.0363 0.013876667 0.0627 0.014892737 0.0 0.1 0.0 0.1 0 6
817 11.8652 1.8272 226.1154 2.9414 -0.0189 0.012210892 0.0709 0.013824512 0.0 0.1 0.0 0.1 0 6
818 -15.1519 2.4438 223.8562 3.4626 -0.0017 0.012918768 0.0757 0.014227497 0.0 0.1 0.0 0.1 0 6
819 -42.4036 1.3012 215.21649 2.7478 0.0154 0.012533071 0.052 0.013056667 0.0 0.1 0.0 0.1 0 6
820 -66.242 2.3019 219.45859 3.3588 0.0425 0.013917909 0.0597 0.01502133 0.0 0.1 0.0 0.1 0 6
821 -80.9319 2.2704 216.35785 3.0173 0.0551 0.012188509 0.056 0.0150595885 0.0 0.1 0.0 0.1 0 6
822 -81.3984 1.6246 204.45432 3.1704 0.0578 0.016007146 0.0903 0.016863797 0.0 0.1 0.0 0.1 0 6
823 -76.2333 2.3423 208.01633 3.9095 0.077 0.01505937 0.0719 0.016275827 0.0 0.1 0.0 0.1 0 6
824 -67.8995 4.2022 205.90521 6.2378 0.0937 0.0161614 0.0922 0.026870618 0.0 0.1 0.0 0.1 1 6
825 -59.998 2.8964 200.89859 6.0236 0.0673 0.017019128 0.0832 0.025842564 0.0 0.1 0.0 0.1 1 6
826 -45.5265 3.6949 224.37964 4.3747 0.1037 0.016792124 0.0631 0.017010786 0.0 0.1 0.0 0.1 1 6
827 -35.8301 4.1889 240.52664 5.5899 0.0912 0.022910647 0.0176 0.020514084 0.0 0.1 0.0 0.1 1 6
828 -48.3942 3.3056 218.73683 6.3951 0.0411 0.01984017 0.0316 0.020556558 0.0 0.1 0.0 0.1 1 6
829 -26.3711 4.3936 231.99718 4.4511 0.0233 0.024189781 -0.0038 0.023436198 0.0 0.1 0.0 0.1 1 6
830 -22.7879 4.7095 236.18825 8.1521 0.0462 0.024736946 -0.0287 0.0382167 0.0 0.1 0.0 0.1 1 6
831 -21.9511 5.4576 240.50302 10.4848 0.0657 0.026556702 0.0765 0.032953374 0.0 0.1 0.0 0.1 1 6
832 25.0974 4.2568 231.25282 10.5378 -0.0377 0.026025178 0.0952 0.040831268 0.0 0.1 0.0 0.1 1 6
833 6.8653 5.4763 242.47754 5.1883 -0.0429 0.016865656 -0.019 0.027960211 0.0 0.1 0.0 0.1 1 6
834 -0.2433 4.8745 238.60356 4.4072 -0.0603 0.018509477 0.0173 0.019825332 0.0 0.1 0.0 0.1 1 6
835 26.729 3.0046 208.45187 5.1841 -0.0723 0.02008727 0.0958 0.019562468 0.0 0.1 0.0 0.1 1 6
836 22.9262 3.4561 204.10309 5.2442 -0.0619 0.01623984 0.0775 0.020890601 0.0 0.1 0.0 0.1 1 6
837 21.4361 3.3086 198.1749 3.642 -0.0399 0.017062148 0.0325 0.020091195 0.0 0.1 0.0 0.1 1 6
838 10.7117 2.2835 212.4717 3.3172 -0.0179 0.016070623 0.0217 0.020039093 0.0 0.1 0.0 0.1 1 6
839 4.0296 2.5047 211.97525 4.6246 -0.0159 0.013352898 0.0905 0.022280224 0.0 0.1 0.0 0.1 0 6
840 -0.8926 1.6747 215.2503 2.8972 -0.0065 0.012584168 0.0762 0.014840329 0.0 0.1 0.0 0.1 0 6
841 -19.6241 2.0442 220.02664 3.8176 0.0158 0.01339547 0.056 0.013580029 0.0 0.1 0.0 0.1 0 6
842 -40.705 2.6309 220.18205 4.6656 0.0156 0.014399563 0.0758 0.018062651 0.0 0.1 0.0 0.1 0 6
843 -59.0781 3.0256 217.07803 3.4131 0.0445 0.015461658 0.0787 0.015882233 0.0 0.1 0.0 0.1 0 6
844 -69.3447 2.3433 203.01486 4.41 0.0455 0.014681843 0.0871 0.017944079 0.0 0.1 0.0 0.1 0 6
845 -72.9034 3.1733 194.89374 4.4447 0.1093 0.017592976 0.0965 0.018516477 0.0 0.1 0.0 0.1 0 6
846 -71.5217 3.1341 203.75575 4.8723 0.1123 0.017050013 0.0993 0.022377063 0.0 0.1 0.0 0.1 1 6
847 -68.0836 2.4131 202.25226 4.7948 0.0557 0.014736124 0.1196 0.019122956 0.0 0.1 0.0 0.1 1 6
848 -51.3316 2.3409 209.593 4.2255 0.0564 0.01621022 0.0761 0.023577964 0.0 0.1 0.0 0.1 1 6
849 -44.4329 3.3786 221.08379 4.9154 0.096 0.015698254 0.0482 0.026528286 0.0 0.1 0.0 0.1 1 6
850 -44.2537 2.4416 215.83852 5.3159 0.0335 0.016810132 0.0547 0.021290263 0.0 0.1 0.0 0.1 1 6
851 -43.9085 3.396 230.17795 6.5005 0.0238 0.02074531 0.0667 0.024917323 0.0 0.1 0.0 0.1 1 6
852 -18.5588 4.4549 238.01692 8.0712 0.0278 0.01937325 0.0443 0.022594357 0.0 0.1 0.0 0.1 1 6
853 -18.3816 3.7349 239.04047 5.0878 -0.0206 0.023611728 -0.0312 0.023052448 0.0 0.1 0.0 0.1 1 6
854 -32.4443 4.8777 243.90921 4.0777 0.0315 0.022388026 0.0357 0.025599629 0.0 0.1 0.0 0.1 1 6
855 7.7219 7.6923 241.34459 9.6136 -0.0499 0.040318616 0.0018 0.0449622 0.0 0.1 0.0 0.1 1 6
856 10.3691 4.3957 243.62593 8.9017 -0.0077 0.023532145 0.0829 0.030453226 0.0 0.1 0.0 0.1 1 6
857 -3.2244 3.6012 227.42012 5.2252 0.0038 0.018130086 -0.0027 0.020578967 0.0 0.1 0.0 0.1 1 6
858 24.7181 5.0084 199.82372 7.2763 -0.052 0.025062447 0.0821 0.023554534 0.0 0.1 0.0 0.1 1 6
859 19.429 2.4773 214.73875 3.6608 0.0022 0.01685004 0.037 0.020649506 0.0 0.1 0.0 0.1 1 6
860 14.9873 4.0614 204.90927 4.6308 -0.0291 0.022010883 0.0363 0.02155467 0.0 0.1 0.0 0.1 1 6
861 17.4266 3.0883 200.54633 7.1791 -0.0106 0.01824987 0.0667 0.027567001 0.0 0.1 0.0 0.1 1 6
862 3.2376 3.0937 210.24297 5.2503 -0.0215 0.016311735 0.0345 0.017974222 0.0 0.1 0.0 0.1 1 6
863 -7.3995 2.1071 220.0046 4.0946 -0.0316 0.0146488985 0.0472 0.016395116 0.0 0.1 0.0 0.1 1 6
864 -14.2494 2.5391 208.64192 4.365 0.0204 0.013918699 0.0601 0.016862482 0.0 0.1 0.0 0.1 1 6
865 -28.6097 2.3957 215.8803 3.7704 0.0259 0.013725022 0.0354 0.015651817 0.0 0.1 0.0 0.1 0 6
866 -44.2358 2.3182 215.5714 3.8956 0.0491 0.013401743 0.0439 0.016640842 0.0 0.1 0.0 0.1 1 6
867 -58.9183 2.9628 204.13406 4.1344 0.0625 0.017462276 0.0763 0.0154622765 0.0 0.1 0.0 0.1 1 6
868 -69.3754 3.0246 201.13861 4.2581 0.0689 0.017316923 0.0664 0.018598177 0.0 0.1 0.0 0.1 1 6
869 -68.322 2.7708 195.04453 6.929 0.0834 0.019418985 0.1065 0.02719521 0.0 0.1 0.0 0.1 1 6
870 -50.5283 3.4373 209.96672 5.2128 0.0359 0.022931723 0.0995 0.021387335 0.0 0.1 0.0 0.1 1 6
871 -45.7371 3.3863 228.7301 3.8117 0.0441 0.012396692 0.0559 0.0178213 0.0 0.1 0.0 0.1 1 6
872 -43.6091 3.6958 216.6257 4.9723 0.0604 0.018964421 0.0287 0.019249748 0.0 0.1 0.0 0.1 1 6
873 -35.09 3.5123 216.4197 8.7039 0.0417 0.0210933 0.0573 0.028879587 0.0 0.1 0.0 0.1 1 6
874 -39.5246 4.3014 230.8217 6.2234 0.0005 0.016928649 0.0406 0.024112076 0.0 0.1 0.0 0.1 1 6
875 -20.5737 4.72 250.43896 5.1653 0.0691 0.024439268 -0.0243 0.02029119 0.0 0.1 0.0 0.1 1 6
876 -15.2166 4.5309 244.21277 5.9977 0.0717 0.022629831 -0.0002 0.027157158 0.0 0.1 0.0 0.1 1 6
877 -6.0093 5.1912 225.12807 6.0112 0.0129 0.026838053 -0.0146 0.021689605 0.0 0.1 0.0 0.1 1 6
878 -6.6666 6.3351 202.0181 8.0 -0.0145 0.029253505 0.0208 0.038894333 0.0 0.1 0.0 0.1 1 6
879 19.5015 4.6951 235.1456 7.0636 0.0508 0.020765342 0.0867 0.021981312 0.0 0.1 0.0 0.1 1 6
880 17.2244 4.8558 223.19775 7.2157 0.0091 0.023900503 0.0662 0.027659774 0.0 0.1 0.0 0.1 1 6
881 8.3698 4.2789 220.59534 8.3184 0.006 0.021345802 0.0474 0.03311303 0.0 0.1 0.0 0.1 1 6
882 9.3045 3.0777 217.25674 6.2178 -0.0392 0.019084046 0.0659 0.02209081 0.0 0.1 0.0 0.1 1 6
883 2.1993 3.1662 212.36449 5.454 -0.006 0.017083986 0.0278 0.026187308 0.0 0.1 0.0 0.1 1 6
884 13.1525 3.859 204.07568 8.5294 -0.0605 0.021423142 0.0356 0.027217753 0.0 0.1 0.0 0.1 1 6
885 -2.5179 3.5046 221.1954 6.4083 -0.0609 0.015187449 0.0008 0.02517604 0.0 0.1 0.0 0.1 1 6
886 -9.8376 3.3657 235.574 3.9309 0.0387 0.01568463 0.0429 0.016724428 0.0 0.1 0.0 0.1 1 6
887 -6.0066 2.827 218.31789 3.6709 0.0288 0.015660658 0.0588 0.015203499 0.0 0.1 0.0 0.1 1 6
888 -27.995 2.5019 205.55986 4.0523 0.0216 0.013833951 0.0888 0.013825022 0.0 0.1 0.0 0.1 1 6
889 -34.4839 2.7296 208.65797 4.9099 0.0462 0.015399574 0.0729 0.016563747 0.0 0.1 0.0 0.1 1 6
890 -40.2752 3.2359 229.17603 5.1704 0.063 0.01679422 0.0524 0.018915478 0.0 0.1 0.0 0.1 1 6
891 -50.7585 2.7486 228.49437 3.4325 0.029 0.014977774 0.0301 0.017538248 0.0 0.1 0.0 0.1 1 6
892 -42.7112 2.6183 218.8076 5.4773 0.0479 0.015913716 0.0609 0.019097775 0.0 0.1 0.0 0.1 1 6
893 -48.2973 3.9354 223.09276 4.9353 0.0794 0.020514749 0.0447 0.021996822 0.0 0.1 0.0 0.1 1 6
894 -40.6159 3.4451 229.90547 4.0637 0.0423 0.013350387 0.0312 0.019270873 0.0 0.1 0.0 0.1 1 6
895 -33.558 3.2596 222.81607 4.9539 0.0512 0.016182901 0.0676 0.018944006 0.0 0.1 0.0 0.1 1 6
896 -38.513 3.3129 212.88423 3.9249 0.0177 0.02041602 0.0211 0.024143318 0.0 0.1 0.0 0.1 1 6
897 -33.8512 4.1405 235.56245 5.1974 0.0489 0.01607019 -0.0069 0.025883934 0.0 0.1 0.0 0.1 1 6
898 -23.2671 4.496 249.38202 5.2103 0.0547 0.018860359 -0.0014 0.018813044 0.0 0.1 0.0 0.1 1 6
899 -9.1562 5.0723 233.23586 6.9341 0.0569 0.020134455 0.0429 0.030109905 0.0 0.1 0.0 0.1 1 6
900 3.9936 4.6552 238.06355 5.8093 0.0557 0.023768326 -0.0108 0.02901594 0.0 0.1 0.0 0.1 1 6
901 -1.4548 6.1932 185.6738 13.405 -0.0256 0.03182474 0.0922 0.041338257 0.0 0.1 0.0 0.1 1 6
902 22.9307 4.8969 227.506 5.2285 0.032 0.020827759 0.0455 0.022750773 0.0 0.1 0.0 0.1 1 6
903 14.7667 3.6078 249.37498 8.1956 0.001 0.023018368 0.0728 0.029318381 0.0 0.1 0.0 0.1 1 6
904 7.8145 4.0252 245.61357 7.7533 -0.0229 0.018731976 0.0477 0.02578612 0.0 0.1 0.0 0.1 1 6
905 4.201 3.2223 220.95978 6.4738 -0.0361 0.016896324 0.0553 0.018592712 0.0 0.1 0.0 0.1 1 6
906 -3.6948 3.7498 245.96501 5.6059 0.0272 0.01810356 0.0605 0.021875886 0.0 0.1 0.0 0.1 1 6
907 -1.4915 3.3767 241.03033 3.8704 0.0127 0.014636526 0.0559 0.01523632 0.0 0.1 0.0 0.1 1 6
908 -1.4253 2.2317 234.69725 4.9801 -0.0422 0.01682918 0.0273 0.018146392 0.0 0.1 0.0 0.1 1 6
909 -5.5527 3.4334 234.54091 4.8725 0.0047 0.01889812 0.0332 0.022309564 0.0 0.1 0.0 0.1 1 6
910 -9.998 3.2678 223.79994 5.3232 0.0227 0.01701186 0.0359 0.017130148 0.0 0.1 0.0 0.1 1 6
911 -20.5834 3.3339 219.8028 3.4734 0.0203 0.013139458 0.0396 0.01753226 0.0 0.1 0.0 0.1 1 6
912 -33.1982 2.7223 209.81476 4.1238 0.0274 0.015583652 0.0826 0.020172672 0.0 0.1 0.0 0.1 1 6
913 -31.4805 2.5483 226.33905 3.1579 0.0353 0.016304158 0.0027 0.018855568 0.0 0.1 0.0 0.1 1 6
914 -41.408 2.4723 234.00992 3.5238 0.0433 0.01492791 -0.0043 0.01814117 0.0 0.1 0.0 0.1 1 6
915 -32.702 2.8835 219.71385 5.1279 0.0177 0.015823636 0.0259 0.020801222 0.0 0.1 0.0 0.1 1 6
916 -42.6992 2.6783 223.85475 3.7303 0.0774 0.016627396 0.0167 0.015770491 0.0 0.1 0.0 0.1 1 6
917 -48.3932 4.0369 217.01326 4.5507 0.0417 0.016251678 0.0687 0.018774576 0.0 0.1 0.0 0.1 1 6
918 -39.5289 3.0153 220.62746 5.457 0.0717 0.018183572 0.115 0.025068205 0.0 0.1 0.0 0.1 1 6
919 -29.9974 3.7437 215.55586 4.6823 0.0407 0.019608721 0.0363 0.021585196 0.0 0.1 0.0 0.1 1 6
920 -9.9085 4.7632 245.67395 7.4609 -0.0075 0.019491222 -0.0249 0.025564559 0.0 0.1 0.0 0.1 1 6
