data/processed/NGC5813/gauss_hermite_kins_o.ecsv
# %ECSV 1.0
# ---
# datatype:
# - {name: vbin_id, datatype: int64}
# - {name: v, datatype: float32}
# - {name: dv, datatype: float32}
# - {name: sigma, datatype: float32}
# - {name: dsigma, datatype: float32}
# - {name: h3, datatype: float32}
# - {name: dh3, datatype: float32}
# - {name: h4, datatype: float32}
# - {name: dh4, datatype: float32}
# - {name: h5, datatype: float32}
# - {name: dh5, datatype: float32}
# - {name: h6, datatype: float32}
# - {name: dh6, datatype: float32}
# - {name: is_good, datatype: int64}
# - {name: n_gh, datatype: int64}
# meta: !!omap
# - PSF:
#     sigma: [0.3329209608324763, 1.5030246371924072]
#     weight: [0.8112598413714794, 0.18874015862852056]
# schema: astropy-2.0
vbin_id v dv sigma dsigma h3 dh3 h4 dh4 h5 dh5 h6 dh6 is_good n_gh
[from data line 418]
419 -80.538 5.0351 219.4356 8.4705 -0.029 0.02431307 0.0044 0.035708398 0.0695 0.029302614 0.1283 0.034764454 1 6
420 -46.233 7.5434 238.2316 12.077 0.0426 0.033724714 0.0147 0.05859364 0.0679 0.031175697 -0.0006 0.050848722 1 6
421 -35.7965 7.0987 222.9506 10.8265 -0.0111 0.04069232 -0.0385 0.058275275 0.0351 0.039165538 0.0116 0.062785365 1 6
422 -89.6322 6.6351 202.672 10.9886 0.0334 0.038670935 0.0645 0.04446988 0.0639 0.040534016 0.0691 0.045707107 1 6
423 -102.6027 6.453 191.4671 20.5963 0.115 0.04493359 0.0576 0.08802327 0.0159 0.054279145 0.0484 0.051478907 1 6
424 -68.9358 5.8346 203.2284 7.1709 -0.0472 0.035050493 -0.0451 0.03992154 0.0687 0.03781187 0.17 0.051028218 1 6
425 -98.9266 7.2125 191.6484 17.952 0.0552 0.07156271 0.1189 0.07595852 0.0493 0.077015266 -0.0052 0.08370204 1 6
426 -67.1282 5.596 225.9385 9.7651 0.0342 0.030651232 0.0401 0.037891768 0.0727 0.030601742 0.0848 0.034778353 1 6
427 -68.1868 6.1353 214.7136 11.3694 0.0452 0.03683678 0.0467 0.0493139 -0.0008 0.036821008 0.0735 0.041540664 1 6
428 -74.9226 8.1514 209.5552 18.4817 0.1049 0.039846472 0.092 0.06038156 -0.0456 0.046533484 0.0137 0.04723361 1 6
429 -80.9582 6.5178 210.8532 11.2587 0.0351 0.04001951 0.0574 0.06048559 0.1155 0.041502204 0.0091 0.046304733 1 6
430 -57.9387 6.8328 190.0571 17.2936 0.0528 0.052147754 0.0995 0.05228454 -0.02 0.050668497 0.063 0.057603206 1 6
431 5.296 6.1567 227.6654 7.3141 0.054 0.035210174 -0.0577 0.038332377 -0.1117 0.03339851 0.0527 0.04269282 1 6
432 -27.2444 6.7857 205.8723 13.7858 0.0319 0.04936176 0.0374 0.07461778 0.0441 0.049621426 -0.0122 0.05567089 1 6
433 -69.3859 6.9436 193.5438 11.2456 0.124 0.04502149 0.0525 0.04268649 -0.0274 0.048476886 0.1463 0.05707803 1 6
434 -26.1392 7.168 215.8884 17.744 -0.0081 0.046059184 0.0156 0.0749252 -0.0296 0.04416463 0.0634 0.055406243 1 6
435 -41.7825 5.6471 210.5982 10.3309 -0.0094 0.03593895 0.051 0.056886066 0.1153 0.036385734 -0.0609 0.04560904 1 6
436 -73.1296 7.0212 197.915 9.7812 0.0505 0.046144858 0.0035 0.04841438 -0.0002 0.0480541 0.0863 0.047224224 1 6
437 -91.6852 5.1944 199.6784 9.9144 0.0838 0.044252567 0.0651 0.046371803 0.1166 0.04797454 -0.0125 0.03866838 1 6
438 -20.8925 8.6806 169.4147 15.6368 -0.083 0.06616515 0.0709 0.061260544 0.0463 0.057299487 0.0713 0.09581626 1 6
439 7.3169 5.4312 219.3634 8.9619 -0.0535 0.030446693 0.0285 0.036404375 0.0274 0.03367137 0.1115 0.039240908 1 6
440 -77.6768 6.8739 195.3658 9.8894 -0.0258 0.05575506 -0.0044 0.043994527 -0.0143 0.053903647 0.1563 0.048852745 1 6
441 -81.1277 6.5404 172.4715 13.2276 0.0406 0.06593579 0.1536 0.047677197 0.0498 0.06262874 0.0819 0.091320366 1 6
442 -73.0408 8.5705 199.2811 13.5412 0.0611 0.0546276 0.0413 0.08272626 -0.0898 0.044139672 -0.003 0.055487014 1 6
443 -64.3551 4.929 217.2399 7.3249 -0.0158 0.029881068 0.021 0.042890195 0.1316 0.028559482 -0.0326 0.035864353 1 6
444 -84.7153 8.1296 186.4556 19.3823 0.0892 0.07661548 0.0759 0.08286327 0.0472 0.09411595 0.0025 0.073649384 1 6
445 -29.4309 6.5022 220.8868 9.7784 -0.0049 0.037368443 -0.0153 0.052005276 0.0895 0.035454135 -0.0021 0.048847347 1 6
446 -79.8381 8.8126 180.4577 13.4044 0.096 0.060421173 0.014 0.057991248 0.061 0.06608808 0.1295 0.061566427 1 6
447 -84.4608 7.4011 211.9191 15.321 0.0451 0.045251127 0.0119 0.110744655 0.0147 0.045832813 -0.0631 0.08438521 1 6
448 -78.092 6.8274 207.3132 12.2702 0.0437 0.039671984 0.0429 0.054253 0.0988 0.045504507 -0.0032 0.046341345 1 6
449 -17.7173 5.2756 223.5862 8.8304 0.1034 0.03300553 0.023 0.04923697 -0.0955 0.03061644 -0.0596 0.041718055 1 6
450 -23.2639 6.6984 205.0649 14.853 0.0295 0.04826062 0.0455 0.07531428 -0.0168 0.046313122 0.0212 0.054734413 1 6
451 -67.3832 6.3622 200.6721 9.81 -0.0023 0.057757277 0.0374 0.040102478 0.1342 0.052778725 0.0902 0.046468377 1 6
452 -76.2743 9.0065 204.2126 17.2878 0.1071 0.047674622 0.1014 0.05319799 0.0409 0.04212038 0.002 0.07230483 1 6
453 -29.4406 7.9407 225.6522 12.7103 0.0388 0.058107574 0.0044 0.06558433 0.0518 0.054196775 -0.0018 0.061847974 1 6
454 -83.261 11.3549 233.3551 17.4381 0.0292 0.057066143 0.0148 0.092075154 0.0323 0.06718938 -0.0753 0.076620884 1 6
455 19.2289 7.0012 222.033 15.4937 0.0587 0.04326013 0.0157 0.084165454 -0.0526 0.045024056 -0.0106 0.07115203 1 6
456 -14.639 9.0478 167.3652 9.442 0.0153 0.077917464 0.1524 0.06662647 0.0981 0.07243492 0.0903 0.106680326 1 6
457 -52.0004 8.6463 207.6244 15.4212 0.0495 0.05300696 0.0871 0.051927652 0.0638 0.050121546 -0.0112 0.06234305 1 6
458 -67.3242 7.6889 215.3984 12.6622 0.0773 0.038239166 0.0567 0.046772722 -0.0565 0.0349761 0.0711 0.03985323 1 6
459 35.1997 8.2528 230.9602 10.4811 -0.0649 0.03889813 -0.0648 0.05123439 0.0064 0.037905682 0.0518 0.045711234 1 6
