data/processed/NGC5813/gauss_hermite_kins_o.ecsv
# %ECSV 1.0
# ---
# datatype:
# - {name: vbin_id, datatype: int64}
# - {name: v, datatype: float32}
# - {name: dv, datatype: float32}
# - {name: sigma, datatype: float32}
# - {name: dsigma, datatype: float32}
# - {name: h3, datatype: float32}
# - {name: dh3, datatype: float32}
# - {name: h4, datatype: float32}
# - {name: dh4, datatype: float32}
# - {name: h5, datatype: float32}
# - {name: dh5, datatype: float32}
# - {name: h6, datatype: float32}
# - {name: dh6, datatype: float32}
# - {name: is_good, datatype: int64}
# - {name: n_gh, datatype: int64}
# meta: !!omap
# - PSF:
#     sigma: [0.3329209608324763, 1.5030246371924072]
#     weight: [0.8112598413714794, 0.18874015862852056]
# schema: astropy-2.0
vbin_id v dv sigma dsigma h3 dh3 h4 dh4 h5 dh5 h6 dh6 is_good n_gh
1 16.6492 5.2195 301.0092 5.3262 -0.0421 0.016969632 -0.0375 0.01877156 0.0074 0.017568296 -0.0059 0.021225287 1 6
2 34.926 4.4953 299.9905 5.1284 -0.0683 0.016898483 -0.0486 0.02238395 0.0493 0.01734949 -0.0347 0.020475447 1 6
3 65.4828 4.3968 266.7739 6.1023 -0.0462 0.019534064 0.0025 0.025270391 0.0521 0.01977608 0.0335 0.023403313 1 6
4 58.1636 5.5938 289.137 6.1789 -0.0605 0.022039475 -0.0306 0.021466693 -0.0021 0.021045208 0.0388 0.025506604 1 6
5 64.9531 4.2529 264.6535 5.7478 -0.0901 0.019794531 -0.0324 0.023269221 0.1173 0.020869441 0.0226 0.025663614 1 6
6 70.3568 5.0619 287.8522 6.4291 -0.0648 0.01991234 0.0391 0.02175147 0.1121 0.018758992 0.0104 0.022294318 1 6
7 94.3505 4.9056 248.0098 8.1905 -0.0415 0.02034521 0.0134 0.030591685 -0.0039 0.02198249 0.0332 0.02892512 1 6
8 76.2244 5.6442 262.0754 6.2525 -0.0652 0.01967799 -0.0603 0.031536575 0.0437 0.018730812 0.0004 0.032536965 1 6
9 85.3867 4.6237 265.9533 6.591 -0.0335 0.016853858 0.0444 0.0221359 -0.0512 0.018744614 -0.0026 0.024954157 1 6
10 71.4668 4.8064 246.2032 7.0818 -0.0835 0.020782918 0.001 0.032519378 0.0552 0.023324078 0.0059 0.028699832 1 6
11 113.198 6.2216 236.4208 9.8158 -0.0586 0.02514857 0.0078 0.04027352 -0.0236 0.026541183 0.038 0.034373995 1 6
12 91.3162 5.148 245.824 9.4885 -0.067 0.02355818 -0.0078 0.038961247 -0.044 0.024074716 0.0229 0.036793943 1 6
13 66.5226 4.6925 256.4477 7.7709 -0.0286 0.018523443 0.0068 0.030962072 0.0115 0.02328903 0.0036 0.02919544 1 6
14 73.6794 4.8387 256.883 7.3734 -0.0402 0.02355604 0.0583 0.026475688 0.0547 0.024691852 0.0203 0.02508429 1 6
15 81.3672 5.5276 241.993 10.2719 -0.0289 0.026725115 0.0333 0.041793726 -0.0171 0.026642352 0.0344 0.037490804 1 6
16 98.4528 4.0777 257.6318 6.2456 -0.0182 0.020206898 0.0327 0.02740571 -0.068 0.022605516 -0.0383 0.023468431 1 6
17 67.0786 4.187 246.9266 5.7078 -0.0426 0.022835972 0.0091 0.022492344 -0.0338 0.019619523 0.0542 0.023323672 1 6
18 96.77 5.3509 246.8429 6.8402 -0.0774 0.023118151 0.0044 0.038481683 -0.0335 0.020095374 -0.0249 0.029571641 1 6
19 96.0608 7.7448 230.6001 11.1113 -0.0987 0.03138102 0.0313 0.050574355 -0.0663 0.02644342 0.0264 0.044281118 1 6
20 110.8335 5.3363 240.6558 8.1424 -0.0649 0.023028962 0.0175 0.032803677 -0.0582 0.02523148 0.0535 0.032158114 1 6
21 97.1909 6.163 211.6086 17.0652 -0.0946 0.03145982 0.0812 0.08067535 -0.0118 0.035260826 0.0006 0.045967147 1 6
22 86.62 5.4744 220.2274 7.028 -0.0575 0.031086363 0.0161 0.03827415 0.0035 0.0322082 0.0281 0.0382194 1 6
23 81.4447 5.3377 257.0459 6.8743 -0.0455 0.024123177 -0.0162 0.030206883 -0.0142 0.022261333 -0.0107 0.02729062 1 6
24 45.4658 4.6573 305.335 6.8207 -0.0085 0.014520951 0.0572 0.017328637 0.0017 0.014509482 0.0061 0.01954552 1 6
25 14.852 5.2128 306.61 6.0423 -0.0347 0.016782742 -0.0165 0.020424642 -0.0604 0.019726949 -0.069 0.024147773 1 6
26 43.1226 5.0279 287.7697 7.0197 0.009 0.017034518 0.0547 0.018713977 0.0061 0.01817768 0.0556 0.02013461 1 6
27 69.3297 4.9866 263.3904 7.6633 -0.045 0.020459292 0.054 0.024081998 -0.0436 0.023064371 0.0292 0.021547943 1 6
28 60.783 5.0855 292.4148 7.2609 -0.0452 0.016167294 0.0026 0.018749507 -0.0428 0.019112766 0.1141 0.024008838 1 6
29 82.1593 5.3269 269.1026 6.0153 -0.0503 0.018235791 0.0237 0.027881442 -0.0321 0.019733183 -0.0615 0.023600252 1 6
30 67.6063 5.8847 262.026 7.2942 -0.0553 0.017830111 0.0476 0.023348762 -0.0178 0.019995429 -0.009 0.022877535 1 6
31 -14.4905 5.377 303.4346 5.8582 0.037 0.01631716 0.0386 0.01978104 -0.0463 0.016327888 -0.0755 0.018737689 1 6
32 11.8433 5.8571 288.1743 7.7739 -0.0387 0.01897241 0.0258 0.019212564 -0.0335 0.018290153 0.0549 0.023332847 1 6
33 39.696 5.9845 269.724 8.472 0.041 0.020192375 0.0119 0.030863518 -0.0449 0.023621738 0.0468 0.026098793 1 6
34 50.0696 5.2934 284.4882 8.6538 -0.0019 0.02201995 -0.0064 0.025705488 -0.0593 0.022434378 0.0685 0.03081738 1 6
35 48.148 5.5503 258.9331 8.0448 -0.0376 0.022702305 0.0693 0.029153887 0.0085 0.019573715 -0.0411 0.025262086 1 6
36 -36.1041 4.8502 291.0548 5.597 -0.0002 0.014624784 0.0622 0.018989004 0.0302 0.015213803 -0.05 0.01756288 1 6
37 -5.7643 5.1899 305.849 7.6245 -0.0274 0.018603038 0.0398 0.024086615 -0.077 0.016153842 -0.0341 0.021060698 1 6
38 4.1418 4.8319 287.484 6.4642 -0.023 0.017870208 0.0021 0.02217165 -0.022 0.019039726 0.0246 0.02353681 1 6
39 22.2051 4.6785 253.4732 6.0256 -0.0192 0.024982642 -0.0047 0.023700062 0.0169 0.021146487 0.0699 0.025231037 1 6
40 13.24 4.8413 281.7851 7.0046 -0.0504 0.016842071 0.0442 0.021275837 -0.0189 0.01803491 0.0375 0.021518495 1 6
41 -42.6514 5.0225 314.1553 7.443 0.04 0.013504104 0.0781 0.019097758 -0.0347 0.015878474 0.0035 0.019024955 1 6
42 50.8918 5.3392 271.2278 6.9007 0.0246 0.020614184 -0.0267 0.026536642 -0.0522 0.02267759 0.0559 0.030823193 1 6
43 15.9497 5.2792 274.245 5.3174 -0.0143 0.015727712 -0.0396 0.01872803 -0.006 0.017186983 0.1353 0.020867895 1 6
44 -45.3649 5.3877 261.8683 9.4653 -0.0402 0.024430336 0.0898 0.027178328 0.0756 0.024844764 0.0214 0.030617584 1 6
45 -97.8252 4.9431 311.9247 6.9361 0.0398 0.014907769 0.0089 0.019872049 0.0571 0.015516717 0.0727 0.021447254 1 6
46 88.8767 5.1709 239.1458 7.8066 -0.0844 0.023346104 0.0423 0.0296657 -0.0294 0.026255807 0.0495 0.030387985 1 6
47 -28.3878 4.0208 287.9067 4.9183 0.0035 0.017994149 -0.005 0.0204356 -0.0589 0.019149963 -0.0105 0.018512532 1 6
48 74.9325 4.1879 249.9069 6.6382 -0.0127 0.026749905 -0.0348 0.03213267 -0.0699 0.025711436 0.0279 0.033028826 1 6
49 -8.4524 3.7632 261.435 4.7515 -0.014 0.015155323 -0.004 0.018841425 0.0021 0.014662056 0.0362 0.020630466 1 6
50 41.8319 5.5955 246.3319 7.0735 -0.0528 0.022162143 -0.0177 0.026483813 0.0288 0.021081846 0.0633 0.026011785 1 6
51 79.2544 5.6437 243.6873 6.9582 -0.0834 0.023812797 0.0014 0.026921447 0.0196 0.02776525 0.1051 0.02816845 1 6
52 -56.3019 4.0403 288.9749 6.6108 0.041 0.01628975 0.0321 0.019720292 -0.054 0.017202137 0.0457 0.017966025 1 6
53 63.1812 5.0228 263.0295 7.3095 -0.0161 0.021192336 -0.056 0.028135227 -0.0029 0.022288917 0.0681 0.031642523 1 6
54 2.007 4.2265 260.6371 4.3772 0.0238 0.016725328 -0.0587 0.020169815 0.0055 0.018565755 0.0717 0.022204068 1 6
55 99.7532 4.7968 221.8238 6.9776 -0.078 0.02779482 -0.0453 0.038571693 0.0462 0.025497379 0.0219 0.036005463 1 6
56 85.5734 5.2099 231.0993 7.2427 -0.1491 0.02463052 -0.0061 0.02876031 0.0715 0.029760623 0.0389 0.02967209 1 6
57 116.8391 7.8875 201.9193 12.2396 -0.0855 0.050658878 0.1035 0.046535958 -0.071 0.04655678 0.0785 0.06586834 1 6
58 105.6851 5.3023 232.9958 7.833 -0.095 0.026339222 0.0549 0.02678768 -0.0295 0.028292308 0.0741 0.037300073 1 6
59 111.5056 7.8076 202.1271 10.5904 -0.0914 0.041652147 0.0504 0.046700582 -0.0306 0.038000703 0.0581 0.04102029 1 6
60 68.5665 5.3615 251.3776 7.6947 -0.0297 0.023392128 0.0216 0.025069801 -0.0342 0.02118177 0.0337 0.023605624 1 6
61 83.9836 6.2767 210.1821 9.739 -0.084 0.038112298 0.0644 0.051906716 0.0395 0.027820978 0.0113 0.038458753 1 6
62 87.2402 6.1213 231.5802 7.0282 -0.1008 0.028693227 0.0173 0.035920043 0.0594 0.0219289 -0.0235 0.030963462 1 6
63 49.9033 5.9078 222.2125 8.3725 0.0377 0.037323862 -0.02 0.037209425 -0.018 0.038130857 0.0868 0.03750148 1 6
64 109.7925 5.6765 219.2184 7.8772 -0.0674 0.029169898 0.0135 0.038190786 -0.0133 0.027960923 0.0299 0.031642254 1 6
65 30.6675 4.9479 256.9988 5.5328 -0.1021 0.021095835 -0.0173 0.029268434 0.0739 0.019714685 0.0552 0.02781255 1 6
66 33.0358 4.9142 237.1326 8.932 -0.0784 0.027909955 0.0385 0.03982387 0.0583 0.03028033 0.017 0.02942244 1 6
67 10.8507 5.1645 262.9642 5.8589 -0.0164 0.021204188 0.0105 0.026621642 0.0383 0.021152724 0.013 0.025697395 1 6
68 96.7444 6.5081 225.6744 8.477 -0.1515 0.033575907 0.0004 0.032021362 0.0389 0.030551683 0.065 0.030928541 1 6
69 102.5089 4.5506 236.0117 6.3872 -0.0097 0.024392454 -0.0172 0.029468406 -0.0459 0.021680895 0.0106 0.028380336 1 6
70 102.8857 6.2602 195.0082 9.9725 -0.088 0.045772705 0.0942 0.039753668 0.0772 0.03930433 0.078 0.045063753 1 6
71 60.5585 6.0212 211.4026 7.7538 -0.119 0.03899177 0.0131 0.038102824 0.0968 0.029828202 0.0561 0.03164305 1 6
72 100.6068 5.0035 222.3739 8.1553 -0.0313 0.029488763 0.0786 0.031329192 -0.0822 0.028274799 0.025 0.03124171 1 6
73 26.6462 4.2903 253.685 5.6751 -0.0747 0.020707777 0.0384 0.02444343 0.0703 0.019425115 0.0072 0.023787195 1 6
74 93.2395 5.67 226.6646 7.234 -0.0731 0.032358345 -0.0201 0.03520114 0.0737 0.035732165 0.0948 0.037179045 1 6
75 2.2063 5.6025 265.6006 7.6434 -0.0354 0.02191055 0.0607 0.02618561 0.0857 0.022439143 -0.0251 0.023878803 1 6
76 67.5237 6.3752 212.8821 9.8524 -0.038 0.035733994 -0.0259 0.067930326 -0.0195 0.030498507 0.0038 0.058432266 1 6
77 88.3666 5.4422 214.9822 8.29 -0.0282 0.041152768 0.0046 0.03966323 -0.0045 0.034966383 0.0131 0.03635794 1 6
78 47.8647 4.9973 236.0486 8.5493 -0.0648 0.02593712 0.0736 0.032065015 0.0437 0.03169856 0.0246 0.026626006 1 6
79 -17.5449 4.4202 258.145 6.21 0.0563 0.022483215 0.0043 0.02671818 0.0469 0.020782681 0.0229 0.026717773 1 6
80 -13.5472 4.3414 278.3609 6.7587 0.0055 0.019293072 0.0498 0.020858562 0.0435 0.017739685 0.0078 0.02342647 1 6
81 41.9557 4.3312 226.5572 7.4828 -0.0333 0.025876611 0.0338 0.029115923 0.0 0.02592439 -0.0133 0.028943209 1 6
82 -34.3656 3.6295 247.8339 5.3454 0.0549 0.019214913 0.0114 0.020140186 0.0358 0.018396571 -0.009 0.018470708 1 6
83 -2.3301 4.197 252.9244 9.9216 0.032 0.0227545 0.1098 0.025343776 0.0567 0.024736332 -0.0175 0.029264268 1 6
84 -46.6346 5.1487 259.0857 5.2982 0.0169 0.02040422 -0.0206 0.024194503 -1e-04 0.020748286 0.0152 0.028289141 1 6
85 56.3868 4.7604 224.6664 8.4915 -0.049 0.0307896 0.0208 0.027711438 0.0328 0.032139715 0.0711 0.029567892 1 6
86 79.0042 6.4843 221.3429 23.2862 -0.1061 0.05054869 0.1691 0.03655432 -0.023 0.072002366 -0.0159 0.087239 1 6
87 37.4723 6.5542 217.1124 10.743 -0.0403 0.03797098 0.0538 0.03884658 0.0051 0.037290603 0.0427 0.04125961 1 6
88 52.2146 6.614 223.7937 10.2883 -0.053 0.035511494 0.0511 0.044083446 0.0168 0.038091097 -0.002 0.036436327 1 6
89 102.1978 5.334 207.4422 8.1201 -0.0443 0.038349397 -0.0282 0.034561686 0.0027 0.03589404 0.1643 0.039248124 1 6
90 78.701 6.0024 218.5065 10.2729 0.0243 0.03259984 0.0744 0.03566119 -0.0529 0.03359674 0.0353 0.03338749 1 6
91 80.0338 7.1168 228.2286 10.4671 -0.1446 0.029838989 0.0814 0.026476957 0.1147 0.037325792 -0.0081 0.04376744 1 6
92 45.5212 5.7086 211.5379 7.5196 -0.0109 0.03575948 0.0068 0.038089763 -0.0845 0.036735 0.0293 0.037770815 1 6
93 90.235 5.6029 205.1578 13.7765 -0.0583 0.03917219 0.1212 0.038070004 -0.0002 0.040501606 0.0608 0.057526678 1 6
94 99.6133 6.5739 210.0313 8.7829 -0.0741 0.039582215 0.0543 0.035665225 0.0659 0.036895417 0.0871 0.04616367 1 6
95 80.2596 5.791 220.0757 9.1793 0.0325 0.027222732 0.0851 0.027675213 -0.0511 0.029605815 0.0578 0.035548884 1 6
96 95.977 7.4801 206.3529 12.1285 -0.1384 0.032676883 0.1293 0.04006706 0.1144 0.034522504 -0.0112 0.04313322 1 6
97 100.6615 5.9423 221.1306 7.4021 -0.0306 0.03954738 -0.0765 0.034182075 0.0043 0.035820294 0.1939 0.038902465 1 6
98 52.3008 4.4769 238.2895 7.0702 0.0263 0.025348539 -0.0324 0.028258609 -0.0096 0.027852098 0.1167 0.02944934 1 6
99 49.9133 5.4456 231.6072 7.5983 0.0153 0.029870596 0.0027 0.04298832 0.0099 0.02560439 0.014 0.03892108 1 6
100 97.9852 5.1732 183.324 12.452 -0.1054 0.041334342 0.1045 0.045991533 -0.0037 0.050010517 0.0584 0.049141426 1 6
101 98.0817 7.0085 230.9919 9.6134 -0.1304 0.037018985 -0.0178 0.037545208 0.0608 0.038369555 0.0918 0.045061685 1 6
102 58.0144 5.3694 219.0544 7.7627 -0.0505 0.028976431 -0.0549 0.04429687 -0.0185 0.029380156 0.0321 0.04266887 1 6
103 27.8877 4.3933 237.6036 7.0124 -0.0017 0.021593293 0.0234 0.028805409 0.0259 0.020630533 0.0205 0.027650505 1 6
104 102.6742 5.3469 201.1156 9.8941 -0.062 0.037340216 0.0188 0.061874192 -0.0883 0.037729714 0.0045 0.05619068 1 6
105 101.2322 8.5705 223.2229 10.9877 -0.068 0.040267296 -0.0178 0.059983883 0.0306 0.043696783 -0.0443 0.051651485 1 6
106 86.5309 7.6089 203.3923 14.3054 -0.0389 0.04625037 0.0581 0.066444285 0.0298 0.037732415 0.028 0.048435993 1 6
107 98.8104 6.8984 204.866 10.7894 -0.1368 0.04138211 -0.0285 0.06626883 0.0186 0.051696215 -0.002 0.056382246 1 6
108 81.7394 10.0119 222.7596 10.7929 -0.1466 0.049664333 0.0391 0.041402034 0.1138 0.037673116 0.0625 0.04265757 1 6
109 58.3141 6.1013 242.524 9.2569 -0.1112 0.031394653 -1e-04 0.028612934 0.0554 0.030797161 0.0585 0.03487074 1 6
110 66.7242 6.0267 201.5057 10.0048 -0.0328 0.039599206 0.0334 0.05867407 0.0305 0.037779544 -0.0207 0.043095045 1 6
111 46.3143 5.7977 225.1 8.7404 -0.0275 0.03549 0.035 0.037029464 -0.0625 0.032211427 0.0226 0.038919155 1 6
112 87.121 5.7493 211.5918 7.7092 -0.1049 0.033664756 0.0124 0.043143842 0.0965 0.030860018 -0.014 0.040760044 1 6
113 107.4219 6.6231 192.985 13.4597 -0.0648 0.046772618 0.0789 0.06471057 -0.048 0.050192382 -0.0427 0.045003645 1 6
114 93.9697 5.3128 215.2172 9.6991 -0.0539 0.03071069 0.0181 0.041829746 0.0499 0.03440265 0.0867 0.03803507 1 6
115 101.3782 7.1267 226.9995 12.5968 -0.1399 0.03230845 0.0274 0.03552069 0.0951 0.045584854 -0.0789 0.039113764 1 6
116 101.3207 7.1726 220.8762 8.8719 -0.1587 0.032498434 -0.0324 0.043952 -0.0912 0.03416288 0.0582 0.043053355 1 6
117 92.3044 5.4429 241.5277 6.4307 -0.0886 0.025170343 0.0574 0.034615036 0.07 0.025690353 -0.105 0.033528216 1 6
118 122.1206 7.5243 187.5055 13.5653 -0.1454 0.046002552 0.0709 0.05156532 -0.011 0.062095784 0.0781 0.054871343 1 6
119 88.6969 6.612 206.6104 9.2239 -0.1409 0.04274738 -0.0022 0.037511785 0.0912 0.039243348 0.0908 0.043515846 1 6
120 97.1218 5.6277 212.2298 9.0534 -0.0721 0.035573028 0.0265 0.04460313 0.0748 0.035114396 0.0205 0.03621651 1 6
121 109.79 7.208 210.0492 13.3107 -0.0805 0.036360074 0.0958 0.044663105 -0.0462 0.033573058 -0.0294 0.051931344 1 6
122 104.4331 8.9951 215.0716 20.7541 -0.1578 0.044227045 0.083 0.06682695 0.0565 0.059281074 0.0191 0.048270263 1 6
123 83.589 5.1207 211.8905 9.3852 0.0146 0.0325483 0.0389 0.040706534 -0.0574 0.032197684 0.0925 0.03594676 1 6
124 68.2865 5.5103 232.9096 6.2734 -0.0568 0.027960861 -0.0949 0.031710155 0.0315 0.02708346 0.0792 0.038106237 1 6
125 80.2371 6.1817 187.1967 15.4221 -0.0263 0.053223506 0.0505 0.08235857 0.0503 0.047023 -0.0108 0.05588783 1 6
126 80.1743 5.6826 244.754 7.6009 -0.1177 0.028269762 0.0319 0.037357736 0.1173 0.026261354 -0.0279 0.032524608 1 6
127 55.4397 5.5952 218.9752 13.6947 -0.0606 0.03562399 0.0825 0.049096003 0.0287 0.03881376 -0.0239 0.035504643 1 6
128 74.2206 5.1089 214.2504 13.5779 -0.0306 0.044727515 0.0522 0.06167647 -0.0848 0.046193298 0.0327 0.046637166 1 6
129 65.9579 8.7794 197.3921 23.1082 -0.0524 0.06265152 0.1155 0.071515486 0.0697 0.058443222 0.0387 0.101161316 1 6
130 19.3474 6.2114 224.7944 7.7414 -0.0907 0.028932378 -0.0214 0.04498785 -0.0346 0.031382766 -0.0376 0.04185548 1 6
131 92.8787 10.0236 179.2738 22.0355 -0.1316 0.0792416 0.1019 0.06641463 -0.0353 0.11530447 0.0247 0.09865456 1 6
132 28.074 6.4956 202.7974 12.8018 -0.0655 0.040382836 -0.0035 0.06412778 -0.0237 0.036991857 0.0351 0.05086549 1 6
133 75.9307 5.2128 201.1656 7.3205 -0.052 0.037537612 -0.0582 0.03506334 -0.0221 0.03757079 0.1695 0.03861694 1 6
134 104.7534 5.7792 206.8814 10.884 -0.0958 0.034430556 0.0133 0.05222918 0.1422 0.040612936 0.0083 0.052670278 1 6
135 92.0103 7.4443 200.2459 19.5199 -0.0781 0.045992453 0.0183 0.13030113 0.0098 0.0550885 -0.0346 0.0675423 1 6
136 103.0442 6.0527 207.556 14.3644 -0.0766 0.03639855 0.1053 0.039393134 0.0502 0.037886318 0.0384 0.040129866 1 6
137 88.9354 9.1304 218.2038 12.2908 -0.0691 0.051941574 -0.0329 0.070297256 -0.0264 0.04332118 0.0341 0.06383712 1 6
138 92.7733 9.8909 242.2084 20.9169 -0.061 0.054417774 0.0829 0.08818661 0.0493 0.041290164 -0.0351 0.046435505 1 6
139 82.766 9.3622 218.2177 17.1823 -0.0954 0.052274365 0.0616 0.097505845 0.0548 0.03439187 -0.005 0.052505277 1 6
140 88.3651 9.4275 196.042 14.3437 -0.1503 0.043863155 0.0423 0.056427937 -0.0032 0.046654265 0.0367 0.052433018 1 6
