data/processed/NGC5813/gauss_hermite_kins.ecsv
# %ECSV 1.0
# ---
# datatype:
# - {name: vbin_id, datatype: int64}
# - {name: v, datatype: float32}
# - {name: dv, datatype: float32}
# - {name: sigma, datatype: float32}
# - {name: dsigma, datatype: float32}
# - {name: h3, datatype: float32}
# - {name: dh3, datatype: float32}
# - {name: h4, datatype: float32}
# - {name: dh4, datatype: float32}
# - {name: h5, datatype: float32}
# - {name: dh5, datatype: float32}
# - {name: h6, datatype: float32}
# - {name: dh6, datatype: float32}
# - {name: is_good, datatype: int64}
# - {name: n_gh, datatype: int64}
# meta: !!omap
# - PSF:
#     sigma:
#     - [0.3329209608324763, 1.5030246371924072]
#     - [0.7981244701379099, 2.5355469313804813]
#     weight:
#     - [0.8112598413714794, 0.18874015862852056]
#     - [0.8646833678516875, 0.13531663214831247]
# - aperture_exprs: [_o, _s]
# schema: astropy-2.0
vbin_id v dv sigma dsigma h3 dh3 h4 dh4 h5 dh5 h6 dh6 is_good n_gh
[from data line 921]
922 -10.3317 4.3942 211.60933 7.0092 0.0234 0.027150584 0.0596 0.027820857 0.0 0.1 0.0 0.1 1 6
923 -13.8454 5.5196 227.5354 9.8432 -0.0218 0.022706186 0.0715 0.028106993 0.0 0.1 0.0 0.1 1 6
924 13.2751 6.6712 223.22516 7.2672 -0.0308 0.021430038 0.0174 0.032005824 0.0 0.1 0.0 0.1 1 6
925 5.8256 5.7202 240.56076 6.0008 0.0068 0.019580156 0.0003 0.027510826 0.0 0.1 0.0 0.1 1 6
926 20.0018 4.2529 217.65596 7.0632 -0.0405 0.018917501 0.078 0.02156776 0.0 0.1 0.0 0.1 1 6
927 5.3341 3.609 226.09334 4.6238 -0.025 0.01864525 0.0194 0.019856736 0.0 0.1 0.0 0.1 1 6
928 -7.9083 3.3944 231.5441 5.3698 0.0211 0.017710662 0.0692 0.01880438 0.0 0.1 0.0 0.1 1 6
929 -0.2017 4.5429 227.4742 9.1092 0.0471 0.019950079 0.0616 0.022907685 0.0 0.1 0.0 0.1 1 6
930 -0.1321 4.6467 237.95435 5.4056 -0.0231 0.021033857 0.0495 0.022360967 0.0 0.1 0.0 0.1 1 6
931 -8.4958 3.5844 229.31569 5.8422 -0.064 0.018230462 0.0118 0.024214821 0.0 0.1 0.0 0.1 1 6
932 -8.1325 3.3526 216.55661 5.1879 0.0029 0.016626054 0.0279 0.025821464 0.0 0.1 0.0 0.1 1 6
933 -18.5903 3.1071 228.71352 4.2297 0.034 0.01811785 -0.0016 0.020214777 0.0 0.1 0.0 0.1 1 6
934 -29.3576 4.5308 229.64066 4.8671 0.0424 0.015432583 0.0299 0.021304118 0.0 0.1 0.0 0.1 1 6
935 -29.9842 2.5994 222.97852 5.1479 0.0263 0.017499208 0.0003 0.022638906 0.0 0.1 0.0 0.1 1 6
936 -28.2834 3.8808 232.33675 5.6391 0.0431 0.016663997 0.0121 0.022377051 0.0 0.1 0.0 0.1 1 6
937 -20.1666 3.572 216.80841 4.3116 -0.0013 0.023393787 -0.0174 0.019731702 0.0 0.1 0.0 0.1 1 6
938 -28.5101 5.177 228.51117 7.8097 0.0374 0.018569319 0.0378 0.033013303 0.0 0.1 0.0 0.1 1 6
939 -32.7054 3.9549 231.00105 5.7188 -0.0089 0.02079172 0.0458 0.02453835 0.0 0.1 0.0 0.1 1 6
940 -21.5466 4.4608 229.89267 4.7693 0.0704 0.018912004 0.0722 0.020781979 0.0 0.1 0.0 0.1 1 6
941 -15.9256 4.3967 230.62997 6.2569 0.0427 0.019172287 0.0167 0.021597622 0.0 0.1 0.0 0.1 1 6
942 -5.9913 4.6891 248.89073 5.8733 -0.0174 0.014733706 -0.0506 0.02257643 0.0 0.1 0.0 0.1 1 6
943 12.7742 4.2971 234.49008 7.3267 -0.0241 0.026342845 0.0888 0.02701021 0.0 0.1 0.0 0.1 1 6
944 -4.3417 5.3559 225.90771 6.1583 -0.0588 0.021701375 0.0338 0.030921422 0.0 0.1 0.0 0.1 1 6
945 -17.2792 5.0866 224.41808 8.1225 -0.1058 0.032537427 -0.0008 0.03193797 0.0 0.1 0.0 0.1 1 6
946 9.9887 5.6866 223.44588 7.5079 -0.0323 0.023953093 -0.0241 0.03143524 0.0 0.1 0.0 0.1 1 6
947 13.2557 3.8698 213.04521 8.1308 0.0009 0.022197645 0.056 0.03082138 0.0 0.1 0.0 0.1 1 6
948 10.4238 4.2435 216.96558 8.2121 -0.0342 0.025908941 0.049 0.03416387 0.0 0.1 0.0 0.1 1 6
949 2.0031 4.8098 228.33342 5.8776 -0.0159 0.018091882 0.016 0.019701788 0.0 0.1 0.0 0.1 1 6
950 1.9942 3.9484 216.76598 7.3754 0.0002 0.020569164 0.062 0.022317853 0.0 0.1 0.0 0.1 1 6
951 -9.8936 3.3579 220.47878 5.5161 0.0096 0.019331861 -0.0394 0.019935323 0.0 0.1 0.0 0.1 1 6
952 -5.4913 3.0762 229.47444 4.6407 -0.0172 0.021605477 0.0063 0.023953538 0.0 0.1 0.0 0.1 1 6
953 -6.5943 5.0433 228.21634 4.6372 0.0184 0.015343441 0.0464 0.021358613 0.0 0.1 0.0 0.1 1 6
954 -7.2668 3.2274 221.30995 7.2822 0.0065 0.018887788 0.0935 0.02436682 0.0 0.1 0.0 0.1 1 6
955 -22.5688 3.1935 222.85883 5.8187 0.0581 0.022114381 0.024 0.026253188 0.0 0.1 0.0 0.1 1 6
956 -33.7375 3.2916 224.15472 7.946 0.0499 0.017057277 0.0727 0.0276313 0.0 0.1 0.0 0.1 1 6
957 -29.2618 2.6762 236.4814 4.5026 0.0511 0.017255176 0.0847 0.021176856 0.0 0.1 0.0 0.1 1 6
958 -26.4139 4.7773 240.79292 6.6893 0.066 0.020598354 0.008 0.019501323 0.0 0.1 0.0 0.1 1 6
959 -16.5019 4.947 230.43866 5.2419 0.0642 0.01984155 0.0186 0.022018615 0.0 0.1 0.0 0.1 1 6
960 -22.8779 3.0618 220.42964 3.696 -0.0041 0.019334557 0.0621 0.022336707 0.0 0.1 0.0 0.1 1 6
961 -36.2596 4.2554 213.74744 7.5643 0.0296 0.019926844 0.0672 0.026390556 0.0 0.1 0.0 0.1 1 6
962 -20.179 4.7769 228.91858 5.3397 0.0624 0.01885401 0.0083 0.02221589 0.0 0.1 0.0 0.1 1 6
963 -5.8127 10.1707 233.95154 7.9461 0.0393 0.035258375 -0.009 0.027824165 0.0 0.1 0.0 0.1 1 6
964 -32.903 10.2103 224.94862 15.4486 0.0579 0.043061156 0.0329 0.04586047 0.0 0.1 0.0 0.1 1 6
965 6.4457 6.8241 176.04025 13.734 0.0102 0.041712083 0.1253 0.044721458 0.0 0.1 0.0 0.1 1 6
966 22.8957 7.4087 207.94293 7.0987 -0.0568 0.029089816 -0.0382 0.03662856 0.0 0.1 0.0 0.1 1 6
967 -9.6988 5.0195 234.19156 6.3419 0.0204 0.027720576 -0.0146 0.027913466 0.0 0.1 0.0 0.1 1 6
968 -1.0153 5.7787 218.37091 7.0533 0.0135 0.031898376 -0.019 0.039547134 0.0 0.1 0.0 0.1 1 6
969 6.4921 3.8985 211.94933 8.8451 -0.0342 0.024347235 0.0693 0.031006256 0.0 0.1 0.0 0.1 1 6
970 5.4487 4.3712 213.2717 6.418 -0.0432 0.019751325 0.1024 0.025908086 0.0 0.1 0.0 0.1 1 6
971 18.5058 4.0753 220.78024 6.919 -0.0331 0.027681794 0.0551 0.02786442 0.0 0.1 0.0 0.1 1 6
972 17.0838 4.6332 205.78099 8.4767 -0.0007 0.029854856 0.0481 0.035531767 0.0 0.1 0.0 0.1 1 6
973 -7.8381 4.3669 224.96689 5.4348 -0.0513 0.018374415 -0.0353 0.019978654 0.0 0.1 0.0 0.1 1 6
974 -19.7161 4.5488 245.37785 6.9425 -0.038 0.020044835 -0.0072 0.018557882 0.0 0.1 0.0 0.1 1 6
975 -23.4615 4.4467 226.58116 5.855 0.0652 0.018852191 0.0646 0.023682643 0.0 0.1 0.0 0.1 1 6
976 -9.8487 4.107 233.38475 9.7385 0.028 0.01956137 0.1059 0.032352008 0.0 0.1 0.0 0.1 1 6
977 -12.8547 4.8833 228.9422 5.0738 -0.011 0.020071512 0.0114 0.026553325 0.0 0.1 0.0 0.1 1 6
978 -20.7133 3.9246 228.58783 5.2297 0.0373 0.018641602 0.0238 0.028815193 0.0 0.1 0.0 0.1 1 6
979 -25.223 4.1465 243.68535 5.9039 0.0289 0.020049274 0.023 0.016604038 0.0 0.1 0.0 0.1 1 6
980 -30.9537 3.5002 222.93095 4.5376 0.0723 0.019744225 0.021 0.019281685 0.0 0.1 0.0 0.1 1 6
981 -17.922 4.302 231.14645 7.7404 0.117 0.021360666 0.0267 0.02957003 0.0 0.1 0.0 0.1 1 6
982 -15.2772 4.4438 222.70961 7.1079 0.05 0.021401288 0.0531 0.023701368 0.0 0.1 0.0 0.1 1 6
983 -4.4285 4.3714 248.72693 5.6498 0.0198 0.02013785 -0.014 0.022720776 0.0 0.1 0.0 0.1 1 6
984 -27.222 5.5658 244.13234 4.9765 0.0415 0.019117014 0.0451 0.021302404 0.0 0.1 0.0 0.1 1 6
985 -36.0012 6.5836 226.06677 10.0273 0.0391 0.022808177 0.0636 0.033237517 0.0 0.1 0.0 0.1 1 6
986 -27.2046 8.7203 219.26047 15.9888 0.0346 0.046519425 0.0478 0.04411908 0.0 0.1 0.0 0.1 1 6
987 -17.8708 19.0517 134.95682 21.1284 0.1071 0.12508814 -0.0259 0.13583863 0.0 0.1 0.0 0.1 1 6
988 -15.101 4.9689 213.57565 7.2644 0.0267 0.035684314 -0.0361 0.033627816 0.0 0.1 0.0 0.1 1 6
989 -26.4203 5.4694 253.88411 6.5119 0.0265 0.04002212 -0.0389 0.033929486 0.0 0.1 0.0 0.1 1 6
990 3.2027 5.0422 229.40324 9.6589 -0.0152 0.02485424 0.0606 0.03334446 0.0 0.1 0.0 0.1 1 6
991 22.061 4.8733 211.3043 10.8262 -0.0167 0.026812287 0.0137 0.042444468 0.0 0.1 0.0 0.1 1 6
992 12.9543 5.2079 242.1574 6.3687 -0.0102 0.021526637 -0.0168 0.032133874 0.0 0.1 0.0 0.1 1 6
993 2.4791 4.3822 240.00352 5.6715 0.005 0.020703675 0.0244 0.023608567 0.0 0.1 0.0 0.1 1 6
994 -6.3083 6.1204 244.69325 8.4872 0.0009 0.020050121 0.025 0.027482724 0.0 0.1 0.0 0.1 1 6
995 -1.5534 5.7083 234.30193 8.0486 -0.0107 0.025121951 0.0194 0.026711142 0.0 0.1 0.0 0.1 1 6
996 -3.6094 5.2844 243.9068 6.4709 -0.0097 0.021408701 0.063 0.027949385 0.0 0.1 0.0 0.1 1 6
997 -5.0707 5.3664 243.39944 11.2484 0.0392 0.021762807 0.0863 0.027812662 0.0 0.1 0.0 0.1 1 6
998 -7.7436 5.1089 225.5696 8.128 0.0361 0.022081109 0.0396 0.023536216 0.0 0.1 0.0 0.1 1 6
999 -10.29 4.3931 236.68312 4.3063 0.0152 0.016879832 0.0255 0.021718007 0.0 0.1 0.0 0.1 1 6
1000 -16.0344 5.0428 239.55234 6.8765 -0.0148 0.020157516 0.0014 0.0191944 0.0 0.1 0.0 0.1 1 6
1001 -24.6635 6.7628 247.91223 7.3845 -0.0005 0.019662946 0.03 0.027684825 0.0 0.1 0.0 0.1 1 6
1002 -2.9367 6.9405 242.42232 9.1572 0.0389 0.027487287 0.0356 0.035582643 0.0 0.1 0.0 0.1 1 6
1003 8.1331 4.4108 242.5481 5.1448 0.0293 0.01813331 -0.038 0.023010697 0.0 0.1 0.0 0.1 1 6
1004 -5.0923 6.3309 258.8964 5.1523 0.0571 0.018058006 0.0124 0.02662812 0.0 0.1 0.0 0.1 1 6
1005 -13.2887 4.5436 269.07867 7.7988 0.0284 0.021500444 -0.0073 0.024736874 0.0 0.1 0.0 0.1 1 6
1006 -8.8397 5.7052 277.45346 8.6689 -0.0382 0.025154144 0.0255 0.030043919 0.0 0.1 0.0 0.1 1 6
1007 -7.7941 5.8662 246.98918 7.8299 0.0083 0.022153342 0.0477 0.036840405 0.0 0.1 0.0 0.1 1 6
1008 0.237 7.5538 227.92517 12.1651 -0.0446 0.034952685 0.0966 0.042318843 0.0 0.1 0.0 0.1 1 6
1009 -23.6933 5.6365 257.8259 8.5926 -0.0014 0.018341437 0.069 0.026721885 0.0 0.1 0.0 0.1 1 6
1010 5.1252 4.3226 234.88037 4.5283 -0.0088 0.018201338 -0.0482 0.024533661 0.0 0.1 0.0 0.1 1 6
1011 -2.8779 4.8661 233.86586 4.7723 0.0089 0.021973124 -0.0665 0.031554352 0.0 0.1 0.0 0.1 1 6
1012 18.1406 4.648 215.54115 5.1308 -0.075 0.023084862 -0.0388 0.022876589 0.0 0.1 0.0 0.1 1 6
1013 -6.1386 6.2184 204.2124 10.6574 -0.0029 0.03041232 0.0371 0.03289488 0.0 0.1 0.0 0.1 1 6
1014 1.5959 4.9577 221.86678 6.1369 0.0202 0.026906515 0.0141 0.029056773 0.0 0.1 0.0 0.1 1 6
1015 -6.6495 5.2106 211.84274 19.6564 0.0117 0.028832704 0.1117 0.07601498 0.0 0.1 0.0 0.1 1 6
1016 -4.9969 5.5332 212.43127 14.228 0.032 0.02658719 0.1173 0.052925266 0.0 0.1 0.0 0.1 1 6
1017 -10.9101 4.4284 234.42834 6.3485 0.0218 0.01995197 0.0194 0.022580344 0.0 0.1 0.0 0.1 1 6
1018 -38.834 4.3744 250.48956 5.509 0.0231 0.018413525 0.0195 0.021525118 0.0 0.1 0.0 0.1 1 6
1019 -19.6933 3.8168 272.5296 7.0825 0.0525 0.017858256 0.028 0.026880516 0.0 0.1 0.0 0.1 1 6
1020 -3.6816 5.4309 250.40105 5.7875 -0.0266 0.022450306 0.0594 0.026271814 0.0 0.1 0.0 0.1 1 6
1021 -6.4266 4.2863 225.13742 11.2272 -0.0075 0.030658009 0.0649 0.05131123 0.0 0.1 0.0 0.1 1 6
1022 -7.9228 4.406 221.53087 8.1224 0.0235 0.023855219 0.0136 0.032869138 0.0 0.1 0.0 0.1 1 6
1023 -4.6533 5.9055 257.52383 5.6358 0.0207 0.020223456 -0.0541 0.024516877 0.0 0.1 0.0 0.1 1 6
1024 -8.3461 7.9729 270.6146 9.6275 0.0214 0.022319177 0.026 0.02261026 0.0 0.1 0.0 0.1 1 6
1025 -23.3805 5.4217 261.4708 8.616 0.025 0.02355069 0.0339 0.024829287 0.0 0.1 0.0 0.1 1 6
1026 -27.2212 5.3622 245.76488 7.8884 0.044 0.0239041 0.0446 0.031384367 0.0 0.1 0.0 0.1 1 6
1027 2.0174 6.9649 224.2506 11.84 0.0187 0.027250227 0.0792 0.03515495 0.0 0.1 0.0 0.1 1 6
1028 -14.3067 6.0468 231.0757 10.5567 0.0473 0.027967801 0.044 0.034800578 0.0 0.1 0.0 0.1 1 6
1029 -0.8868 5.9809 231.99182 4.6682 0.0949 0.020970643 -0.0158 0.03126672 0.0 0.1 0.0 0.1 1 6
1030 1.3728 7.8629 246.32515 9.2443 0.0015 0.03246841 -0.0338 0.039246865 0.0 0.1 0.0 0.1 1 6
1031 -14.2378 5.0671 263.19855 6.9151 -0.0428 0.02412603 0.0437 0.019771714 0.0 0.1 0.0 0.1 1 6
1032 -18.2079 6.3022 258.80777 7.3835 -0.0092 0.023987204 -0.0037 0.031837147 0.0 0.1 0.0 0.1 1 6
1033 -21.7095 5.3073 237.25307 6.5485 0.0273 0.023902927 0.0428 0.029045515 0.0 0.1 0.0 0.1 1 6
1034 -11.6954 5.5122 254.80055 10.0817 0.0131 0.026695544 0.0408 0.028394364 0.0 0.1 0.0 0.1 1 6
1035 -15.3399 5.1351 276.0973 5.8034 -0.0495 0.01995852 -0.0352 0.0295779 0.0 0.1 0.0 0.1 1 6
1036 -14.4396 6.196 229.58952 9.8791 0.0386 0.028882451 0.0539 0.03234447 0.0 0.1 0.0 0.1 1 6
1037 -18.4825 6.1505 192.19514 14.4938 0.025 0.030422144 0.0837 0.05746413 0.0 0.1 0.0 0.1 1 6
1038 3.3515 5.5992 229.69946 10.4176 0.0119 0.031087654 0.0546 0.030442262 0.0 0.1 0.0 0.1 1 6
1039 -9.2032 6.6169 223.90955 9.8202 0.0734 0.027365074 0.1122 0.048003938 0.0 0.1 0.0 0.1 1 6
1040 25.4432 6.369 207.79709 13.0433 -0.0296 0.03682638 0.0732 0.048210677 0.0 0.1 0.0 0.1 1 6
1041 15.5504 6.0883 228.9613 7.6986 -0.023 0.025065407 -0.0216 0.043863036 0.0 0.1 0.0 0.1 1 6
1042 8.0793 8.9122 263.344 10.0846 -0.0577 0.028902475 -0.0461 0.034424104 0.0 0.1 0.0 0.1 1 6
1043 -3.2717 7.3334 231.56952 8.1046 -0.0267 0.032301 0.0014 0.041850753 0.0 0.1 0.0 0.1 1 6
1044 48.6336 6.8942 230.48013 21.108 -0.0192 0.0364466 0.0515 0.069645904 0.0 0.1 0.0 0.1 1 6
1045 -2.6928 6.7278 232.80115 9.5952 -0.0034 0.028888542 0.0062 0.032209557 0.0 0.1 0.0 0.1 1 6
1046 34.9554 9.7838 244.63928 26.1437 -0.0557 0.035230592 0.1047 0.101832315 0.0 0.1 0.0 0.1 1 6
1047 18.0054 6.1152 226.32466 5.8936 -0.0067 0.031321883 -0.0797 0.032331657 0.0 0.1 0.0 0.1 1 6
1048 -2.4224 5.2629 216.79938 7.7629 -0.0446 0.024377916 0.0009 0.033989854 0.0 0.1 0.0 0.1 1 6
1049 5.1271 7.6828 266.18033 9.3985 -0.011 0.021334479 0.0176 0.025708819 0.0 0.1 0.0 0.1 1 6
1050 -20.4969 5.7942 229.91743 8.8137 0.0667 0.029940093 0.0014 0.030678883 0.0 0.1 0.0 0.1 1 6
1051 -30.3943 6.3375 215.00188 7.7838 0.0084 0.027983949 0.0623 0.027169509 0.0 0.1 0.0 0.1 1 6
1052 1.2553 6.8711 249.8792 6.6651 0.0509 0.024298832 -0.0465 0.030461902 0.0 0.1 0.0 0.1 1 6
1053 10.9459 6.7625 214.55719 7.8792 0.0195 0.03106265 0.0098 0.032744106 0.0 0.1 0.0 0.1 1 6
1054 50.2271 5.7076 229.03732 9.4575 -0.0344 0.029858135 0.0204 0.041329447 0.0 0.1 0.0 0.1 1 6
1055 -9.7524 8.1159 215.74727 7.5884 0.0068 0.032844648 -0.0473 0.026275098 0.0 0.1 0.0 0.1 1 6
1056 -17.085 5.7944 210.88692 5.6343 0.0268 0.03065317 -0.0388 0.03422605 0.0 0.1 0.0 0.1 1 6
1057 18.4866 5.8414 242.28926 7.8175 -0.0077 0.026273878 0.02 0.031253904 0.0 0.1 0.0 0.1 1 6
1058 -9.3658 5.7457 267.07178 11.2408 0.0102 0.024673974 0.0689 0.026383294 0.0 0.1 0.0 0.1 1 6
1059 -5.9219 6.393 234.34045 7.2063 -0.0126 0.027385661 -0.0517 0.035323225 0.0 0.1 0.0 0.1 1 6
1060 -13.3126 5.3222 214.89592 9.407 0.0528 0.024037428 0.004 0.033204693 0.0 0.1 0.0 0.1 1 6
1061 16.0339 9.2392 231.77405 11.7219 -0.0108 0.03351216 0.0988 0.038509373 0.0 0.1 0.0 0.1 1 6
1062 -15.972 5.0259 231.28548 13.5924 0.0405 0.03186118 0.1136 0.04009704 0.0 0.1 0.0 0.1 1 6
1063 21.72 6.4771 272.93698 7.2856 -0.0311 0.022335965 -0.0221 0.031375706 0.0 0.1 0.0 0.1 1 6
1064 1.3081 4.9396 231.11865 8.4021 0.0356 0.029380858 -0.0523 0.029336803 0.0 0.1 0.0 0.1 1 6
1065 -0.3194 7.7102 223.07207 8.2404 -0.0691 0.038575735 -0.0707 0.037442427 0.0 0.1 0.0 0.1 1 6
1066 26.6304 16.1829 227.60681 40.7132 0.0632 0.08309719 0.0499 0.18546925 0.0 0.1 0.0 0.1 1 6
1067 25.7202 8.2415 232.92537 14.1421 -0.0465 0.038985807 0.0933 0.029455373 0.0 0.1 0.0 0.1 1 6
1068 -18.7303 6.3028 246.91463 7.2147 0.0003 0.030304268 -0.0625 0.038372163 0.0 0.1 0.0 0.1 1 6
1069 11.165 7.9296 239.67067 8.4276 -0.0664 0.028402511 -0.0261 0.036963776 0.0 0.1 0.0 0.1 1 6
1070 -24.6094 4.4645 227.97 9.893 0.048 0.02856919 -0.0205 0.04205046 0.0 0.1 0.0 0.1 1 6
1071 -5.4208 7.7581 216.4304 10.5648 -0.0106 0.046023197 0.0215 0.039196916 0.0 0.1 0.0 0.1 1 6
1072 33.1549 9.2883 277.21143 17.2254 -0.0571 0.027221171 0.0945 0.044601396 0.0 0.1 0.0 0.1 1 6
1073 -32.9201 6.4454 240.43079 13.6065 0.0018 0.03018957 0.0018 0.04765612 0.0 0.1 0.0 0.1 1 6
1074 -7.7485 5.7156 231.756 9.234 0.0813 0.023659503 0.0353 0.027904367 0.0 0.1 0.0 0.1 1 6
1075 -10.3239 6.1216 193.9624 12.3035 -0.043 0.042167425 0.0907 0.04434203 0.0 0.1 0.0 0.1 1 6
1076 -14.5402 9.0022 214.67543 15.5835 0.0154 0.033342518 0.1615 0.06788622 0.0 0.1 0.0 0.1 1 6
1077 -6.5455 8.4784 238.29245 12.3861 0.0306 0.034349494 0.0365 0.034358054 0.0 0.1 0.0 0.1 1 6
1078 -28.9128 8.2793 232.87593 7.4089 0.0148 0.02300819 -0.0094 0.030515034 0.0 0.1 0.0 0.1 1 6
1079 -8.7039 4.7655 213.81937 6.0233 0.0346 0.026804216 -0.0793 0.032946974 0.0 0.1 0.0 0.1 1 6
1080 34.5578 10.6908 241.45451 11.6776 -0.0311 0.03670266 0.0161 0.03969397 0.0 0.1 0.0 0.1 1 6
1081 4.1647 6.8393 225.18068 7.9821 0.0975 0.025756618 -0.0184 0.03352446 0.0 0.1 0.0 0.1 1 6
1082 -13.7277 7.3454 245.08752 18.6394 0.0266 0.024955027 0.1204 0.03898148 0.0 0.1 0.0 0.1 1 6
1083 25.2769 6.9121 251.24683 10.5615 0.0022 0.022743713 0.0601 0.023435777 0.0 0.1 0.0 0.1 1 6
1084 10.413 5.6882 217.00674 7.2531 -0.0185 0.028836414 -0.0264 0.034367576 0.0 0.1 0.0 0.1 1 6
1085 -20.1319 5.433 201.31187 6.401 0.0528 0.026379598 0.0166 0.035109386 0.0 0.1 0.0 0.1 1 6
1086 10.4106 7.1037 247.96829 8.714 0.0634 0.028924508 0.0344 0.03026414 0.0 0.1 0.0 0.1 1 6
1087 0.4611 7.4017 246.88333 7.8739 0.0061 0.023527112 -0.0209 0.032014187 0.0 0.1 0.0 0.1 1 6
1088 2.009 7.6424 261.39307 9.4537 -0.1315 0.028184911 0.0426 0.037086118 0.0 0.1 0.0 0.1 1 6
1089 14.4781 6.6085 251.5069 8.5123 0.0035 0.029298136 0.0065 0.032210276 0.0 0.1 0.0 0.1 1 6
