data/processed/NGC5813/gauss_hermite_kins.ecsv
# %ECSV 1.0
# ---
# datatype:
# - {name: vbin_id, datatype: int64}
# - {name: v, datatype: float32}
# - {name: dv, datatype: float32}
# - {name: sigma, datatype: float32}
# - {name: dsigma, datatype: float32}
# - {name: h3, datatype: float32}
# - {name: dh3, datatype: float32}
# - {name: h4, datatype: float32}
# - {name: dh4, datatype: float32}
# - {name: h5, datatype: float32}
# - {name: dh5, datatype: float32}
# - {name: h6, datatype: float32}
# - {name: dh6, datatype: float32}
# - {name: is_good, datatype: int64}
# - {name: n_gh, datatype: int64}
# meta: !!omap
# - PSF:
#     sigma:
#     - [0.3329209608324763, 1.5030246371924072]
#     - [0.7981244701379099, 2.5355469313804813]
#     weight:
#     - [0.8112598413714794, 0.18874015862852056]
#     - [0.8646833678516875, 0.13531663214831247]
# - aperture_exprs: [_o, _s]
# schema: astropy-2.0
vbin_id v dv sigma dsigma h3 dh3 h4 dh4 h5 dh5 h6 dh6 is_good n_gh
[from data line 1259]
1260 -39.8191 7.4702 208.51308 15.6118 -0.0545 0.033407435 0.0279 0.04576367 0.0 0.1 0.0 0.1 1 6
1261 1.1176 6.5799 243.64284 8.5637 -0.0525 0.026801355 0.0056 0.035282515 0.0 0.1 0.0 0.1 1 6
1262 21.7449 9.4739 236.46397 9.8965 -0.048 0.038201794 -0.0111 0.043585762 0.0 0.1 0.0 0.1 1 6
1263 -15.047 7.0445 250.83408 5.4386 0.0139 0.023783537 -0.1086 0.036952797 0.0 0.1 0.0 0.1 1 6
1264 -5.8967 6.9718 241.02896 9.5463 0.0081 0.03346263 0.0581 0.037884444 0.0 0.1 0.0 0.1 1 6
1265 7.0134 7.3735 215.52635 10.8906 0.0677 0.03281348 0.0009 0.035910215 0.0 0.1 0.0 0.1 1 6
1266 11.8587 10.0305 208.72005 30.5696 -0.0033 0.09055468 0.1136 0.09829259 0.0 0.1 0.0 0.1 1 6
1267 -0.3868 4.0837 232.72409 6.6366 -0.0707 0.02733431 0.0257 0.027426979 0.0 0.1 0.0 0.1 1 6
1268 -9.3708 5.6693 249.70743 8.38 0.0173 0.029570192 0.0194 0.022403263 0.0 0.1 0.0 0.1 1 6
1269 -10.0558 10.068 222.82133 31.8033 -0.0318 0.06273656 0.0878 0.1340962 0.0 0.1 0.0 0.1 1 6
1270 0.215 4.9107 259.64273 6.3592 -0.0067 0.026624821 -0.0504 0.027117562 0.0 0.1 0.0 0.1 1 6
1271 -6.0297 6.979 244.39253 9.2815 0.0337 0.02225559 0.052 0.02817822 0.0 0.1 0.0 0.1 1 6
1272 8.8847 6.4254 229.51865 13.1592 -0.0236 0.03143246 0.0622 0.06415193 0.0 0.1 0.0 0.1 1 6
1273 12.7066 7.1267 233.98946 9.6923 0.0589 0.0255914 0.0192 0.034869026 0.0 0.1 0.0 0.1 1 6
1274 -15.4089 9.0109 227.71034 21.0778 -0.0448 0.044568855 0.0549 0.08949998 0.0 0.1 0.0 0.1 1 6
1275 -0.9094 8.7228 247.15529 10.7256 0.0241 0.031103104 0.0114 0.043959584 0.0 0.1 0.0 0.1 1 6
1276 6.8549 7.6134 210.81163 9.9132 -0.0017 0.039258976 1e-04 0.056043264 0.0 0.1 0.0 0.1 1 6
1277 -5.4064 5.3956 252.95056 10.8578 0.0 0.020063829 0.0527 0.031902514 0.0 0.1 0.0 0.1 1 6
1278 26.5028 8.912 264.80463 13.7744 -0.01 0.032033175 0.0549 0.035148133 0.0 0.1 0.0 0.1 1 6
1279 8.0013 5.9046 246.49998 8.4804 0.0344 0.025408601 0.0905 0.0318318 0.0 0.1 0.0 0.1 1 6
1280 -14.7109 10.8803 255.77097 14.6325 -0.0429 0.031683855 0.0777 0.04204006 0.0 0.1 0.0 0.1 1 6
1281 3.6539 5.1992 207.2622 8.2637 0.043 0.029834073 0.0491 0.033557232 0.0 0.1 0.0 0.1 1 6
1282 1.1513 6.3967 282.87714 12.1233 0.0097 0.026931185 -0.0126 0.039577764 0.0 0.1 0.0 0.1 1 6
1283 -15.8779 7.0972 259.94104 8.2501 0.033 0.038803123 -0.0468 0.04208381 0.0 0.1 0.0 0.1 1 6
1284 -25.0131 5.0991 234.32681 7.8345 0.0245 0.028091922 -0.0157 0.029723985 0.0 0.1 0.0 0.1 1 6
1285 -8.695 7.0069 208.71857 9.8592 -0.0054 0.031205032 0.0949 0.029747508 0.0 0.1 0.0 0.1 1 6
1286 22.8007 6.1291 241.3997 7.9704 -0.0297 0.023015413 0.0391 0.023971254 0.0 0.1 0.0 0.1 1 6
1287 16.9791 6.7032 196.32658 14.7473 -0.0033 0.034839135 0.0958 0.05063574 0.0 0.1 0.0 0.1 1 6
1288 3.7196 21.9108 222.69135 39.3326 -0.0513 0.110909835 0.0506 0.0352175 0.0 0.1 0.0 0.1 1 6
1289 -3.824 6.4057 216.78047 12.4117 -0.0387 0.027065434 0.0524 0.041780535 0.0 0.1 0.0 0.1 1 6
1290 11.871 6.2333 249.7511 9.7478 0.0417 0.026943289 0.0594 0.030251063 0.0 0.1 0.0 0.1 1 6
1291 0.7474 6.4572 210.66968 10.2215 0.0039 0.02749802 0.0598 0.042673755 0.0 0.1 0.0 0.1 1 6
1292 -19.1763 6.1267 251.11714 7.6047 0.0526 0.030956648 -0.0135 0.035113294 0.0 0.1 0.0 0.1 1 6
1293 -2.6341 6.547 245.80666 10.2624 -0.0289 0.0317687 0.0008 0.03385258 0.0 0.1 0.0 0.1 1 6
1294 1.2161 7.7532 205.43082 10.838 -0.0384 0.03905294 0.0244 0.0511605 0.0 0.1 0.0 0.1 1 6
1295 2.056 5.1133 241.41422 7.721 -0.0119 0.023727266 -0.0115 0.027094815 0.0 0.1 0.0 0.1 1 6
1296 -9.759 6.9876 274.50034 13.5922 0.0425 0.027898405 0.0928 0.031056805 0.0 0.1 0.0 0.1 1 6
1297 -21.4537 5.5631 235.845 6.0089 0.0233 0.030475376 -0.0148 0.028381713 0.0 0.1 0.0 0.1 1 6
1298 20.9907 5.4138 225.03621 4.8543 -0.0356 0.020512162 -0.0139 0.027200257 0.0 0.1 0.0 0.1 1 6
1299 -2.8451 8.2371 206.03844 8.482 0.0722 0.031745847 0.021 0.046939578 0.0 0.1 0.0 0.1 1 6
1300 10.2813 6.1153 237.67494 9.1546 0.0645 0.026405072 0.0502 0.029561017 0.0 0.1 0.0 0.1 1 6
1301 8.281 7.4272 206.1675 10.169 0.0109 0.034317277 0.009 0.038790397 0.0 0.1 0.0 0.1 1 6
1302 -14.0092 6.2227 223.66637 8.6325 -0.0413 0.033683784 -0.018 0.03691183 0.0 0.1 0.0 0.1 1 6
1303 17.7623 6.4522 259.83572 6.3534 -0.0284 0.029075632 -0.0819 0.04385672 0.0 0.1 0.0 0.1 1 6
1304 -13.019 13.3004 203.40788 17.0886 0.0924 0.0748638 0.154 0.049966678 0.0 0.1 0.0 0.1 1 6
1305 -2.6401 6.2285 242.03214 8.5256 0.0479 0.032856714 -0.0372 0.040097006 0.0 0.1 0.0 0.1 1 6
1306 2.6479 5.9568 225.81602 6.4252 0.0297 0.029960686 -0.03 0.032497387 0.0 0.1 0.0 0.1 1 6
1307 -6.1617 11.3807 241.94287 17.8234 0.027 0.04109374 0.0472 0.05769858 0.0 0.1 0.0 0.1 1 6
1308 -9.5403 6.4053 224.45512 13.8192 -0.0159 0.043218713 -0.0248 0.05719839 0.0 0.1 0.0 0.1 1 6
1309 -13.7112 6.0817 221.27898 13.0642 0.0253 0.035089012 -0.0557 0.06252097 0.0 0.1 0.0 0.1 1 6
1310 15.2282 7.3595 202.35736 21.3095 -0.0168 0.053174615 0.0597 0.067692064 0.0 0.1 0.0 0.1 1 6
1311 8.8664 7.2111 234.51476 6.6297 0.0655 0.02913809 -0.0593 0.029999686 0.0 0.1 0.0 0.1 1 6
1312 -52.0666 10.3156 197.58017 17.0458 -0.0651 0.04636154 0.0705 0.069750175 0.0 0.1 0.0 0.1 1 6
1313 13.226 9.0518 269.56503 10.0278 0.0572 0.028308418 -0.0057 0.030463113 0.0 0.1 0.0 0.1 1 6
1314 -12.1342 8.0883 248.62823 8.8274 0.0436 0.02899342 0.0186 0.03777102 0.0 0.1 0.0 0.1 1 6
1315 28.2235 9.3525 240.84457 7.0222 -0.0878 0.02760562 0.0872 0.04644403 0.0 0.1 0.0 0.1 1 6
1316 3.3762 6.7654 229.23315 12.8284 -0.0078 0.03620909 0.0256 0.049557142 0.0 0.1 0.0 0.1 1 6
1317 -3.778 6.1989 248.24161 10.0097 0.0458 0.026408995 -0.0113 0.041091453 0.0 0.1 0.0 0.1 1 6
1318 -14.9432 4.6564 214.3011 12.2667 -0.0066 0.036132336 0.0068 0.049050443 0.0 0.1 0.0 0.1 1 6
1319 9.9002 6.4676 243.53195 9.6211 -0.0731 0.039495017 -0.0207 0.050203398 0.0 0.1 0.0 0.1 1 6
1320 -10.0881 5.172 207.58206 10.5814 0.0007 0.04069997 -0.0036 0.05058304 0.0 0.1 0.0 0.1 1 6
1321 -5.4211 5.582 238.304 7.0566 0.0304 0.028094202 -0.0715 0.032068834 0.0 0.1 0.0 0.1 1 6
1322 -2.9538 8.0774 241.46051 7.8736 0.0548 0.030843714 -0.0932 0.054105192 0.0 0.1 0.0 0.1 1 6
1323 -22.7046 7.1806 220.33115 9.3232 -0.015 0.0434919 0.0339 0.04642419 0.0 0.1 0.0 0.1 1 6
1324 0.7829 7.1415 226.81668 8.9384 0.033 0.03633887 0.0428 0.040193297 0.0 0.1 0.0 0.1 1 6
1325 2.9321 6.3017 212.44283 7.8585 -0.0159 0.028535668 -0.036 0.040423796 0.0 0.1 0.0 0.1 1 6
1326 -0.5792 9.0348 266.12857 7.8909 -0.0235 0.03406995 -0.0851 0.043200795 0.0 0.1 0.0 0.1 1 6
1327 2.2934 7.2112 225.96797 8.6864 0.0723 0.029821903 -0.0495 0.032620024 0.0 0.1 0.0 0.1 1 6
1328 -30.7459 9.7565 241.55795 11.983 0.0021 0.046901762 0.017 0.07046009 0.0 0.1 0.0 0.1 1 6
1329 9.9398 7.06 209.23338 7.9232 -0.1118 0.029911049 -0.0566 0.04091103 0.0 0.1 0.0 0.1 1 6
1330 -11.0189 9.7968 251.46303 11.2023 -0.0067 0.027504029 0.0014 0.04439083 0.0 0.1 0.0 0.1 1 6
1331 -6.8405 6.6576 234.74892 10.5898 0.0245 0.031910192 -0.0014 0.042551037 0.0 0.1 0.0 0.1 1 6
1332 0.5071 6.6152 179.38304 17.5117 0.0149 0.040912382 0.0531 0.07698957 0.0 0.1 0.0 0.1 1 6
1333 -9.7314 9.7731 207.27985 17.9867 0.0424 0.04811698 0.0432 0.07832524 0.0 0.1 0.0 0.1 1 6
1334 0.0302 9.0882 251.08186 11.2565 -0.0935 0.032353062 0.0197 0.036358364 0.0 0.1 0.0 0.1 1 6
1335 -22.9428 8.5606 242.8379 10.5163 -0.0568 0.031095691 0.0102 0.03726602 0.0 0.1 0.0 0.1 1 6
1336 -6.996 6.7112 215.1663 9.0132 0.0479 0.032261103 0.0423 0.04187832 0.0 0.1 0.0 0.1 1 6
1337 -0.5252 6.0188 239.15155 7.554 0.0455 0.026605515 -0.0208 0.028335014 0.0 0.1 0.0 0.1 1 6
1338 10.9958 6.4245 202.0703 14.0442 -0.0438 0.040106107 0.0369 0.053953376 0.0 0.1 0.0 0.1 1 6
1339 4.5225 9.3422 196.68367 16.1728 -0.0322 0.05146037 0.0938 0.049079556 0.0 0.1 0.0 0.1 1 6
1340 -10.3409 7.1896 237.56027 22.1047 0.0263 0.034457177 0.1274 0.033795964 0.0 0.1 0.0 0.1 1 6
1341 -2.7784 9.739 231.80261 9.7634 -0.0396 0.034798246 0.0102 0.036470428 0.0 0.1 0.0 0.1 1 6
1342 -9.466 8.064 243.46611 7.137 -0.0677 0.028075421 0.0083 0.039487936 0.0 0.1 0.0 0.1 1 6
1343 11.3133 8.1258 231.13942 12.1961 -0.0002 0.036329783 0.0293 0.034274843 0.0 0.1 0.0 0.1 1 6
1344 -3.9521 6.7695 234.26466 9.452 -0.0795 0.031711407 0.0085 0.04171355 0.0 0.1 0.0 0.1 1 6
1345 15.0842 11.5807 211.69531 47.7064 -0.0045 0.07230473 0.1019 0.06850081 0.0 0.1 0.0 0.1 1 6
1346 -11.9078 6.8974 261.03543 10.6456 0.0147 0.029803826 -0.1061 0.03229902 0.0 0.1 0.0 0.1 1 6
1347 -31.5568 8.6035 254.12813 10.0905 0.0884 0.026937325 -0.0399 0.045000453 0.0 0.1 0.0 0.1 1 6
1348 -15.7219 7.8564 220.97081 12.4602 0.0595 0.027717633 0.0378 0.057893265 0.0 0.1 0.0 0.1 1 6
1349 -7.6144 7.2448 190.00526 14.323 0.0284 0.046528 0.0907 0.055731744 0.0 0.1 0.0 0.1 1 6
1350 -20.2275 7.1751 251.86957 5.6531 0.054 0.024436688 0.0084 0.030682296 0.0 0.1 0.0 0.1 1 6
1351 -6.7333 6.8491 237.37349 17.4353 0.057 0.022758717 0.0817 0.052327227 0.0 0.1 0.0 0.1 1 6
1352 -8.2648 8.4472 206.74448 14.6441 0.0577 0.040059526 0.027 0.049079638 0.0 0.1 0.0 0.1 1 6
1353 -1.2387 4.931 228.33278 6.1544 0.0108 0.019023197 -0.0172 0.026656238 0.0 0.1 0.0 0.1 1 6
1354 23.0755 7.3915 234.06956 10.343 -0.0619 0.02650981 0.0147 0.031850494 0.0 0.1 0.0 0.1 1 6
1355 0.8007 8.5419 260.68454 9.1654 0.0709 0.026591623 -0.0509 0.026736604 0.0 0.1 0.0 0.1 1 6
1356 -22.2106 6.5087 224.77621 6.6915 0.0693 0.027546491 -0.0627 0.032366034 0.0 0.1 0.0 0.1 1 6
1357 -9.4856 8.0469 239.34708 9.4781 0.0096 0.033421565 -0.0144 0.047002878 0.0 0.1 0.0 0.1 1 6
1358 14.6812 5.2583 212.36438 9.1851 -0.0269 0.026502457 0.1125 0.028229484 0.0 0.1 0.0 0.1 1 6
1359 0.7564 7.2549 210.54892 25.7168 0.0079 0.040299274 0.0315 0.10755727 0.0 0.1 0.0 0.1 1 6
1360 -27.9133 7.5148 217.29202 8.7069 0.0593 0.037329875 0.007 0.036049213 0.0 0.1 0.0 0.1 1 6
1361 -10.8195 7.1229 237.31563 9.0278 -0.0497 0.03354748 -0.0067 0.039601363 0.0 0.1 0.0 0.1 1 6
1362 -0.6268 7.2586 238.79373 8.2696 0.0487 0.02383732 -0.0643 0.043123163 0.0 0.1 0.0 0.1 1 6
1363 8.6074 6.151 262.33282 8.8573 0.0405 0.030797448 -0.003 0.031842414 0.0 0.1 0.0 0.1 1 6
1364 9.7104 5.9312 223.67183 11.9269 -0.0254 0.03508325 0.1037 0.035690285 0.0 0.1 0.0 0.1 1 6
1365 -20.7433 8.2546 207.2344 9.7551 0.0262 0.036074318 0.0304 0.041794285 0.0 0.1 0.0 0.1 1 6
1366 -16.5419 6.6258 246.09122 7.819 0.0231 0.031364914 -0.0323 0.031909715 0.0 0.1 0.0 0.1 1 6
1367 10.1329 7.0559 250.75699 13.9453 0.0388 0.030713351 0.0713 0.042108234 0.0 0.1 0.0 0.1 1 6
1368 -21.0282 9.088 229.73412 9.3396 0.0281 0.032544836 -0.0023 0.037275292 0.0 0.1 0.0 0.1 1 6
1369 22.0539 7.2149 206.98145 11.8879 -0.067 0.03111738 0.0586 0.045393247 0.0 0.1 0.0 0.1 1 6
1370 -0.5673 7.3661 243.7157 12.1538 -0.0512 0.02416603 0.073 0.027078351 0.0 0.1 0.0 0.1 1 6
1371 -17.3189 6.2045 233.77231 7.878 0.0385 0.035416495 -0.0455 0.0470069 0.0 0.1 0.0 0.1 1 6
1372 -38.155 9.7427 189.87086 20.6328 0.1389 0.05344014 0.1597 0.09846826 0.0 0.1 0.0 0.1 1 6
1373 -22.2187 9.2886 274.86026 10.4938 0.052 0.022616718 -0.0022 0.032757673 0.0 0.1 0.0 0.1 1 6
1374 -17.0247 6.8901 215.84628 14.1348 -0.0197 0.033995662 0.0977 0.035366107 0.0 0.1 0.0 0.1 1 6
1375 19.5252 6.0812 203.44086 8.3453 -0.0796 0.038371816 -0.0457 0.050200135 0.0 0.1 0.0 0.1 1 6
1376 -11.753 9.2681 238.57112 13.0227 -0.0221 0.0402956 0.0079 0.052134737 0.0 0.1 0.0 0.1 1 6
1377 -37.0615 7.0405 277.22128 12.383 -0.0103 0.021926355 0.0539 0.022389565 0.0 0.1 0.0 0.1 1 6
1378 -6.3989 6.369 241.73593 11.4708 -0.0204 0.025900537 0.0077 0.04783644 0.0 0.1 0.0 0.1 1 6
1379 18.3306 7.8885 249.56094 8.8269 -0.0956 0.031688273 -0.0461 0.034207053 0.0 0.1 0.0 0.1 1 6
1380 10.3846 8.6803 202.66281 10.965 0.0734 0.03945801 0.1931 0.041015223 0.0 0.1 0.0 0.1 1 6
1381 -9.6653 5.2337 217.6211 7.7984 0.1562 0.029128034 0.0112 0.031395458 0.0 0.1 0.0 0.1 1 6
1382 -30.7425 11.2055 233.533 8.984 -0.0119 0.040867895 -0.0423 0.040302522 0.0 0.1 0.0 0.1 1 6
1383 -5.7354 7.4536 217.93935 13.2769 0.0198 0.033940896 0.0665 0.036682945 0.0 0.1 0.0 0.1 1 6
1384 7.2156 7.2808 261.1184 12.2181 -0.0138 0.028830335 0.082 0.03373124 0.0 0.1 0.0 0.1 1 6
1385 -0.8213 6.5206 192.2426 7.5127 -0.0012 0.036158614 0.1829 0.030915093 0.0 0.1 0.0 0.1 1 6
1386 13.5922 6.2241 256.35864 9.9595 -0.012 0.028306402 0.0633 0.029498655 0.0 0.1 0.0 0.1 1 6
1387 2.2945 7.7507 201.81377 12.4048 -0.0166 0.03458004 0.0344 0.04948626 0.0 0.1 0.0 0.1 1 6
1388 12.8267 8.028 240.6037 11.2897 0.143 0.03233929 0.046 0.044578426 0.0 0.1 0.0 0.1 1 6
1389 8.7658 8.5657 224.03671 16.0308 0.0768 0.041279007 0.0883 0.05680064 0.0 0.1 0.0 0.1 1 6
1390 -18.891 7.538 198.80101 9.4363 0.0384 0.039031304 0.0164 0.037273556 0.0 0.1 0.0 0.1 1 6
1391 24.2407 8.9168 220.46513 12.1082 -0.0543 0.03992152 0.0551 0.061242517 0.0 0.1 0.0 0.1 1 6
1392 -0.825 5.4945 204.99654 12.4059 0.0432 0.032616977 0.1029 0.029528394 0.0 0.1 0.0 0.1 1 6
1393 0.9953 7.671 237.83842 11.308 0.0126 0.03328858 0.0791 0.041398384 0.0 0.1 0.0 0.1 1 6
1394 -6.8638 7.259 203.90547 10.2497 0.0077 0.03519706 0.0157 0.047162283 0.0 0.1 0.0 0.1 1 6
1395 -6.0687 8.5734 231.65257 14.2429 -0.0443 0.032136317 0.0727 0.037646335 0.0 0.1 0.0 0.1 1 6
1396 5.3316 8.5018 234.46005 13.6481 0.0575 0.040999793 0.1019 0.05272273 0.0 0.1 0.0 0.1 1 6
1397 18.1226 7.0687 251.50145 6.6648 0.0574 0.024914555 -0.0586 0.030968565 0.0 0.1 0.0 0.1 1 6
1398 -5.9892 6.1483 213.17813 13.6229 0.001 0.03386894 0.0302 0.055542067 0.0 0.1 0.0 0.1 1 6
1399 -12.8303 9.2486 246.3618 10.8808 -0.0425 0.032316305 0.0159 0.0434978 0.0 0.1 0.0 0.1 1 6
1400 -17.6359 7.6149 244.28249 11.1717 -0.0185 0.030634433 -0.0428 0.047362026 0.0 0.1 0.0 0.1 1 6
1401 -6.6938 7.4081 242.42809 9.3795 -0.0115 0.032720476 0.0368 0.04040031 0.0 0.1 0.0 0.1 1 6
1402 -3.6005 10.1609 251.66725 8.6212 0.0116 0.026271274 -0.0843 0.041483812 0.0 0.1 0.0 0.1 1 6
1403 -7.4269 9.3832 247.60889 13.721 -0.0543 0.033886205 0.0441 0.04890228 0.0 0.1 0.0 0.1 1 6
1404 9.8085 4.5257 226.18867 11.1836 0.0092 0.040390067 0.0554 0.04174377 0.0 0.1 0.0 0.1 1 6
1405 -3.1714 9.0619 262.2614 9.1266 0.0032 0.03466104 -0.0081 0.045109764 0.0 0.1 0.0 0.1 1 6
1406 14.0644 16.6714 237.06636 32.7133 -0.0812 0.06493403 0.0682 0.11763417 0.0 0.1 0.0 0.1 1 6
1407 -30.8565 12.7869 207.84633 21.4001 0.0427 0.06660559 0.0346 0.06829088 0.0 0.1 0.0 0.1 1 6
1408 -17.7481 8.4872 245.66388 7.2784 0.0435 0.026772587 -0.0209 0.035377953 0.0 0.1 0.0 0.1 1 6
1409 -14.4333 5.771 220.45 10.2471 0.0153 0.034627717 0.053 0.034226745 0.0 0.1 0.0 0.1 1 6
1410 -4.3735 8.1056 222.26064 13.6859 -0.0312 0.03602155 0.0091 0.05170641 0.0 0.1 0.0 0.1 1 6
1411 10.8649 6.9172 220.41652 11.7131 -0.0025 0.028336244 0.0351 0.043465916 0.0 0.1 0.0 0.1 1 6
1412 14.1663 6.6365 223.73273 9.9721 0.0139 0.03504617 0.0433 0.035639323 0.0 0.1 0.0 0.1 1 6
1413 7.9188 5.4062 228.1318 7.6359 -0.0464 0.036675368 -0.0938 0.04461048 0.0 0.1 0.0 0.1 1 6
1414 21.0722 8.6217 199.31624 13.9619 -0.0979 0.037289437 0.0273 0.05215557 0.0 0.1 0.0 0.1 1 6
1415 24.9813 9.6325 251.17606 10.6158 0.1395 0.031365734 -0.0658 0.032501616 0.0 0.1 0.0 0.1 1 6
1416 13.5767 7.1984 238.39471 8.6075 -0.0344 0.03885159 0.0172 0.042072564 0.0 0.1 0.0 0.1 1 6
1417 9.8518 11.7611 197.14589 24.4352 -0.0359 0.06811787 0.1215 0.094009444 0.0 0.1 0.0 0.1 1 6
1418 -3.6241 10.1201 249.55875 36.8021 0.0421 0.05143206 0.0215 0.1679756 0.0 0.1 0.0 0.1 1 6
1419 4.9388 6.7221 237.14175 7.9217 0.0676 0.025226282 0.0301 0.035499703 0.0 0.1 0.0 0.1 1 6
1420 -9.2476 5.612 212.64075 13.3362 -0.0223 0.038711667 -0.025 0.061552133 0.0 0.1 0.0 0.1 1 6
1421 12.0544 5.7862 236.88399 11.0097 -0.0732 0.035174232 0.0193 0.037474323 0.0 0.1 0.0 0.1 1 6
1422 20.7231 6.4474 220.63629 12.6129 0.0255 0.035231452 -0.0032 0.03957025 0.0 0.1 0.0 0.1 1 6
1423 -10.304 5.5654 225.31445 9.5732 0.0278 0.028306024 0.1118 0.028303904 0.0 0.1 0.0 0.1 1 6
1424 17.9182 6.7937 207.50624 15.899 -0.0274 0.033967175 -0.019 0.056969494 0.0 0.1 0.0 0.1 1 6
1425 -7.5214 6.7863 264.1969 13.8705 0.0301 0.02542687 0.1055 0.03200222 0.0 0.1 0.0 0.1 1 6
1426 -24.9062 4.2365 240.39246 10.5357 -0.0405 0.02867136 0.0461 0.034737714 0.0 0.1 0.0 0.1 1 6
