data/processed/NGC5813/gauss_hermite_kins.ecsv
# %ECSV 1.0
# ---
# datatype:
# - {name: vbin_id, datatype: int64}
# - {name: v, datatype: float32}
# - {name: dv, datatype: float32}
# - {name: sigma, datatype: float32}
# - {name: dsigma, datatype: float32}
# - {name: h3, datatype: float32}
# - {name: dh3, datatype: float32}
# - {name: h4, datatype: float32}
# - {name: dh4, datatype: float32}
# - {name: h5, datatype: float32}
# - {name: dh5, datatype: float32}
# - {name: h6, datatype: float32}
# - {name: dh6, datatype: float32}
# - {name: is_good, datatype: int64}
# - {name: n_gh, datatype: int64}
# meta: !!omap
# - PSF:
#     sigma:
#     - [0.3329209608324763, 1.5030246371924072]
#     - [0.7981244701379099, 2.5355469313804813]
#     weight:
#     - [0.8112598413714794, 0.18874015862852056]
#     - [0.8646833678516875, 0.13531663214831247]
# - aperture_exprs: [_o, _s]
# schema: astropy-2.0
vbin_id v dv sigma dsigma h3 dh3 h4 dh4 h5 dh5 h6 dh6 is_good n_gh
[from data line 280]
281 -9.9635 7.405 229.0657 14.3429 0.0537 0.03248437 0.0667 0.05932868 -0.0496 0.034286015 0.0162 0.039661523 1 6
282 -110.6668 7.2773 209.2492 13.3603 0.1655 0.034102865 0.0771 0.029400587 -0.0459 0.043825455 0.0783 0.048379753 1 6
283 -95.0826 3.9238 252.2257 4.7975 0.0299 0.020953622 -0.0392 0.023948157 -0.0363 0.019490382 0.0633 0.026312403 1 6
284 36.8075 5.9454 220.8805 9.6946 -0.0035 0.044404186 -0.0465 0.052438434 -0.0383 0.04299073 0.0723 0.04954768 1 6
285 -74.5348 3.5857 245.7809 6.1988 -0.0047 0.018220594 0.0644 0.025707657 0.0311 0.018037518 0.0009 0.020155367 1 6
286 -66.3436 5.2603 244.2358 8.581 0.0485 0.022747112 0.0503 0.030381352 -0.0854 0.02628954 0.0127 0.029531008 1 6
287 -104.6001 5.6589 206.3978 11.2158 0.0799 0.03474588 -0.0066 0.0621633 -0.0244 0.041443713 -0.0023 0.047248855 1 6
288 -17.1151 5.9286 236.0008 9.9167 -0.0099 0.028251432 -0.015 0.034869436 -0.0214 0.028149676 0.0786 0.03231962 1 6
289 4.6609 8.7759 211.3442 21.0922 -0.0224 0.08930644 0.0414 0.0983275 -0.0263 0.08929981 -0.0194 0.058650944 1 6
290 22.616 6.6765 218.3033 8.2578 -0.0188 0.03592509 -0.0143 0.04342363 0.0218 0.033516716 0.0178 0.040392756 1 6
291 -102.2998 5.0098 230.4734 11.883 0.1048 0.020640854 0.1267 0.03409987 -0.0026 0.029614562 -0.0431 0.030644925 1 6
292 -18.8547 4.8514 230.91 7.9231 -0.0008 0.026384346 -0.0531 0.035323557 0.0414 0.027308723 0.101 0.036569286 1 6
293 -94.1504 4.2639 225.6872 9.2319 0.0553 0.025106763 0.061 0.03887583 0.0181 0.023647934 0.0141 0.031564962 1 6
294 -72.0546 4.7451 235.2234 6.1762 0.0593 0.025219182 -0.0063 0.030533366 -0.0592 0.02349512 0.0084 0.028051786 1 6
295 -17.75 6.6289 201.04 14.2103 -0.0014 0.047261804 0.0662 0.066576086 -0.018 0.04453613 -0.01 0.04891025 1 6
296 -23.4375 5.4318 195.7601 10.4631 0.051 0.04185367 0.1192 0.039731547 -0.0138 0.042232256 0.0228 0.04504125 1 6
297 -28.0735 5.0117 223.8185 7.5347 0.0394 0.028700631 0.0673 0.03407127 0.0086 0.035554107 0.0617 0.034477156 1 6
298 -52.7516 5.6226 215.6913 8.5537 -0.0124 0.035549745 0.0591 0.035061963 0.0135 0.03547231 0.1115 0.039470546 1 6
299 13.6916 6.8073 224.7919 13.7707 -0.0737 0.03611405 0.0289 0.07519286 0.0426 0.03710973 -0.0041 0.05584424 1 6
300 -18.0833 5.8288 208.2599 7.6225 0.0183 0.038989987 -0.0123 0.030602133 0.029 0.03799951 0.1842 0.03799288 1 6
301 -63.1951 6.1955 212.1624 13.738 0.0379 0.03589714 0.0735 0.064105615 0.0013 0.030683182 -0.027 0.03719949 1 6
302 -104.3308 5.6741 218.7689 10.4365 0.1176 0.030987779 0.0486 0.040240847 -0.0035 0.029851798 0.0187 0.03457526 1 6
303 -78.9368 5.9907 221.3633 9.9736 0.0712 0.03464844 0.0287 0.042687897 0.0347 0.02989301 -0.0048 0.033870976 1 6
304 -33.1149 5.168 217.6896 7.7148 -0.0358 0.029624322 0.0588 0.039286274 0.0864 0.031920303 -0.0163 0.032460693 1 6
305 0.4608 6.5501 199.2263 9.6142 -0.0128 0.040433332 0.0061 0.048715293 0.0129 0.038330756 0.0255 0.044452082 1 6
306 -106.528 3.8654 235.4516 10.0344 0.0991 0.023450634 0.1136 0.0391846 -0.0365 0.029752424 -0.0462 0.027253592 1 6
307 -15.3542 5.676 196.0124 7.6107 -0.0147 0.04234854 -0.0384 0.03911451 -0.0452 0.04518563 0.1675 0.043674596 1 6
308 13.2845 5.8057 221.7352 7.9092 0.0028 0.037153322 0.0251 0.0341665 0.0141 0.03677202 0.0824 0.03728259 1 6
309 -81.6343 4.4637 230.3491 7.6351 0.0168 0.02390194 -0.0704 0.033650197 -0.0124 0.023771413 0.0655 0.03386654 1 6
310 -5.4412 5.9362 240.913 8.0556 0.0395 0.02339478 0.0049 0.034019202 -0.0145 0.025302231 0.0752 0.03232638 1 6
311 -99.9785 5.2536 211.5266 7.8606 0.0553 0.03043062 0.0005 0.04302413 -0.0235 0.026977727 0.0426 0.036341872 1 6
312 -110.1449 5.5902 218.5885 12.1119 0.0545 0.031922955 0.0844 0.06536828 -0.0164 0.028806644 -0.0628 0.036978185 1 6
313 -51.3103 5.6209 214.1316 9.945 -0.0434 0.037299097 0.07 0.042536728 0.0692 0.033237036 0.009 0.034440294 1 6
314 35.2364 5.0367 229.7145 8.9793 -0.0577 0.030660592 0.0435 0.034594525 -0.0373 0.031476315 0.0323 0.03787261 1 6
315 -0.8301 5.9553 232.739 7.446 -0.0358 0.03564194 -0.0372 0.035290185 0.045 0.035268962 0.1542 0.03757426 1 6
316 -96.3049 4.9868 217.0013 7.3508 0.0387 0.029211927 -0.0046 0.04089581 0.0092 0.031796206 0.049 0.036938567 1 6
317 -70.3848 5.9809 213.5365 12.8045 -0.0035 0.04094695 0.0969 0.030608071 -0.0169 0.04043666 0.0661 0.039419185 1 6
318 -89.3314 4.8325 235.006 6.4558 0.0092 0.024110137 -0.0313 0.027188644 0.0306 0.02373129 0.0938 0.030215543 1 6
319 -20.7809 5.9331 184.9097 7.053 -0.0522 0.043335523 -0.0437 0.040308833 0.114 0.03875019 0.1617 0.047808763 1 6
320 -102.952 8.1301 217.6061 26.0156 -0.0149 0.07530271 0.0965 0.098540485 0.0026 0.06260568 -0.0146 0.054563344 1 6
321 -71.3024 5.3006 230.0879 9.1831 0.0713 0.028828708 0.0599 0.043553155 -0.0095 0.026908983 -0.0549 0.032792296 1 6
322 6.7327 5.483 211.7761 8.2476 -1e-04 0.03183039 -0.0497 0.049243674 -0.0573 0.030114 0.0295 0.046430863 1 6
323 -66.4471 6.4274 226.1597 9.449 0.0387 0.033421494 0.0305 0.034676813 -0.0982 0.034270585 0.044 0.037895232 1 6
324 -21.6967 5.0712 200.7307 7.7742 -0.0201 0.035072934 0.0364 0.034567922 0.0215 0.031360827 0.1086 0.038100105 1 6
325 20.8335 6.9955 217.7916 11.894 -0.108 0.04023832 0.0527 0.045720357 0.1082 0.040289767 -0.0097 0.04583568 1 6
326 -93.4272 5.1711 232.6182 6.7739 0.0749 0.025515705 0.0492 0.024727495 0.0294 0.02642858 0.0636 0.028606355 1 6
327 -94.7043 4.9932 207.1457 7.202 0.0151 0.036449008 0.0239 0.032401767 -0.0172 0.030371215 0.0861 0.03566542 1 6
328 -82.2665 5.1575 217.2646 10.543 0.0425 0.032221213 0.0788 0.044242624 -0.0488 0.02969121 0.0324 0.0284364 1 6
329 -85.5508 5.3981 233.7512 5.8953 0.0634 0.02948976 -0.0254 0.029880438 -0.1284 0.027466675 0.0529 0.033568583 1 6
330 -47.8761 5.2096 223.1221 6.0617 0.0183 0.03691616 -0.047 0.036644623 0.0606 0.035936315 0.1457 0.03538889 1 6
331 0.2524 5.7495 230.4028 9.2385 0.058 0.032094553 -0.0272 0.04271696 -0.0409 0.03823325 -0.0121 0.04187984 1 6
332 -32.8701 5.0689 220.1405 6.1564 0.0606 0.03039076 -0.0798 0.03159523 0.1011 0.03316578 0.1361 0.032737244 1 6
333 -31.4409 5.7304 187.6388 9.7967 -0.0543 0.04259191 0.0167 0.042463835 0.116 0.03864451 0.0676 0.047121357 1 6
334 -64.7853 6.2724 232.6026 9.1838 0.0554 0.034621507 0.0118 0.037937228 -0.0453 0.031972032 0.0824 0.040149268 1 6
335 -88.0305 5.0544 220.6505 7.9651 0.0573 0.028612366 0.0351 0.036565233 -0.0481 0.028760966 0.0854 0.035464693 1 6
336 8.2595 8.2019 229.2263 10.0011 -0.0587 0.042089052 0.0058 0.04605467 0.0142 0.03627648 0.0289 0.04172638 1 6
337 -3.9443 6.5183 213.405 10.2361 0.0243 0.03203239 0.0643 0.03837137 -0.0557 0.033537876 0.0637 0.041216016 1 6
338 25.3363 6.8527 197.877 13.014 -0.0396 0.047308914 0.0463 0.05281671 0.0119 0.043502156 0.0531 0.061265953 1 6
339 -18.6312 7.8376 212.4611 10.5265 -0.0621 0.040873516 0.0272 0.05366593 -0.0328 0.042203866 -0.0247 0.04792951 1 6
340 -89.5371 5.4221 236.3926 10.4579 0.0205 0.02862625 0.0257 0.049148407 0.0335 0.026465256 0.0187 0.040819384 1 6
341 -104.979 6.3186 200.9425 10.081 0.0393 0.040238574 0.01 0.04525538 0.0162 0.039466687 0.124 0.05028034 1 6
342 16.7108 7.0829 222.6094 10.8504 -0.0595 0.04055673 0.0445 0.048888285 -0.0703 0.042386025 -0.0534 0.046632733 1 6
343 -82.2753 5.5913 228.6573 10.8132 0.0529 0.030387513 0.0396 0.043122966 -0.0006 0.028140677 0.0114 0.035951205 1 6
344 -38.9087 5.5156 217.3518 8.4275 0.0223 0.04183972 0.0387 0.037625954 0.1094 0.04022596 0.0438 0.03652622 1 6
345 14.6018 7.1956 215.4236 11.6009 -0.1165 0.036786314 -0.0093 0.05854608 0.0375 0.037304755 0.0347 0.055251215 1 6
346 -41.0013 8.6694 213.6985 12.028 -0.0135 0.04842876 0.0648 0.052677263 -0.0183 0.03990621 0.0347 0.051080793 1 6
347 -59.7714 5.4042 253.2395 8.9454 0.0336 0.02728901 -0.0447 0.029520607 -0.0485 0.031695265 0.1442 0.036244106 1 6
348 -101.5988 4.8746 210.36 8.0541 0.0344 0.030945519 -0.0101 0.040988173 -0.0002 0.03132198 0.0703 0.034755364 1 6
349 -100.0133 5.1374 212.1223 8.7255 -0.0013 0.033998434 0.0815 0.032248802 0.1095 0.033609018 -0.0427 0.034036793 1 6
350 -99.7125 5.4512 210.1356 9.5968 0.0427 0.028546145 0.0329 0.037150823 -0.0168 0.030797748 0.1055 0.034315243 1 6
351 -18.5852 8.1053 205.0146 18.3851 -0.0326 0.06580545 0.0472 0.09644008 0.078 0.051211726 -0.0047 0.056192894 1 6
352 -71.2715 12.3983 219.1159 24.5487 0.0658 0.06633136 0.0914 0.059484646 -0.0155 0.06709848 -0.0391 0.11579597 1 6
353 -99.2396 6.2846 202.4977 10.3112 0.0313 0.043166004 0.0692 0.06280646 0.1036 0.04077419 0.044 0.051997826 1 6
354 -11.7859 6.1703 184.5039 13.4047 0.0073 0.053129036 -0.0141 0.079682834 -0.0527 0.053227127 0.0349 0.062672764 1 6
355 -22.8794 6.6381 207.5185 8.6754 0.0379 0.038950223 0.0015 0.04205611 -0.0253 0.03215451 0.0134 0.039308418 1 6
356 -85.5143 5.2447 203.0024 15.5173 0.0597 0.036779966 0.0885 0.071267694 -0.0129 0.040757176 -0.0421 0.050673146 1 6
357 -84.2116 5.5912 195.8975 13.2106 0.0502 0.043840725 -0.0465 0.08405427 0.0693 0.050406944 0.0113 0.07750376 1 6
358 -42.0197 8.5151 198.7716 15.2566 0.0749 0.048990063 0.1068 0.05713633 -0.0042 0.045970805 0.0475 0.0699869 1 6
359 -76.2056 6.0023 220.2338 7.3588 0.0482 0.033258013 -0.0649 0.032522805 0.0495 0.036324933 0.1416 0.03601513 1 6
360 -97.1865 5.8563 188.2182 12.0917 0.0165 0.042844936 0.0946 0.04983779 0.0901 0.03907461 0.0042 0.048524637 1 6
361 -63.0134 6.6058 225.193 9.9674 0.127 0.031125413 0.0156 0.039090075 0.0164 0.036859605 0.0746 0.034646347 1 6
362 -86.0208 13.4034 210.6042 19.4327 0.0807 0.08331247 0.0384 0.10699032 -0.0366 0.07672065 -0.0241 0.096139014 1 6
363 5.986 6.3425 244.3386 8.2891 -0.0468 0.033333033 -0.0357 0.040627807 0.0878 0.030265592 1e-04 0.04046471 1 6
364 -75.3346 5.4471 218.6542 10.0628 -0.0015 0.033928555 0.0724 0.043634832 0.0722 0.034070436 -0.0427 0.037882198 1 6
365 17.8501 5.3226 191.5536 13.5298 0.0386 0.044047885 0.0455 0.056172453 -0.0576 0.04123006 0.0398 0.047468927 1 6
366 -29.1365 6.5812 198.3276 16.0522 0.0236 0.035915706 0.102 0.05921417 0.0331 0.03717416 0.0319 0.051116917 1 6
367 24.574 9.4206 194.9631 18.447 -0.0896 0.065813385 0.0181 0.09618409 0.0137 0.076279916 0.0012 0.077210836 1 6
368 28.7939 7.3616 200.1408 26.0899 -0.0842 0.060237966 0.047 0.0762266 0.0379 0.09360834 0.0263 0.07038357 1 6
369 -26.1284 6.8478 228.0114 14.3978 0.0162 0.03651659 0.0749 0.07272547 -0.0226 0.032794233 -0.039 0.043628745 1 6
370 -47.8756 6.0027 219.4794 8.814 0.0448 0.0331134 -0.0082 0.04800879 0.0218 0.030037044 0.0187 0.044809382 1 6
371 -7.1052 6.4907 217.6914 9.0443 0.0309 0.039839674 -0.0074 0.050355703 -0.0579 0.035328448 0.0295 0.04962382 1 6
372 -88.337 5.3864 212.6326 8.2861 0.026 0.035661425 0.0599 0.038581446 0.1201 0.036593128 0.0572 0.038596954 1 6
373 -100.2897 6.9614 202.7102 10.1651 0.109 0.039055996 0.0165 0.03892221 0.0293 0.03894459 0.0586 0.043944217 1 6
374 -106.8953 6.1603 219.9425 8.0905 0.0701 0.03584789 0.0268 0.037571274 -0.0149 0.03630547 -0.0157 0.03168824 1 6
375 -90.571 6.477 198.2671 12.7602 -0.0054 0.04734344 0.092 0.037828647 0.0356 0.040673725 0.0238 0.049114306 1 6
376 -89.7699 6.6129 181.7033 11.7976 0.0944 0.04271535 0.0875 0.040442612 0.0131 0.048598915 0.0698 0.062796436 1 6
377 -94.6857 7.1871 203.5935 16.0074 0.1084 0.04361554 0.0842 0.051633816 0.0159 0.05266798 0.0389 0.05398336 1 6
378 -6.8444 6.9278 211.4805 12.9537 0.0436 0.040250145 0.0789 0.0651064 -0.0196 0.04199041 -0.0447 0.045800306 1 6
379 -38.7163 6.1178 229.2588 10.3322 -0.0373 0.030045532 0.0862 0.036474556 0.0741 0.036566745 0.0235 0.038588785 1 6
380 -87.9166 7.8454 212.3124 10.6421 0.1024 0.036644675 -0.0232 0.0502609 -0.0253 0.033786584 0.002 0.049205534 1 6
381 -72.3557 18.1367 223.7654 26.5296 -0.0245 0.09300996 0.0221 0.10565796 -0.008 0.11054683 -0.0265 0.13394035 1 6
382 -1.5309 6.5406 223.4766 9.9447 0.0064 0.034212526 -0.0184 0.036652423 -0.0836 0.03381465 0.0867 0.041814193 1 6
383 -59.1168 6.4922 246.5799 14.2809 0.0307 0.034315057 0.0964 0.04257497 0.0011 0.034948282 0.0372 0.03757121 1 6
384 -70.7825 9.9509 177.7474 28.7917 0.0877 0.09114024 0.1287 0.053433318 0.0271 0.13164221 0.0798 0.11758541 1 6
385 -40.6736 5.9536 221.6091 10.7874 0.013 0.033204675 0.0665 0.03879469 0.0033 0.037815306 0.1065 0.04219887 1 6
386 -80.3989 6.8567 193.7726 10.7912 0.0798 0.06065065 0.0492 0.057873543 0.1319 0.062881105 0.0715 0.052456275 1 6
387 -94.9686 5.2755 199.2233 7.5394 0.0335 0.03304304 -0.0536 0.034526195 0.0335 0.035503328 0.1501 0.03572232 1 6
388 -98.6248 5.906 192.8633 10.4732 0.0759 0.039116252 0.0334 0.049377825 0.0301 0.04704658 0.0433 0.04579536 1 6
389 14.1935 6.8824 236.3385 7.4652 -0.041 0.033032913 -0.0626 0.044760104 0.0169 0.032594316 -0.0145 0.04618401 1 6
390 -84.5752 6.4061 214.18 11.0678 0.0751 0.048347283 -0.0337 0.054822724 0.0187 0.048148558 0.0627 0.05367058 1 6
391 -107.993 5.723 217.4451 8.2055 0.0295 0.039105825 0.0393 0.0372406 0.0757 0.03814163 0.0531 0.041866194 1 6
392 -56.9637 5.1137 205.427 8.8022 0.0729 0.04148785 0.0185 0.040056136 0.0141 0.05104663 0.1297 0.042797104 1 6
393 -79.6646 7.6055 191.5694 11.7082 -0.0145 0.052260116 0.0513 0.053557236 0.1053 0.050965004 0.0616 0.056552794 1 6
394 -84.2505 5.7301 198.8178 8.6198 0.0252 0.04425849 -0.0183 0.04966503 0.1295 0.04143879 0.0802 0.050505117 1 6
395 -84.6088 5.9677 201.9353 8.0688 0.0037 0.035701107 0.042 0.049793262 0.1203 0.033224866 -0.0068 0.047339454 1 6
396 9.6813 7.8242 213.7977 11.7856 0.028 0.040211294 0.0368 0.04550966 -0.104 0.040017392 0.0585 0.050705407 1 6
397 -54.182 8.1736 239.0319 11.8118 0.0706 0.034172915 0.0026 0.04752954 -0.028 0.045114294 -0.1139 0.044870578 1 6
398 -66.3617 6.6223 208.7616 12.8391 0.0295 0.036752097 0.1076 0.037130944 -0.0006 0.040399253 0.1124 0.064720765 1 6
399 -67.0106 5.4867 220.6225 7.6515 0.018 0.031531643 0.014 0.032443438 0.0054 0.028638938 0.076 0.03284709 1 6
400 -92.6554 5.5535 205.1047 11.7977 -0.0119 0.037624344 0.0526 0.04604595 0.0632 0.037167083 0.0846 0.039230183 1 6
401 -110.9611 5.3493 218.2457 9.902 0.0321 0.036205713 0.0513 0.04051838 0.0474 0.036008958 0.0428 0.038149707 1 6
402 -96.5482 7.2143 213.9627 10.8712 0.0665 0.041579902 -0.0182 0.05795878 -0.0134 0.039979342 0.0506 0.05363141 1 6
403 -49.801 6.7581 224.2086 13.8529 0.0905 0.034388345 0.0327 0.07418918 0.0396 0.03311623 -0.0119 0.05282405 1 6
404 -2.3407 8.6948 198.489 10.1449 0.0407 0.057619188 -0.0277 0.06556774 -0.004 0.053964965 0.0229 0.05203174 1 6
405 38.9216 6.4645 211.5756 16.3991 0.0101 0.04441336 0.0798 0.044659138 0.0597 0.0458049 -0.0462 0.067067795 1 6
406 4.7334 5.9593 217.5648 9.0777 -0.0759 0.033959456 -0.0221 0.042200103 0.087 0.030338064 0.071 0.038180705 1 6
407 -9.0839 5.7254 225.3126 12.7123 -0.0095 0.035597958 0.0208 0.051697288 -0.0041 0.035553966 0.0341 0.043409318 1 6
408 -77.1899 6.8491 218.6854 7.0217 0.098 0.035887603 -0.0284 0.035916425 0.0438 0.033195533 0.0611 0.037163436 1 6
409 -17.1366 7.2747 226.963 11.4783 -0.0683 0.040525593 -0.0363 0.051278505 0.0713 0.034594424 0.0221 0.050097045 1 6
410 -75.0122 5.4421 234.9417 5.3207 0.1148 0.027889095 -0.0298 0.031920653 -0.0988 0.029784393 0.0683 0.032755673 1 6
411 -93.4562 9.1247 198.8891 17.234 0.1329 0.0487959 0.0068 0.089310095 0.0362 0.058181938 0.0335 0.05891313 1 6
412 -61.7402 7.64 190.0634 10.2939 0.0263 0.050803732 0.0355 0.04296334 0.0058 0.048559066 0.0979 0.045948602 1 6
413 -39.6511 6.6289 209.8087 12.4907 0.0202 0.037904672 0.0765 0.051425304 0.0958 0.0379654 -0.0042 0.04590691 1 6
414 -71.6298 5.3088 199.9819 9.9847 -0.0369 0.045318656 0.0463 0.043591242 0.0745 0.038359605 0.143 0.04907891 1 6
415 -96.9924 8.7828 223.8905 20.6901 0.0556 0.047938358 0.117 0.061785385 0.0173 0.058478568 -0.0309 0.07036556 1 6
416 13.0483 8.6746 190.8908 18.807 -0.021 0.06096962 0.0455 0.061138306 -0.0173 0.054936595 0.1027 0.048906334 1 6
417 -71.6842 6.0888 207.1812 11.2441 0.0913 0.041496497 0.0591 0.0553141 0.0502 0.041399363 -0.0257 0.046635225 1 6
