data/processed/NGC5813/gauss_hermite_kins_o.ecsv
# %ECSV 1.0
# ---
# datatype:
# - {name: vbin_id, datatype: int64}
# - {name: v, datatype: float32}
# - {name: dv, datatype: float32}
# - {name: sigma, datatype: float32}
# - {name: dsigma, datatype: float32}
# - {name: h3, datatype: float32}
# - {name: dh3, datatype: float32}
# - {name: h4, datatype: float32}
# - {name: dh4, datatype: float32}
# - {name: h5, datatype: float32}
# - {name: dh5, datatype: float32}
# - {name: h6, datatype: float32}
# - {name: dh6, datatype: float32}
# - {name: is_good, datatype: int64}
# - {name: n_gh, datatype: int64}
# meta: !!omap
# - PSF:
#     sigma: [0.3329209608324763, 1.5030246371924072]
#     weight: [0.8112598413714794, 0.18874015862852056]
# schema: astropy-2.0
vbin_id v dv sigma dsigma h3 dh3 h4 dh4 h5 dh5 h6 dh6 is_good n_gh
[from data line 141]
142 81.5718 9.2859 205.5391 22.5165 -0.0868 0.052794073 -0.008 0.10329995 0.0358 0.048672542 0.0729 0.082406364 1 6
143 79.8999 6.9159 217.6675 9.3696 -0.0428 0.03924573 -0.0239 0.047137026 0.0589 0.037489943 0.0514 0.042337436 1 6
144 80.1567 12.6333 211.5237 24.7534 -0.0886 0.06482835 0.0998 0.06757405 0.0362 0.050860226 -0.0191 0.09417869 1 6
145 54.4965 5.8666 213.0938 9.9196 -0.0563 0.03934996 -0.063 0.047242954 -0.0049 0.036516108 0.0535 0.051566172 1 6
146 66.1981 5.9198 224.5523 9.6867 0.0005 0.031283125 0.0064 0.044028416 -0.0376 0.03382304 0.0578 0.04210606 1 6
147 57.8777 16.3411 206.5918 27.877 -0.0776 0.09303584 0.0857 0.10843374 -0.0359 0.12296258 -0.0572 0.13452588 1 6
148 98.3058 9.0078 193.6876 12.6114 -0.1183 0.062948756 0.1099 0.05387133 0.1217 0.041923292 0.0425 0.06366206 1 6
149 66.8737 7.0071 197.5899 12.9186 -0.0336 0.04353505 0.0697 0.06859397 -0.0335 0.031407338 -0.032 0.04169268 1 6
150 51.3451 13.7956 234.4002 18.7929 -0.0701 0.07191217 -0.0774 0.092973106 0.0816 0.06975295 0.0931 0.095220126 1 6
151 79.9452 6.9875 221.6115 11.7391 -0.126 0.037828438 -0.0071 0.04540962 0.0586 0.037737265 0.0694 0.041581664 1 6
152 2.111 4.8448 230.5341 6.5987 -0.0224 0.028709093 -0.0008 0.032665297 0.0157 0.028894497 0.0317 0.032989953 1 6
153 24.6559 7.1795 219.3082 16.7009 -0.0592 0.041582018 0.1109 0.055327535 0.016 0.042375527 0.0036 0.05211348 1 6
154 -3.6909 4.8213 237.069 7.5046 0.0457 0.023160234 0.0268 0.031403497 -0.1088 0.024984749 0.0394 0.032687094 1 6
155 -20.3223 6.1207 223.1212 8.9093 -0.0416 0.03676218 -0.0003 0.041462164 0.0048 0.03593435 0.038 0.03906667 1 6
156 -22.7306 4.7723 249.3137 8.4227 -0.0267 0.02279874 0.0771 0.025521623 -0.0084 0.024087276 0.0662 0.024578072 1 6
157 27.0526 8.6024 198.1488 14.9219 -0.0161 0.057098035 0.0732 0.0620994 0.0118 0.06185294 0.0627 0.064998046 1 6
158 -35.6338 4.6221 245.2226 9.1982 0.0024 0.018294157 0.0692 0.031606574 0.0533 0.021456154 0.0188 0.031468976 1 6
159 82.747 6.9628 209.54 18.6983 -0.0836 0.040049117 0.1267 0.047631547 0.0179 0.05013782 0.056 0.060521103 1 6
160 -8.4072 7.4512 239.7466 10.4558 0.0127 0.033362523 0.0432 0.05175761 0.0926 0.032863986 -0.0334 0.045238066 1 6
161 28.4154 8.8994 223.1041 13.2933 -0.0028 0.052084748 0.0376 0.07551104 0.0471 0.049577735 -0.0696 0.06292977 1 6
162 81.5702 7.4164 218.746 14.5774 -0.1141 0.041403692 0.0807 0.049922213 0.0129 0.05301805 0.0769 0.045466445 1 6
163 58.4554 10.881 212.6208 14.6713 0.0077 0.076858714 -0.0633 0.09482096 0.0726 0.079036035 0.0485 0.09024595 1 6
164 41.5978 7.7764 196.9327 21.36 -0.0206 0.05472238 0.0675 0.07450317 0.0429 0.04905287 0.0464 0.06848635 1 6
165 -0.8757 4.5427 230.8182 6.1461 0.0463 0.0286271 -0.0819 0.033786375 0.0055 0.028138116 0.1339 0.037006207 1 6
166 -0.9916 5.1691 238.3923 6.3035 -0.014 0.029756263 -0.0334 0.035524752 -0.0616 0.029346587 0.0129 0.03624596 1 6
167 33.5333 7.7658 215.7412 14.2295 -0.0946 0.04601963 0.0112 0.08445173 0.1095 0.037815887 0.024 0.06433753 1 6
168 60.7722 6.4177 217.1692 13.6523 -0.0199 0.03626515 0.0376 0.052676827 -0.0022 0.03495203 0.048 0.040247027 1 6
169 75.2727 7.9009 234.1097 9.0892 0.0338 0.038563382 0.0093 0.041302275 -0.1158 0.034885682 0.0689 0.041309558 1 6
170 85.2661 8.1557 243.2159 10.7023 -0.1385 0.039026976 -0.0042 0.049235646 0.0357 0.04815537 0.01 0.043346543 1 6
171 79.8992 6.5924 212.0883 17.5077 -0.1066 0.04611013 0.0538 0.07903341 -0.0069 0.06849776 -0.0632 0.052741542 1 6
172 89.9087 9.6305 214.2141 16.7657 -0.0835 0.049217526 0.0845 0.06365728 0.0572 0.042102665 -0.0199 0.047794368 1 6
173 80.4602 11.1797 210.1638 16.319 -0.1405 0.057401776 0.0173 0.06841252 0.06 0.05195027 0.081 0.057557598 1 6
174 41.4218 8.247 196.6954 20.2756 -0.0524 0.06008309 0.0951 0.06717026 0.0457 0.05138317 0.0487 0.07247645 1 6
175 69.1003 10.5137 202.4695 23.2871 -0.0404 0.06307011 0.1143 0.050084215 -0.0033 0.056402378 0.0234 0.10798543 1 6
176 56.5055 7.0316 222.7481 14.1503 -0.0886 0.042357393 0.0569 0.071842514 -0.0161 0.049936246 -0.1083 0.048142146 1 6
177 80.7843 7.3669 235.8169 13.49 -0.045 0.037251372 0.0744 0.043571662 -0.0912 0.036129247 0.022 0.059617307 1 6
178 99.193 10.5455 199.4965 21.0679 -0.1147 0.07375449 0.1332 0.06402252 -0.0716 0.08733646 0.0188 0.13631022 1 6
179 81.0302 7.8399 219.1188 11.6662 -0.0769 0.038641293 0.0523 0.053722754 0.0228 0.04230761 -0.0273 0.04543017 1 6
180 73.1163 7.4908 218.9752 14.9671 -0.1153 0.034161963 -0.0021 0.052940562 0.0273 0.046410713 0.065 0.053273007 1 6
181 49.0559 5.2853 209.4988 7.7617 -0.0456 0.037901644 -0.029 0.038400434 0.0769 0.037545208 0.0985 0.038543604 1 6
182 20.952 5.79 208.5359 16.9119 0.0076 0.033853903 0.0825 0.05863083 -0.0529 0.035403676 0.005 0.04646518 1 6
183 35.3868 7.2758 228.5508 12.1578 -0.0217 0.036320765 0.0402 0.060336027 -0.0486 0.03746904 -0.008 0.053520504 1 6
184 79.7241 8.2585 203.9104 13.7619 -0.0395 0.051956296 0.0853 0.04334524 -0.0017 0.04606958 0.0324 0.055497862 1 6
185 26.8499 6.7204 214.8216 11.2577 -0.0098 0.0422536 0.0264 0.046784777 0.0536 0.041434977 0.0515 0.042935323 1 6
186 44.8269 6.3617 202.148 12.8487 -0.0202 0.040387906 0.0953 0.043263093 0.0542 0.038028665 -0.0096 0.056469094 1 6
187 31.8613 8.9717 189.826 19.0179 -0.0208 0.061785575 0.0582 0.06651635 -0.0337 0.05871531 0.0473 0.069977894 1 6
188 80.6327 8.2539 238.178 18.2237 -0.0408 0.04027772 0.0936 0.07292801 -0.0152 0.044065773 0.0089 0.048678447 1 6
189 73.4696 5.5555 206.2398 19.1241 -0.0321 0.039269887 0.0519 0.09869537 0.0388 0.041791987 -0.0012 0.052676134 1 6
190 72.6949 8.1296 199.7994 18.4636 -0.116 0.04868493 0.0561 0.07109887 0.0402 0.06537953 -0.0253 0.06368271 1 6
191 89.6428 7.9418 181.4559 15.4579 -0.0699 0.06427568 0.0877 0.0581017 0.0032 0.068902396 0.1034 0.088533446 1 6
192 39.3223 6.7926 224.4756 12.448 -0.0246 0.045940224 0.0028 0.062293436 0.0257 0.042772844 0.0259 0.055844553 1 6
193 80.4574 8.985 202.6408 13.5758 -0.1335 0.0501946 0.0487 0.057382457 0.0017 0.056664485 0.0567 0.05628382 1 6
194 85.9069 8.3709 237.5438 9.7314 -0.1009 0.040820073 -0.0228 0.048012685 0.0272 0.04025112 0.0395 0.04477692 1 6
195 65.8621 6.0146 212.0625 10.3434 -0.0692 0.042288087 -0.0165 0.04809125 -0.0356 0.041500475 0.1019 0.047915738 1 6
196 57.0167 5.9458 216.5184 9.3472 -0.0312 0.04176118 -0.0174 0.057426326 0.0471 0.03751385 -0.0191 0.047622498 1 6
197 61.0083 6.8551 227.5576 13.3118 -0.0983 0.033190683 0.0431 0.05127694 0.0765 0.032727774 0.0074 0.04141973 1 6
198 44.3843 5.238 227.2112 10.2409 -0.0314 0.030114966 0.0435 0.047789168 0.0216 0.03418749 -0.0093 0.035650175 1 6
199 73.5709 7.5573 201.6836 11.0106 -0.0183 0.05532906 -0.0276 0.05741146 0.0167 0.049980413 0.1249 0.053610645 1 6
200 86.3307 7.8751 204.6268 14.8794 -0.1169 0.051016554 0.0748 0.044190433 -0.0433 0.057536338 0.0476 0.057293918 1 6
201 74.5735 5.9958 208.6361 10.6407 -0.0715 0.037036933 0.0084 0.052430876 -0.0025 0.033961743 0.0003 0.040235918 1 6
202 6.6093 4.8993 248.0896 6.0146 -0.0091 0.020403747 -0.0283 0.02921863 0.0238 0.021017788 0.0445 0.030000806 1 6
203 69.7318 8.3388 186.9396 15.3458 -0.0725 0.060274314 0.04 0.08455612 -0.0618 0.06965344 0.0204 0.06467809 1 6
204 91.7972 10.8667 204.2317 22.9934 -0.1091 0.05396554 0.0623 0.079740874 0.0431 0.063781135 0.0356 0.06649026 1 6
205 90.6332 7.7391 201.5527 12.5237 -0.0462 0.04988887 0.0529 0.05885206 0.0092 0.04148233 -0.0089 0.040738158 1 6
206 60.2614 5.627 208.619 7.6348 -0.0278 0.037214976 -0.0638 0.046379507 0.0471 0.03583577 0.0904 0.048237093 1 6
207 79.007 8.6157 199.8959 10.6911 -0.0828 0.059452694 0.0425 0.051343687 0.0116 0.0583031 0.1098 0.06618296 1 6
208 66.064 7.8344 199.2966 19.8087 -0.0117 0.058920942 0.114 0.06161427 -0.0562 0.05120444 0.0187 0.09079054 1 6
209 53.7769 5.4789 212.1536 9.8863 -0.028 0.041159794 -0.0266 0.0476936 0.0198 0.036086638 0.1235 0.04344251 1 6
210 -1.1946 5.6895 270.2341 5.934 0.0179 0.022201648 0.0077 0.023323948 -0.0403 0.024253668 0.0343 0.02585026 1 6
211 54.1283 7.3444 243.4465 21.0783 0.0191 0.043506235 0.0754 0.082589164 -0.0159 0.04952558 -0.0294 0.049395908 1 6
212 42.2006 5.2326 230.7065 12.0817 -0.0559 0.030137053 0.0567 0.044749863 -0.0505 0.026049793 0.0574 0.040542293 1 6
213 59.4545 6.4454 220.5587 8.2337 -0.0585 0.032843698 0.0272 0.03740009 -0.1061 0.035843484 0.0648 0.04230267 1 6
214 12.6482 5.562 281.3429 6.0475 0.0243 0.0218511 -0.0344 0.024216596 -0.0714 0.024565307 0.0218 0.028291285 1 6
215 25.6097 5.5189 235.2647 8.3666 0.0158 0.026093591 0.0025 0.03670826 -0.0394 0.025152622 0.0486 0.034892216 1 6
216 73.7906 8.8524 217.366 17.1487 -0.0862 0.043405056 0.0175 0.080227755 -0.0262 0.044002213 0.0706 0.064162076 1 6
217 61.2205 9.313 203.4409 16.9853 -0.0605 0.060308326 0.0775 0.05351745 0.0069 0.044206105 0.0748 0.056984138 1 6
218 42.6724 5.1823 251.1914 8.5073 0.0081 0.028043026 0.0052 0.031134168 -0.02 0.027749274 0.0912 0.035712115 1 6
219 -12.4658 5.059 242.6513 8.7985 -0.0472 0.025851686 0.0587 0.029038278 0.0582 0.024382513 0.0064 0.030486174 1 6
220 4.9294 5.2146 291.8146 5.7039 0.0109 0.01625133 -0.0533 0.022688264 -0.0499 0.018877259 0.0536 0.027760817 1 6
221 44.1956 6.0068 222.7905 11.6995 -0.0369 0.039524723 0.0719 0.046700567 -0.0438 0.045120586 0.0068 0.03748578 1 6
222 40.6797 5.0454 230.0505 9.1595 0.0118 0.03117749 0.0114 0.0431652 -0.0984 0.031854402 0.0296 0.042263843 1 6
223 43.7679 6.4954 200.1108 18.1815 -0.0146 0.044008814 0.0371 0.11833955 -0.0339 0.03955669 -0.0181 0.070486374 1 6
224 -21.5364 5.1732 265.4192 7.16 0.0496 0.021385333 0.0378 0.028396985 -0.021 0.023932548 -0.0157 0.026054269 1 6
225 -102.2869 5.1375 280.5983 6.0417 0.0389 0.018090859 0.0141 0.02281913 0.0425 0.0192103 0.0071 0.02065789 1 6
226 -89.2268 5.1662 289.4432 7.1426 0.0692 0.014323044 0.0384 0.020396506 0.0025 0.018203143 0.0682 0.020965537 1 6
227 -76.424 4.2392 219.79 9.0225 0.0642 0.025647935 0.102 0.0253964 0.0576 0.027906748 0.0218 0.034140196 1 6
228 23.1807 5.3387 225.7343 11.0963 -0.0192 0.029925697 0.0693 0.05184339 0.0039 0.029741624 -0.0411 0.033986248 1 6
229 -34.36 5.5799 277.293 6.5112 0.0293 0.019915868 -0.0261 0.021893518 0.0022 0.019514462 0.0898 0.027071832 1 6
230 -60.2771 5.4398 256.5428 6.1685 0.0272 0.020742862 -0.0092 0.02086546 -0.0015 0.022454163 0.0577 0.02736806 1 6
231 47.3385 5.872 224.808 12.7174 0.0007 0.030294469 0.1147 0.046169113 -0.012 0.033341706 -0.0173 0.04228632 1 6
232 -24.5255 5.1213 238.8628 8.7738 0.0177 0.025083205 0.0086 0.03231066 -0.0669 0.02256039 0.0381 0.03632087 1 6
233 -0.8188 5.0938 280.9884 5.8228 0.0521 0.018170606 -0.0511 0.024220042 -0.0384 0.022263542 0.0225 0.022669686 1 6
234 34.3084 6.5985 203.0229 14.4464 -0.0537 0.04584211 0.0323 0.05902148 0.0714 0.043345142 0.0639 0.053899594 1 6
235 15.9628 5.4595 202.8952 7.5297 0.0221 0.037463687 -0.0023 0.03964797 0.0421 0.036921374 0.0165 0.035158865 1 6
236 21.7573 6.0282 248.5978 9.6135 -0.0619 0.027357973 0.058 0.028485002 0.0022 0.03176773 0.0775 0.02983649 1 6
237 -74.7247 4.8543 250.0159 5.929 0.0589 0.022191225 -0.0081 0.025017839 0.0402 0.021691365 0.0332 0.02574622 1 6
238 -102.8838 5.4037 273.8541 6.2487 0.1099 0.0216188 -0.0105 0.025704376 -0.0245 0.023895705 -0.0213 0.027568692 1 6
239 -84.9679 4.1844 261.7866 5.74 0.0422 0.018125873 0.0005 0.023523292 0.0594 0.018449103 -0.0124 0.0218011 1 6
240 30.9574 5.156 232.4727 9.1506 0.0158 0.031064514 0.039 0.046342187 -0.0596 0.030282604 0.0247 0.043337975 1 6
241 -24.7968 5.4224 256.9892 6.8147 0.003 0.024444517 0.038 0.022999762 0.066 0.025468206 -0.0429 0.028427431 1 6
242 -61.997 4.78 258.1416 6.6608 0.0211 0.018734213 0.0401 0.02391235 0.0215 0.018040525 0.0802 0.022572588 1 6
243 -30.2113 4.2257 266.7418 5.1339 0.0997 0.020171417 -0.0463 0.020639127 -0.0113 0.02315963 0.1216 0.024291882 1 6
244 46.6593 5.6732 247.8552 9.2161 -0.0115 0.026028227 0.0733 0.03399808 -0.0571 0.028200911 0.0195 0.029330727 1 6
245 38.9745 7.4352 222.2994 12.4879 0.0604 0.04168426 0.0147 0.044804137 -0.0365 0.045193605 0.0564 0.0466026 1 6
246 -75.7637 5.0643 242.5551 5.576 0.0034 0.026948826 -0.07 0.028501041 0.065 0.026072266 0.0842 0.03089179 1 6
247 -61.9193 6.6377 231.7435 13.5474 0.0886 0.03461071 0.0756 0.050433706 -0.0315 0.034447968 0.0092 0.03750999 1 6
248 -20.7754 5.652 252.3042 8.7976 0.0327 0.025566138 0.0252 0.026044508 0.0054 0.029130375 -0.0349 0.032760564 1 6
249 -21.8373 4.2416 244.7182 5.4111 -0.0013 0.022061076 -0.0117 0.029103497 0.022 0.022309843 0.0335 0.028427528 1 6
250 -45.7678 6.8186 229.0564 10.6936 -0.0432 0.03669673 0.0586 0.049408786 -0.0024 0.038243115 0.0311 0.04081856 1 6
251 -25.915 5.8924 204.0079 11.8049 0.0049 0.049879335 0.0265 0.07621102 -0.0863 0.04043028 -0.014 0.05171392 1 6
252 -9.1809 5.0636 219.055 9.2587 0.0257 0.02383328 0.0116 0.038194954 -0.0525 0.024184022 0.0391 0.034757018 1 6
253 -14.7179 4.4986 208.6066 8.6197 0.0023 0.036915828 -0.0276 0.049876135 0.0268 0.03613696 0.049 0.044485413 1 6
254 -104.599 4.8278 259.1289 6.7413 0.0215 0.02392415 0.0237 0.03170357 0.0532 0.02421041 -0.0757 0.030147973 1 6
255 -84.9552 6.3486 255.2829 9.8913 0.1391 0.022570778 0.0815 0.03136077 -0.0393 0.02414088 -0.0331 0.025969023 1 6
256 -61.6721 5.0351 244.9313 6.8003 0.0501 0.02446179 0.009 0.032232717 0.0828 0.024830163 0.0142 0.030995749 1 6
257 -77.0463 6.3472 256.4629 8.0381 0.0792 0.024498418 0.0051 0.03527535 -0.0086 0.023633497 0.0217 0.033659417 1 6
258 -27.3878 4.5798 207.6374 7.4473 0.0367 0.030990312 0.0071 0.037089005 0.0715 0.028222943 0.0585 0.034207303 1 6
259 -2.8988 6.0926 230.248 13.2221 -0.084 0.0255056 0.0381 0.042031158 0.0777 0.043011088 0.0211 0.03647636 1 6
260 7.911 5.0966 204.7597 7.1652 -0.0249 0.035718966 0.0475 0.03568484 0.0921 0.030515369 -0.0251 0.032278594 1 6
261 -69.3629 4.7956 228.2694 7.9069 -0.0235 0.026499469 -0.0393 0.036185797 0.0473 0.026655434 0.1008 0.036195926 1 6
262 -29.5945 4.5082 249.0365 6.5176 -0.0046 0.022858182 0.0089 0.023211159 0.0556 0.020831583 0.0357 0.0274019 1 6
263 -36.1841 5.9287 254.3389 6.6626 0.1189 0.024843 0.0056 0.028653882 -0.055 0.022767192 0.0677 0.027916288 1 6
264 1.3859 7.0091 214.0409 15.1313 0.0253 0.048674643 0.0398 0.065906666 -0.0748 0.046905536 0.0629 0.051784173 1 6
265 -45.6482 6.0375 222.1379 10.4718 0.0739 0.034229465 0.0266 0.060842734 0.0083 0.033677984 0.0019 0.04788911 1 6
266 28.8386 6.0686 195.4398 17.6498 0.0138 0.054548874 0.1169 0.05478141 -0.0491 0.044827163 0.0269 0.06780764 1 6
267 -94.4568 4.535 231.9925 5.6659 0.044 0.02481391 -0.0207 0.028620396 0.0919 0.024303785 0.0287 0.03219421 1 6
268 -5.6029 7.0233 244.5274 11.6761 0.0465 0.031033373 0.0268 0.044789724 -0.0637 0.033105303 -0.0078 0.034781758 1 6
269 -110.1842 6.1014 229.7126 12.5068 0.0793 0.026290774 0.1391 0.04194402 0.0021 0.03310419 -0.0732 0.03973081 1 6
270 -21.2583 4.2694 240.2677 8.2126 -0.0078 0.022189105 0.0586 0.02987211 0.02 0.027816704 0.005 0.026719624 1 6
271 -97.2009 4.7198 245.1252 6.4585 0.0226 0.024874471 0.0017 0.036000658 0.0328 0.025222685 0.0042 0.03084312 1 6
272 -44.6768 5.4476 243.4105 10.5714 0.0744 0.025977628 0.0076 0.04810189 -0.0073 0.023039635 -0.0132 0.040027544 1 6
273 -89.7498 6.9382 222.678 9.3546 0.1428 0.035523783 0.0281 0.034224376 -0.0788 0.03433409 0.0614 0.037838757 1 6
274 -55.5314 6.291 245.5275 13.1545 0.062 0.030928254 0.0668 0.04880061 -0.0362 0.027525062 0.0233 0.032184027 1 6
275 -68.4716 3.9954 231.6223 8.3758 0.0377 0.022450488 0.0763 0.03013988 -0.013 0.02428432 -0.0024 0.0288673 1 6
276 -106.311 4.9428 196.1331 7.4404 0.0333 0.031006157 -0.0008 0.047392245 0.1003 0.03349918 -0.0005 0.039867762 1 6
277 -51.0083 6.261 230.4224 10.8102 0.0439 0.031550504 0.1047 0.03403747 -0.0383 0.032478355 0.0732 0.047873102 1 6
278 51.666 6.151 234.4337 11.8089 -0.0603 0.035523534 0.1225 0.049685553 0.08 0.034539197 -0.047 0.043884575 1 6
279 11.7964 6.4784 206.2187 11.0901 -0.1221 0.03679912 -0.034 0.048232194 0.0521 0.039987452 0.0467 0.051640805 1 6
