data/processed/NGC5845-h6/gauss_hermite_kins_o.ecsv
# %ECSV 1.0
# ---
# datatype:
# - {name: vbin_id, datatype: int64}
# - {name: v, datatype: float32}
# - {name: dv, datatype: float32}
# - {name: sigma, datatype: float32}
# - {name: dsigma, datatype: float32}
# - {name: h3, datatype: float32}
# - {name: dh3, datatype: float32}
# - {name: h4, datatype: float32}
# - {name: dh4, datatype: float32}
# - {name: h5, datatype: float32}
# - {name: dh5, datatype: float32}
# - {name: h6, datatype: float32}
# - {name: dh6, datatype: float32}
# - {name: is_good, datatype: int64}
# - {name: n_gh, datatype: int64}
# meta: !!omap
# - PSF:
#     sigma: [0.4278574033096264, 1.4696945928287308]
#     weight: [0.7699515885757993, 0.23004841142420074]
# schema: astropy-2.0
vbin_id v dv sigma dsigma h3 dh3 h4 dh4 h5 dh5 h6 dh6 is_good n_gh
[from data line 172]
173 -103.0671 13.6804 172.1687 15.8682 0.0268 0.12629575 -0.0529 0.10012342 0.0 0.1 0.0 0.1 1 6
174 -131.5256 6.1681 210.3954 9.1471 0.0889 0.0478461 -0.0821 0.0517781 0.0 0.1 0.0 0.1 1 6
175 -47.549 5.544 250.4593 6.3925 0.0689 0.02553519 0.0366 0.026442366 0.0 0.1 0.0 0.1 1 6
176 -7.722 6.6116 279.3746 6.8893 -0.031 0.02473961 -0.0273 0.03743664 0.0 0.1 0.0 0.1 1 6
177 154.2817 12.2054 210.8021 15.9839 -0.0449 0.089780666 -0.0677 0.082073264 0.0 0.1 0.0 0.1 1 6
178 140.6415 8.0116 225.221 7.0422 -0.1178 0.033677135 -0.0057 0.041728046 0.0 0.1 0.0 0.1 1 6
179 125.4086 5.7004 241.8937 8.4826 -0.0571 0.024913553 0.0505 0.025354777 0.0 0.1 0.0 0.1 1 6
180 150.3853 7.9942 212.1715 9.3204 -0.1315 0.03429212 0.0189 0.03743437 0.0 0.1 0.0 0.1 1 6
181 84.0242 6.5043 242.1215 7.0385 -0.0588 0.032727 -0.0197 0.024391491 0.0 0.1 0.0 0.1 1 6
182 163.9734 6.2957 228.5353 7.8023 -0.1075 0.02486319 0.0058 0.03217409 0.0 0.1 0.0 0.1 1 6
183 -74.1256 6.058 249.7716 5.9114 0.0211 0.024728438 -0.0139 0.02620459 0.0 0.1 0.0 0.1 1 6
184 53.6704 5.3889 247.1007 6.7642 -0.0644 0.029622464 -0.015 0.028910894 0.0 0.1 0.0 0.1 1 6
185 -32.3331 8.101 264.4743 9.0977 -0.0111 0.034869064 -0.0124 0.03953706 0.0 0.1 0.0 0.1 1 6
186 -104.1728 4.2157 226.3369 7.0229 0.0569 0.032204792 0.0008 0.027687473 0.0 0.1 0.0 0.1 1 6
187 155.1559 5.3808 239.7227 5.1307 -0.0544 0.027711619 -0.1122 0.03452069 0.0 0.1 0.0 0.1 1 6
188 -128.5908 6.9766 188.9172 10.3865 0.0081 0.05428915 -0.0074 0.05804169 0.0 0.1 0.0 0.1 1 6
189 -116.9726 6.687 217.9388 9.0943 0.0238 0.042630542 -0.0182 0.05348277 0.0 0.1 0.0 0.1 1 6
190 35.4683 5.4517 254.533 6.9156 -0.0563 0.020542044 0.0076 0.028950548 0.0 0.1 0.0 0.1 1 6
191 109.7808 7.5005 215.5592 9.4357 -0.0054 0.040732935 0.0201 0.048202783 0.0 0.1 0.0 0.1 1 6
192 23.648 6.0366 257.9942 6.6699 -0.0145 0.022079682 -0.0011 0.026677443 0.0 0.1 0.0 0.1 1 6
193 110.8597 10.0909 217.5823 14.2712 0.0196 0.054393277 -0.0457 0.076807745 0.0 0.1 0.0 0.1 1 6
194 150.4703 6.1531 221.7014 6.817 -0.0824 0.04369591 -0.0955 0.0393843 0.0 0.1 0.0 0.1 1 6
195 141.7317 6.8049 226.5292 10.322 -0.111 0.030183684 0.0608 0.038300198 0.0 0.1 0.0 0.1 1 6
196 108.8852 5.6291 241.306 5.8887 -0.0559 0.02253897 0.0129 0.025656851 0.0 0.1 0.0 0.1 1 6
197 -56.4266 7.525 245.0004 8.131 0.0366 0.0316871 -0.0451 0.037348695 0.0 0.1 0.0 0.1 1 6
198 -76.5872 6.3638 229.5896 7.3659 0.0304 0.033707187 0.0243 0.03639059 0.0 0.1 0.0 0.1 1 6
199 -18.038 8.4793 274.8788 9.6818 0.0172 0.03219292 0.0118 0.03126748 0.0 0.1 0.0 0.1 1 6
200 51.4235 4.8537 252.0038 5.3412 -0.0761 0.024850637 -0.0108 0.020417865 0.0 0.1 0.0 0.1 1 6
201 163.2408 6.8097 233.3638 6.206 -0.0996 0.030838534 -0.0835 0.030210895 0.0 0.1 0.0 0.1 1 6
202 -26.414 6.6993 243.122 7.071 0.0289 0.033486206 -0.0142 0.033939265 0.0 0.1 0.0 0.1 1 6
203 75.6827 8.5485 206.2719 12.1847 0.0171 0.053127117 -0.009 0.08212312 0.0 0.1 0.0 0.1 1 6
204 92.2327 10.8591 174.9902 14.4921 -0.067 0.11392271 -0.0567 0.11428869 0.0 0.1 0.0 0.1 1 6
205 120.249 7.215 247.2328 9.5574 -0.0655 0.04057161 -0.0097 0.0433474 0.0 0.1 0.0 0.1 1 6
206 126.9041 8.5055 237.5068 12.203 -0.0664 0.045535915 0.0152 0.04964831 0.0 0.1 0.0 0.1 1 6
207 100.2468 5.5817 247.6404 7.2103 -0.0281 0.024437953 -0.0028 0.03611068 0.0 0.1 0.0 0.1 1 6
208 117.6308 7.3492 202.231 12.3728 -0.0005 0.053266186 0.0164 0.055505514 0.0 0.1 0.0 0.1 1 6
209 152.7627 6.2222 212.2688 13.2101 -0.0953 0.035546903 0.0711 0.04782211 0.0 0.1 0.0 0.1 1 6
210 103.435 5.8173 228.517 10.9617 -0.0755 0.027823575 0.0484 0.04872125 0.0 0.1 0.0 0.1 1 6
211 148.3517 7.4334 215.4294 13.8758 -0.0945 0.048883498 0.0263 0.0770366 0.0 0.1 0.0 0.1 1 6
212 157.0916 6.3919 209.899 8.0838 -0.0673 0.044146456 -0.0359 0.04336079 0.0 0.1 0.0 0.1 1 6
213 -33.0653 5.5651 253.3636 7.8377 -0.0277 0.0281796 -0.0674 0.03113345 0.0 0.1 0.0 0.1 1 6
214 -58.2335 7.2964 241.8281 8.5321 0.0179 0.033636726 -0.0185 0.036730267 0.0 0.1 0.0 0.1 1 6
215 63.7682 6.2819 261.7019 5.7713 -0.0415 0.026859421 -0.0233 0.02580905 0.0 0.1 0.0 0.1 1 6
216 -13.2176 8.5473 280.7312 8.7789 0.0681 0.028630197 0.0367 0.028809953 0.0 0.1 0.0 0.1 1 6
217 -108.1816 7.149 212.9526 8.6979 0.0567 0.044179693 -0.0352 0.04429499 0.0 0.1 0.0 0.1 1 6
218 -111.1617 7.6509 209.1774 10.1841 0.0635 0.054077752 -0.08 0.049877465 0.0 0.1 0.0 0.1 1 6
219 41.1735 5.8855 262.0992 6.1321 -0.0222 0.024774391 -0.0093 0.025909193 0.0 0.1 0.0 0.1 1 6
220 42.0398 5.807 240.9826 7.395 -0.0441 0.029723791 0.0145 0.03313968 0.0 0.1 0.0 0.1 1 6
221 -91.8659 7.7424 215.2962 11.2573 0.0203 0.050682064 -0.0007 0.060776085 0.0 0.1 0.0 0.1 1 6
222 149.7581 8.5756 205.9507 11.9943 -0.101 0.056387465 -0.0378 0.043153226 0.0 0.1 0.0 0.1 1 6
223 -114.6967 8.4965 193.6089 13.9899 0.0467 0.06142507 -0.0116 0.0870861 0.0 0.1 0.0 0.1 1 6
224 -102.3802 8.5358 187.9034 18.3394 -0.0373 0.07630224 0.0081 0.09878159 0.0 0.1 0.0 0.1 1 6
225 -96.2741 5.135 216.8799 7.1104 0.085 0.03507376 -0.0505 0.032364752 0.0 0.1 0.0 0.1 1 6
226 -20.2133 6.6104 237.2158 5.6386 0.0133 0.02759929 -0.01 0.029567832 0.0 0.1 0.0 0.1 1 6
227 26.1257 4.6729 245.6378 6.0376 0.0363 0.027834494 -0.0344 0.030063506 0.0 0.1 0.0 0.1 1 6
228 -112.3552 7.878 190.767 8.5802 -0.0165 0.05988245 -0.074 0.058218904 0.0 0.1 0.0 0.1 1 6
229 -80.9584 6.5553 232.7397 9.4333 0.0552 0.04021215 -0.0166 0.04495689 0.0 0.1 0.0 0.1 1 6
230 -84.8947 6.2758 214.0354 11.4048 0.0112 0.044877645 -0.0297 0.065153584 0.0 0.1 0.0 0.1 1 6
231 -62.2896 6.9041 229.5449 8.3976 0.055 0.0355366 -0.0493 0.039860673 0.0 0.1 0.0 0.1 1 6
232 144.7606 5.5342 225.1283 6.8808 -0.0578 0.026834438 -0.0132 0.030479977 0.0 0.1 0.0 0.1 1 6
233 125.0476 8.7332 201.1912 16.8753 -0.0143 0.069152504 0.0482 0.0795241 0.0 0.1 0.0 0.1 1 6
234 4.1092 5.6682 237.5733 6.55 -0.0107 0.02892763 -0.0374 0.02919092 0.0 0.1 0.0 0.1 1 6
235 -108.3638 11.2882 171.6291 17.3346 -0.0002 0.11368168 -0.0573 0.10053833 0.0 0.1 0.0 0.1 1 6
236 -59.927 9.247 233.3924 8.1046 -0.0059 0.037390657 -0.0549 0.043659564 0.0 0.1 0.0 0.1 1 6
237 -83.9881 9.5335 222.4823 7.8947 0.0282 0.04241001 -0.0803 0.043404814 0.0 0.1 0.0 0.1 1 6
238 99.3807 6.6478 214.7095 12.442 -0.0084 0.056203656 0.0119 0.0642833 0.0 0.1 0.0 0.1 1 6
239 73.8105 6.3636 240.287 7.9249 0.0014 0.04787383 -0.0193 0.037582308 0.0 0.1 0.0 0.1 1 6
240 120.072 8.0869 233.4024 9.9684 -0.0859 0.033017673 0.0686 0.04008376 0.0 0.1 0.0 0.1 1 6
241 127.0822 6.1734 238.3572 10.3765 -0.0702 0.034896005 -0.0069 0.056023385 0.0 0.1 0.0 0.1 1 6
242 51.5097 8.5513 233.7747 15.8272 0.0358 0.054551307 0.104 0.06567552 0.0 0.1 0.0 0.1 1 6
243 143.0538 7.2943 211.8464 9.4984 -0.0803 0.041157376 -0.0064 0.04548144 0.0 0.1 0.0 0.1 1 6
244 21.6028 6.5155 234.6694 13.98 0.0373 0.042911783 0.0578 0.052757613 0.0 0.1 0.0 0.1 1 6
245 -49.8181 7.3192 216.8242 10.6056 0.0433 0.041471615 0.0012 0.053332753 0.0 0.1 0.0 0.1 1 6
246 -82.6418 8.8197 219.7944 8.0433 0.0201 0.05390054 -0.1119 0.046959218 0.0 0.1 0.0 0.1 1 6
247 -9.8803 6.1764 215.5733 9.5285 0.0134 0.04074586 -0.0114 0.047045976 0.0 0.1 0.0 0.1 1 6
248 -81.3238 7.7818 205.7271 14.3232 -0.0183 0.046376444 -0.0025 0.07693695 0.0 0.1 0.0 0.1 1 6
249 -120.4095 8.4902 194.9726 9.3892 0.0543 0.06388031 -0.0843 0.07826184 0.0 0.1 0.0 0.1 1 6
250 -51.8128 8.6984 227.62 10.8201 0.0098 0.05531653 0.0059 0.061498586 0.0 0.1 0.0 0.1 1 6
251 24.5878 7.2257 216.4694 8.9553 -0.0198 0.046452522 -0.048 0.05091989 0.0 0.1 0.0 0.1 1 6
252 139.6196 9.3004 213.2134 14.0674 -0.1189 0.056193303 -0.0219 0.058528535 0.0 0.1 0.0 0.1 1 6
253 154.2687 6.1229 213.1777 7.8621 -0.0912 0.04336528 -0.0253 0.047299787 0.0 0.1 0.0 0.1 1 6
254 112.3816 7.7341 179.9741 11.6945 -0.0548 0.06557653 -0.0402 0.08476822 0.0 0.1 0.0 0.1 1 6
255 114.0178 8.178 201.2679 11.3255 -0.1229 0.058791388 -0.0319 0.070976764 0.0 0.1 0.0 0.1 1 6
256 12.3527 6.3367 230.7716 7.7747 0.0392 0.038716994 -0.0302 0.036868542 0.0 0.1 0.0 0.1 1 6
257 80.4535 7.2564 220.6186 10.0119 -0.0167 0.041246336 0.0149 0.038167838 0.0 0.1 0.0 0.1 1 6
258 111.4208 6.5181 229.6028 8.1523 -0.0828 0.0392771 -0.0318 0.036835443 0.0 0.1 0.0 0.1 1 6
259 64.6347 6.6983 207.5217 10.5878 -0.0211 0.040059768 0.0485 0.051920384 0.0 0.1 0.0 0.1 1 6
260 -83.3406 7.6219 195.8088 8.7271 -0.0002 0.060628448 -0.0605 0.056244604 0.0 0.1 0.0 0.1 1 6
261 43.9488 9.6287 195.8144 11.2474 -0.0895 0.07816747 -0.0545 0.05122698 0.0 0.1 0.0 0.1 1 6
262 -94.7629 7.8517 194.8665 9.3469 0.0079 0.05319928 -0.1134 0.05091446 0.0 0.1 0.0 0.1 1 6
263 -77.9008 7.7449 194.2531 7.4114 0.021 0.053541686 -0.1149 0.04271341 0.0 0.1 0.0 0.1 1 6
264 -97.7634 7.4034 188.6549 9.7053 0.0136 0.05989162 -0.1054 0.07056751 0.0 0.1 0.0 0.1 1 6
265 -92.5552 8.3932 202.6413 8.5801 -0.0418 0.060371056 -0.0983 0.06438594 0.0 0.1 0.0 0.1 1 6
266 -34.5335 6.1215 208.3044 7.8363 -0.0082 0.039776377 -0.0385 0.044556834 0.0 0.1 0.0 0.1 1 6
267 -13.6192 11.5745 174.5718 19.5791 0.0091 0.09411411 0.0505 0.10361716 0.0 0.1 0.0 0.1 1 6
268 8.2983 8.2326 211.6791 18.4849 0.0452 0.052822106 -0.0057 0.080733694 0.0 0.1 0.0 0.1 1 6
269 -40.0587 10.9576 191.7723 12.2215 -0.0487 0.08306855 -0.0444 0.08937905 0.0 0.1 0.0 0.1 1 6
270 -50.2567 12.4295 179.0573 18.4985 -0.0022 0.096443005 0.0437 0.10756228 0.0 0.1 0.0 0.1 1 6
271 -73.2565 11.7026 180.0022 16.1897 -0.0177 0.11290886 -0.0106 0.10796663 0.0 0.1 0.0 0.1 1 6
272 -103.3045 11.2204 187.4918 7.3919 -0.0757 0.08948896 -0.2081 0.05819737 0.0 0.1 0.0 0.1 1 6
273 -68.9307 13.8514 162.4321 16.3485 -0.0586 0.1313758 -0.0704 0.13315962 0.0 0.1 0.0 0.1 1 6
274 -94.7056 8.21 172.6305 14.9367 -0.011 0.06435219 0.0073 0.079552405 0.0 0.1 0.0 0.1 1 6
275 128.6586 6.1141 212.0768 6.9349 -0.0367 0.035414383 -0.03 0.035482954 0.0 0.1 0.0 0.1 1 6
276 155.9864 8.5588 203.0176 8.4549 -0.1169 0.040646933 -0.0715 0.049371395 0.0 0.1 0.0 0.1 1 6
277 121.5392 6.6528 199.8555 8.6348 -0.0307 0.0392185 -0.0035 0.04267793 0.0 0.1 0.0 0.1 1 6
278 63.8082 7.6159 219.9621 10.1656 0.0271 0.034750983 -0.0395 0.057220854 0.0 0.1 0.0 0.1 1 6
279 69.0258 6.7177 223.6172 8.5683 0.0778 0.04084067 -0.0307 0.044587642 0.0 0.1 0.0 0.1 1 6
280 37.7642 7.7616 200.3653 9.2958 0.0288 0.061292652 -0.0366 0.080909796 0.0 0.1 0.0 0.1 1 6
281 -9.1575 11.1976 184.6306 10.1792 -0.1057 0.09155138 -0.1238 0.09026247 0.0 0.1 0.0 0.1 1 6
282 20.9629 7.6003 193.4794 15.2413 -0.0088 0.054563496 0.0565 0.08878257 0.0 0.1 0.0 0.1 1 6
283 0.9877 11.6753 179.1304 22.0875 0.0007 0.10685514 0.064 0.104410745 0.0 0.1 0.0 0.1 1 6
284 93.6312 7.1951 224.3046 11.142 -0.0632 0.04949258 -0.0142 0.04960571 0.0 0.1 0.0 0.1 1 6
285 -17.421 12.2876 172.3705 16.4113 -0.0805 0.10428627 0.016 0.09639786 0.0 0.1 0.0 0.1 1 6
286 100.0055 9.1441 185.4603 16.3451 0.0815 0.069983125 0.0046 0.07275434 0.0 0.1 0.0 0.1 1 6
287 75.2354 7.1332 197.8105 9.6734 -0.0173 0.04968609 -0.0499 0.05399654 0.0 0.1 0.0 0.1 1 6
288 90.3868 10.6009 195.2817 11.3516 -0.0558 0.07807646 -0.083 0.092614256 0.0 0.1 0.0 0.1 1 6
289 111.0308 10.3756 180.4782 18.8825 0.0472 0.088670745 0.0019 0.09278004 0.0 0.1 0.0 0.1 1 6
290 139.6982 7.7821 198.5935 9.7102 -0.0818 0.06360842 -0.0469 0.07348956 0.0 0.1 0.0 0.1 1 6
291 -39.015 14.6296 181.6886 15.6551 0.04 0.10234541 -0.0603 0.11472453 0.0 0.1 0.0 0.1 1 6
292 114.185 7.9233 201.9023 10.9922 -0.0752 0.059927 -0.0044 0.08059234 0.0 0.1 0.0 0.1 1 6
293 -91.5219 17.2609 166.0718 22.4968 -0.0315 0.13383323 -0.0729 0.15502298 0.0 0.1 0.0 0.1 1 6
294 -106.4068 9.3621 170.0611 10.9913 -0.015 0.09976956 -0.191 0.08989808 0.0 0.1 0.0 0.1 1 6
295 17.5807 10.4448 175.3271 15.8794 -0.0057 0.10101718 -0.0976 0.09531229 0.0 0.1 0.0 0.1 1 6
296 52.0594 9.8486 209.1466 13.7391 -0.0117 0.060543876 -0.0121 0.07408249 0.0 0.1 0.0 0.1 1 6
297 76.1066 9.981 190.1332 15.1618 -0.0365 0.0841811 -0.0078 0.0745401 0.0 0.1 0.0 0.1 1 6
298 55.7548 8.9081 178.1365 14.9823 -0.097 0.0825058 -0.0321 0.087447 0.0 0.1 0.0 0.1 1 6
299 -0.4725 15.2479 155.2518 18.7266 -0.0824 0.15574403 -0.0998 0.15397054 0.0 0.1 0.0 0.1 1 6
300 -20.409 13.5591 192.5884 14.1161 -0.0229 0.10236513 -0.0677 0.101005875 0.0 0.1 0.0 0.1 1 6
301 124.8003 7.6017 186.5354 8.3204 -0.113 0.061099745 -0.0917 0.05870209 0.0 0.1 0.0 0.1 1 6
302 91.3742 8.6566 184.5971 13.4301 0.0229 0.07204986 -0.0161 0.08679443 0.0 0.1 0.0 0.1 1 6
303 97.3401 10.2557 161.2691 18.0227 0.0439 0.123019345 0.0041 0.11704368 0.0 0.1 0.0 0.1 1 6
304 95.8377 7.9611 186.4873 9.7645 0.0274 0.060986437 -0.1076 0.071947046 0.0 0.1 0.0 0.1 1 6
305 82.3562 8.2915 185.1625 8.82 0.0121 0.07402183 -0.1322 0.076368496 0.0 0.1 0.0 0.1 1 6
306 64.2261 11.6873 179.3316 16.3469 -0.1098 0.1042344 -0.0204 0.10557357 0.0 0.1 0.0 0.1 1 6
307 -105.0646 14.4683 173.3907 17.1945 -0.005 0.11362731 -0.0556 0.11801853 0.0 0.1 0.0 0.1 1 6
308 76.1614 9.3189 194.9382 10.8095 -0.0355 0.08402446 -0.0893 0.08797248 0.0 0.1 0.0 0.1 1 6
309 114.8759 9.5735 169.9792 13.3603 -0.0541 0.10764813 -0.0142 0.106870964 0.0 0.1 0.0 0.1 1 6
310 115.035 8.0111 201.5726 13.2878 -0.0165 0.06242556 -0.083 0.07440092 0.0 0.1 0.0 0.1 1 6
311 19.8398 16.4689 155.8437 20.4474 -0.0069 0.16092911 -0.1145 0.13181892 0.0 0.1 0.0 0.1 1 6
312 102.8742 8.7945 180.1677 10.0866 -0.09 0.08730901 -0.1092 0.079729564 0.0 0.1 0.0 0.1 1 6
313 117.0829 9.8784 177.9554 13.846 -0.1404 0.07946061 -0.0681 0.11580815 0.0 0.1 0.0 0.1 1 6
314 29.5645 14.284 156.9602 19.61 -0.0207 0.13985781 -0.0636 0.131491 0.0 0.1 0.0 0.1 1 6
315 101.505 9.9796 165.3299 13.628 -0.0763 0.10607942 -0.0951 0.073432304 0.0 0.1 0.0 0.1 1 6
316 95.4505 16.4918 157.1134 24.8677 0.0257 0.17155662 -0.0069 0.14803767 0.0 0.1 0.0 0.1 1 6
317 88.5042 11.8204 165.0471 20.1143 -0.0049 0.13736792 0.0282 0.10755977 0.0 0.1 0.0 0.1 1 6
318 51.0472 12.5435 169.4026 16.9787 -0.0571 0.12822714 -0.1612 0.12045993 0.0 0.1 0.0 0.1 1 6
319 97.6033 12.3767 171.9645 16.6832 0.0066 0.1274036 -0.1006 0.106404416 0.0 0.1 0.0 0.1 1 6
320 14.6565 18.7322 162.1565 22.5302 -0.0777 0.17477646 -0.1251 0.14591874 0.0 0.1 0.0 0.1 1 6
