data/processed/NGC5845-h6/gauss_hermite_kins_o.ecsv
# %ECSV 1.0
# ---
# datatype:
# - {name: vbin_id, datatype: int64}
# - {name: v, datatype: float32}
# - {name: dv, datatype: float32}
# - {name: sigma, datatype: float32}
# - {name: dsigma, datatype: float32}
# - {name: h3, datatype: float32}
# - {name: dh3, datatype: float32}
# - {name: h4, datatype: float32}
# - {name: dh4, datatype: float32}
# - {name: h5, datatype: float32}
# - {name: dh5, datatype: float32}
# - {name: h6, datatype: float32}
# - {name: dh6, datatype: float32}
# - {name: is_good, datatype: int64}
# - {name: n_gh, datatype: int64}
# meta: !!omap
# - PSF:
#     sigma: [0.4278574033096264, 1.4696945928287308]
#     weight: [0.7699515885757993, 0.23004841142420074]
# schema: astropy-2.0
vbin_id v dv sigma dsigma h3 dh3 h4 dh4 h5 dh5 h6 dh6 is_good n_gh
1 6.4339 5.4313 270.6627 6.5599 0.0168 0.016203027 0.0335 0.024853418 0.0 0.1 0.0 0.1 1 6
2 -35.4924 5.5137 264.9127 6.8979 0.0371 0.026635496 0.008 0.02645319 0.0 0.1 0.0 0.1 1 6
3 -57.9329 5.0164 248.1778 7.9061 0.0676 0.02763695 0.0626 0.026591841 0.0 0.1 0.0 0.1 1 6
4 -30.4097 3.6266 262.8903 5.7089 0.025 0.017972449 0.0438 0.021616166 0.0 0.1 0.0 0.1 1 6
5 -74.1738 4.9711 243.9156 7.9311 0.0881 0.024683973 0.0705 0.025251165 0.0 0.1 0.0 0.1 1 6
6 -54.0771 5.5993 253.5571 9.4139 0.0321 0.027736478 0.0702 0.039616928 0.0 0.1 0.0 0.1 1 6
7 -73.4416 4.882 249.242 6.6967 0.0663 0.02853562 0.0514 0.026469316 0.0 0.1 0.0 0.1 1 6
8 -94.1742 5.2843 241.2361 7.5132 0.1237 0.025817359 0.0459 0.023604007 0.0 0.1 0.0 0.1 1 6
9 -59.1108 3.4516 261.9018 6.8935 0.0594 0.023520902 0.0321 0.02360131 0.0 0.1 0.0 0.1 1 6
10 -74.7998 4.5912 236.8067 6.4061 0.0122 0.026760615 0.0263 0.026056103 0.0 0.1 0.0 0.1 1 6
11 4.9773 6.8947 275.9864 9.4962 -0.0151 0.030746577 -0.0156 0.036554396 0.0 0.1 0.0 0.1 1 6
12 -16.1187 7.3691 249.8064 13.9688 0.0241 0.031842533 0.1009 0.06733013 0.0 0.1 0.0 0.1 1 6
13 -50.2131 5.04 260.4483 6.7452 0.0369 0.027909199 0.0296 0.02909916 0.0 0.1 0.0 0.1 1 6
14 -102.2453 4.9256 239.8004 6.5982 0.0847 0.025788585 -0.001 0.02784167 0.0 0.1 0.0 0.1 1 6
15 -18.1171 7.378 256.0014 8.2939 0.074 0.03117519 -0.0109 0.038033534 0.0 0.1 0.0 0.1 1 6
16 35.3549 5.5718 269.5646 7.7145 -0.0232 0.024331493 0.0094 0.025781088 0.0 0.1 0.0 0.1 1 6
17 -81.4054 5.9391 222.8471 8.8951 0.0208 0.02915082 0.0701 0.036616437 0.0 0.1 0.0 0.1 1 6
18 -55.7366 7.0515 247.7253 11.8744 0.0689 0.03125028 0.069 0.050888624 0.0 0.1 0.0 0.1 1 6
19 -112.525 4.9801 248.7144 6.0633 0.1343 0.020184401 0.0081 0.025895903 0.0 0.1 0.0 0.1 1 6
20 -99.181 5.2414 251.8516 6.3971 0.0883 0.023991296 0.0088 0.029555617 0.0 0.1 0.0 0.1 1 6
21 -118.3944 5.3238 229.5167 6.1392 0.07 0.021088041 0.0146 0.023568545 0.0 0.1 0.0 0.1 1 6
22 -129.9921 7.5322 238.6582 9.5854 0.1611 0.03449719 0.0104 0.03824741 0.0 0.1 0.0 0.1 1 6
23 -34.5317 5.387 254.8518 6.8557 0.0777 0.025837941 -0.0509 0.030530326 0.0 0.1 0.0 0.1 1 6
24 10.6635 6.5986 262.1397 7.8769 -0.0561 0.02915 -0.0079 0.038518216 0.0 0.1 0.0 0.1 1 6
25 -14.5815 7.3974 269.5163 8.2421 -0.0366 0.039469067 -0.0107 0.03982227 0.0 0.1 0.0 0.1 1 6
26 44.9095 5.4078 256.1745 6.8419 -0.0607 0.023313235 -0.0132 0.02942496 0.0 0.1 0.0 0.1 1 6
27 -67.7097 5.6274 233.5264 7.6673 0.0639 0.023184974 0.0512 0.026214164 0.0 0.1 0.0 0.1 1 6
28 -22.061 7.5151 234.8736 11.5436 0.0275 0.03510858 0.0411 0.042973742 0.0 0.1 0.0 0.1 1 6
29 -116.9962 5.872 210.6312 8.8587 0.059 0.03620919 0.0683 0.034669425 0.0 0.1 0.0 0.1 1 6
30 -144.2774 6.0447 225.5709 8.2419 0.1416 0.028936876 0.0394 0.032906763 0.0 0.1 0.0 0.1 1 6
31 -53.5034 6.9416 251.6072 6.7725 0.0436 0.025041705 -0.0513 0.033656757 0.0 0.1 0.0 0.1 1 6
32 -39.5673 5.4944 258.4131 6.2085 0.0517 0.029924592 -0.0034 0.027300717 0.0 0.1 0.0 0.1 1 6
33 -94.1053 5.8659 232.9266 6.2964 0.0646 0.022582088 -0.0194 0.027860986 0.0 0.1 0.0 0.1 1 6
34 -50.015 6.8371 235.3253 11.0126 0.0137 0.032939952 0.0637 0.040051993 0.0 0.1 0.0 0.1 1 6
35 -142.0975 7.0527 222.0907 9.4388 0.1206 0.03347953 0.0537 0.03359276 0.0 0.1 0.0 0.1 1 6
36 -148.2678 6.6807 214.3189 9.6796 0.0971 0.03751015 0.025 0.042805683 0.0 0.1 0.0 0.1 1 6
37 -107.6138 5.9333 229.5895 7.3147 0.0426 0.03065445 0.0237 0.03497297 0.0 0.1 0.0 0.1 1 6
38 -133.5318 6.2888 226.0636 6.9738 0.0677 0.028317148 -0.0166 0.030147346 0.0 0.1 0.0 0.1 1 6
39 -120.4437 6.1686 250.0614 7.6246 0.1396 0.026791664 0.0179 0.03408772 0.0 0.1 0.0 0.1 1 6
40 -31.8913 5.9273 238.7922 7.3771 0.0743 0.031652685 -0.017 0.03269762 0.0 0.1 0.0 0.1 1 6
41 -6.9188 7.1483 233.7196 13.0758 -0.0181 0.035797037 0.0589 0.05587315 0.0 0.1 0.0 0.1 1 6
42 10.4441 8.1939 248.8897 10.6526 -0.0352 0.045990266 -0.028 0.052882545 0.0 0.1 0.0 0.1 1 6
43 17.3957 9.2487 238.3568 12.5506 0.0342 0.036082584 0.0025 0.049065225 0.0 0.1 0.0 0.1 1 6
44 -101.9061 6.2122 241.0172 6.4434 0.0436 0.028047403 -0.0059 0.026277553 0.0 0.1 0.0 0.1 1 6
45 -1.3143 5.4725 239.2659 9.5167 -0.0202 0.03242853 0.0061 0.037920088 0.0 0.1 0.0 0.1 1 6
46 -47.1214 6.9179 238.2536 7.2709 0.0552 0.037227217 -0.063 0.031219505 0.0 0.1 0.0 0.1 1 6
47 -72.7564 7.7059 246.9631 12.1221 0.0225 0.027037727 0.0355 0.03356081 0.0 0.1 0.0 0.1 1 6
48 -48.2772 6.8279 228.846 10.8253 0.0791 0.043395232 -0.0217 0.042397216 0.0 0.1 0.0 0.1 1 6
49 -13.0545 8.853 233.8934 10.4982 -0.0513 0.049632333 -0.0062 0.049637802 0.0 0.1 0.0 0.1 1 6
50 23.653 7.1032 239.2643 8.8401 0.0197 0.03267844 0.0204 0.047385227 0.0 0.1 0.0 0.1 1 6
51 17.5501 8.8096 232.0057 14.3349 -0.0289 0.053073324 0.0269 0.060362853 0.0 0.1 0.0 0.1 1 6
52 -95.9239 5.4572 212.7175 7.8443 0.0232 0.029746106 0.0411 0.03977227 0.0 0.1 0.0 0.1 1 6
53 -5.1683 6.5031 251.2502 6.9707 0.0092 0.029323881 -0.0433 0.040302508 0.0 0.1 0.0 0.1 1 6
54 57.0415 4.5211 251.4344 5.7882 -0.0195 0.022035403 -0.0393 0.026407914 0.0 0.1 0.0 0.1 1 6
55 51.8737 5.1233 243.1439 8.1526 0.0355 0.028960358 0.0027 0.03061016 0.0 0.1 0.0 0.1 1 6
56 -15.2392 6.9269 235.7218 9.829 0.0168 0.035588566 -0.004 0.04475006 0.0 0.1 0.0 0.1 1 6
57 50.8977 6.4303 245.11 8.4275 0.037 0.030880254 0.0002 0.040069137 0.0 0.1 0.0 0.1 1 6
58 67.2319 4.3397 270.2569 5.7536 -0.0097 0.018144893 0.0171 0.021291569 0.0 0.1 0.0 0.1 1 6
59 73.0011 6.542 261.4624 7.2748 -0.0356 0.028305737 -0.0081 0.03340079 0.0 0.1 0.0 0.1 1 6
60 -53.7826 6.7641 238.2578 7.3369 0.0415 0.0358255 -0.0824 0.032825515 0.0 0.1 0.0 0.1 1 6
61 -20.2526 6.1517 219.5937 8.4565 0.0737 0.039767113 -0.0515 0.04171926 0.0 0.1 0.0 0.1 1 6
62 -86.2399 8.037 207.4246 10.1706 0.0951 0.044651426 -0.0317 0.04843614 0.0 0.1 0.0 0.1 1 6
63 -102.1468 5.902 209.4773 8.6752 0.0627 0.036361266 0.01 0.044335026 0.0 0.1 0.0 0.1 1 6
64 -127.1551 6.6726 224.3551 7.4292 0.1117 0.031024065 0.03 0.0381586 0.0 0.1 0.0 0.1 1 6
65 -143.8941 6.7747 229.1894 8.3927 0.1087 0.034191977 -0.0121 0.036044296 0.0 0.1 0.0 0.1 1 6
66 -96.5914 8.264 211.922 12.487 -0.0097 0.05553028 -0.0085 0.061505962 0.0 0.1 0.0 0.1 1 6
67 -156.8014 7.4949 216.8677 8.9608 0.0655 0.037418455 -0.022 0.051294923 0.0 0.1 0.0 0.1 1 6
68 16.188 7.4973 230.2418 7.9261 0.1067 0.04278153 -0.0637 0.039523326 0.0 0.1 0.0 0.1 1 6
69 35.7778 7.3204 239.0905 11.6227 0.0546 0.03904358 0.0048 0.048247814 0.0 0.1 0.0 0.1 1 6
70 -2.1235 6.3897 207.0622 8.3394 0.0318 0.04379637 -0.0103 0.048067093 0.0 0.1 0.0 0.1 1 6
71 -10.5192 10.1079 227.5944 9.3968 0.0537 0.055577863 -0.0356 0.047574803 0.0 0.1 0.0 0.1 1 6
72 -21.3811 7.7437 203.8485 12.4907 -0.0528 0.057964932 -0.0418 0.06283293 0.0 0.1 0.0 0.1 1 6
73 -48.6616 7.691 207.215 10.1093 -0.0746 0.05711605 -0.094 0.05306187 0.0 0.1 0.0 0.1 1 6
74 -46.405 7.8882 219.5054 12.6568 -0.0351 0.046657734 -0.0561 0.0730835 0.0 0.1 0.0 0.1 1 6
75 -73.7576 7.8772 203.764 9.795 0.0121 0.06579862 -0.0297 0.053303927 0.0 0.1 0.0 0.1 1 6
76 -82.7446 6.5859 209.3976 9.2564 0.0102 0.040075067 -0.0653 0.03973439 0.0 0.1 0.0 0.1 1 6
77 -83.4415 5.9153 215.5118 6.8432 0.0034 0.04258757 -0.0323 0.042841777 0.0 0.1 0.0 0.1 1 6
78 -148.7326 6.6625 206.1066 10.8286 0.0744 0.046645194 0.0045 0.056656525 0.0 0.1 0.0 0.1 1 6
79 -126.0053 7.028 220.2693 8.4672 0.1051 0.043096475 -0.0655 0.047232844 0.0 0.1 0.0 0.1 1 6
80 -150.559 6.2817 208.694 11.5792 0.0653 0.046271626 0.0049 0.06480688 0.0 0.1 0.0 0.1 1 6
81 -157.5025 6.8312 204.4448 19.0995 0.1168 0.06422397 0.1151 0.09586876 0.0 0.1 0.0 0.1 1 6
82 -51.5001 9.4194 191.6773 10.4203 -0.0067 0.0652395 -0.0941 0.07421685 0.0 0.1 0.0 0.1 1 6
83 -92.556 8.3284 190.5094 10.1684 0.0506 0.06452708 -0.0759 0.065338194 0.0 0.1 0.0 0.1 1 6
84 -139.6971 5.4116 225.6311 8.1579 0.0488 0.027317371 0.0187 0.032890502 0.0 0.1 0.0 0.1 1 6
85 -134.4716 4.9128 218.3788 6.0067 0.0813 0.036201324 -0.074 0.032924976 0.0 0.1 0.0 0.1 1 6
86 -125.202 7.76 200.5039 8.1677 0.0603 0.05588695 -0.0517 0.04534211 0.0 0.1 0.0 0.1 1 6
87 -88.4484 6.9376 207.1608 8.6611 0.0642 0.056820802 -0.1117 0.056514375 0.0 0.1 0.0 0.1 1 6
88 -36.9018 7.0808 199.704 7.7651 -0.0246 0.047091726 -0.1373 0.068280645 0.0 0.1 0.0 0.1 1 6
89 -15.5521 9.7875 192.1703 12.2587 -0.071 0.074402176 -0.0565 0.076807395 0.0 0.1 0.0 0.1 1 6
90 -31.9505 10.0902 202.7086 8.3003 -0.1014 0.06057074 -0.1347 0.083079875 0.0 0.1 0.0 0.1 1 6
91 18.3007 8.0958 203.5297 10.3121 0.0333 0.057459515 -0.0338 0.049947683 0.0 0.1 0.0 0.1 1 6
92 22.1759 8.8212 202.2934 13.5587 0.0721 0.052297395 -0.0125 0.10239075 0.0 0.1 0.0 0.1 1 6
93 0.4117 8.9454 190.9581 12.3266 0.0401 0.06928062 -0.0615 0.085764326 0.0 0.1 0.0 0.1 1 6
94 51.2066 6.2708 240.4606 7.4457 0.0308 0.035866138 -0.0047 0.034095217 0.0 0.1 0.0 0.1 1 6
95 -69.3687 6.5525 194.3842 8.9934 -0.0879 0.060120203 -0.1285 0.043936767 0.0 0.1 0.0 0.1 1 6
96 -75.6257 10.0916 196.3516 10.6422 -0.0052 0.0809148 -0.1315 0.069958195 0.0 0.1 0.0 0.1 1 6
97 -95.4895 10.6273 167.0077 18.8646 0.0402 0.088948704 0.0148 0.08527502 0.0 0.1 0.0 0.1 1 6
98 -110.6143 8.9816 165.7096 19.3836 0.011 0.09246035 0.0715 0.08602907 0.0 0.1 0.0 0.1 1 6
99 -9.9805 11.3985 165.3433 17.8362 -0.0378 0.11694693 -0.0652 0.11362233 0.0 0.1 0.0 0.1 1 6
100 -34.9801 12.1681 169.6437 14.8708 0.0421 0.10024298 -0.1618 0.10574197 0.0 0.1 0.0 0.1 1 6
101 -97.0822 9.2228 184.7389 8.7004 -0.0493 0.07708374 -0.1914 0.06607588 0.0 0.1 0.0 0.1 1 6
102 -37.5843 17.5721 139.8971 22.7243 0.0292 0.17731094 -0.0858 0.14663413 0.0 0.1 0.0 0.1 1 6
103 -108.1925 12.9343 168.8861 19.7845 0.0028 0.113025256 -0.0553 0.11282069 0.0 0.1 0.0 0.1 1 6
104 43.0434 7.1509 217.3096 7.1534 0.0239 0.04006596 -0.0416 0.04973854 0.0 0.1 0.0 0.1 1 6
105 20.4244 10.9489 171.0219 16.4329 -0.0755 0.10013816 -0.0265 0.09735309 0.0 0.1 0.0 0.1 1 6
106 47.4479 9.4784 170.7701 14.7001 -0.015 0.080335476 0.007 0.08527469 0.0 0.1 0.0 0.1 1 6
107 61.2072 6.8765 233.4857 9.6022 0.0226 0.045571346 -0.0361 0.041173514 0.0 0.1 0.0 0.1 1 6
108 66.226 6.9111 247.671 6.6342 -0.0313 0.02599357 -0.0275 0.037120216 0.0 0.1 0.0 0.1 1 6
109 60.6181 8.517 227.1481 12.7935 -0.0052 0.03936373 0.0371 0.04626335 0.0 0.1 0.0 0.1 1 6
110 68.9303 6.8542 216.6523 7.1618 -0.0253 0.04629829 -0.0981 0.04703042 0.0 0.1 0.0 0.1 1 6
111 90.6907 6.0981 264.0806 7.7752 -0.0522 0.029155456 -0.0086 0.032173466 0.0 0.1 0.0 0.1 1 6
112 70.9606 10.9298 233.7508 11.3369 0.0011 0.04957893 -0.0414 0.052098587 0.0 0.1 0.0 0.1 1 6
113 55.7487 8.4011 206.5391 9.7846 0.0037 0.061386567 -0.1578 0.05684846 0.0 0.1 0.0 0.1 1 6
114 76.9017 5.146 253.8071 6.8692 0.0023 0.02822647 -0.0671 0.039111413 0.0 0.1 0.0 0.1 1 6
115 79.1357 8.7504 198.0196 12.7423 -0.0134 0.05997331 0.0515 0.05618286 0.0 0.1 0.0 0.1 1 6
116 85.7726 4.9827 254.3695 6.9696 -0.0591 0.019131253 -0.0003 0.028493091 0.0 0.1 0.0 0.1 1 6
117 84.2582 6.1681 272.6555 7.0294 -0.0821 0.0271783 -0.0519 0.029013768 0.0 0.1 0.0 0.1 1 6
118 39.5888 14.058 188.822 15.987 -0.1147 0.118282154 -0.0064 0.12597622 0.0 0.1 0.0 0.1 1 6
119 103.7067 6.0449 241.7428 9.685 -0.0173 0.028516317 0.0272 0.034794357 0.0 0.1 0.0 0.1 1 6
120 71.4452 8.2028 202.6719 11.4077 -0.008 0.054793995 -0.0519 0.08840194 0.0 0.1 0.0 0.1 1 6
121 73.5317 5.6427 228.206 6.7517 0.0189 0.022621997 0.0007 0.034555744 0.0 0.1 0.0 0.1 1 6
122 102.9676 6.2912 237.2057 8.0736 -0.0682 0.034112517 0.0072 0.0379247 0.0 0.1 0.0 0.1 1 6
123 99.6312 5.1299 255.9918 8.4211 -0.0737 0.027927615 -0.0036 0.028555056 0.0 0.1 0.0 0.1 1 6
124 93.9959 6.1039 244.914 9.8882 -0.1016 0.033307783 0.0086 0.025017962 0.0 0.1 0.0 0.1 1 6
125 125.397 5.9175 257.1015 8.1232 -0.0822 0.028937671 0.0164 0.0338731 0.0 0.1 0.0 0.1 1 6
126 81.5843 4.1576 256.7825 6.3294 -0.0513 0.01683414 0.0541 0.020545335 0.0 0.1 0.0 0.1 1 6
127 125.134 5.8579 237.0303 7.5205 -0.0802 0.03511419 -0.0063 0.035549726 0.0 0.1 0.0 0.1 1 6
128 66.7439 5.235 247.6471 8.631 -0.0393 0.026524048 0.0772 0.029200122 0.0 0.1 0.0 0.1 1 6
129 -140.4229 5.2021 214.3628 6.3076 0.1137 0.0258667 -0.0649 0.034938835 0.0 0.1 0.0 0.1 1 6
130 -126.6834 6.8471 240.2562 6.5516 0.1028 0.028784657 0.0052 0.03585543 0.0 0.1 0.0 0.1 1 6
131 -142.7049 5.1241 224.8864 7.3619 0.047 0.029053658 0.0282 0.031139456 0.0 0.1 0.0 0.1 1 6
132 34.1989 4.2362 266.2305 4.9449 0.0135 0.0188343 0.0385 0.026050206 0.0 0.1 0.0 0.1 1 6
133 -121.4036 8.387 249.8976 7.0737 0.1494 0.02266819 0.0115 0.029695742 0.0 0.1 0.0 0.1 1 6
134 -117.7025 7.1268 201.6289 8.2773 0.0509 0.048504863 -0.0841 0.03996983 0.0 0.1 0.0 0.1 1 6
135 -133.9594 5.8456 231.6482 6.5826 0.0584 0.03542533 -0.0774 0.031519752 0.0 0.1 0.0 0.1 1 6
136 -133.1989 5.34 202.3546 7.2713 0.0241 0.04001314 -0.0073 0.044339966 0.0 0.1 0.0 0.1 1 6
137 -71.9809 5.2933 262.9588 6.6236 0.1137 0.022814143 -0.0104 0.024017746 0.0 0.1 0.0 0.1 1 6
138 -17.4082 4.0366 267.7819 6.1379 0.0174 0.018053267 0.0324 0.025593752 0.0 0.1 0.0 0.1 1 6
139 52.1532 12.4672 189.9433 21.4137 0.0197 0.09087711 -0.0087 0.119676754 0.0 0.1 0.0 0.1 1 6
140 124.4377 6.8711 238.3729 6.4197 -0.0175 0.033431355 -0.0617 0.033829592 0.0 0.1 0.0 0.1 1 6
141 127.1017 6.5434 231.6395 9.1126 -0.1201 0.031512722 0.0152 0.035509083 0.0 0.1 0.0 0.1 1 6
142 138.5849 7.0241 228.5143 9.6022 -0.1202 0.025876924 0.0577 0.04358363 0.0 0.1 0.0 0.1 1 6
143 97.2369 4.4813 245.7049 5.6948 -0.0803 0.016128697 0.0287 0.020677572 0.0 0.1 0.0 0.1 1 6
144 142.1241 5.8953 240.7625 6.4071 -0.1023 0.02869558 0.0068 0.030559927 0.0 0.1 0.0 0.1 1 6
145 -128.0615 5.3164 215.856 11.3644 0.0886 0.03853756 0.0812 0.060430475 0.0 0.1 0.0 0.1 1 6
146 -99.7209 7.5752 251.9678 8.19 0.1059 0.030105872 0.0074 0.028725928 0.0 0.1 0.0 0.1 1 6
147 -41.2165 5.7019 266.9646 7.3811 0.0435 0.023627337 0.0136 0.026701681 0.0 0.1 0.0 0.1 1 6
148 74.8697 6.1863 246.0026 7.5429 -0.0823 0.029054468 0.0206 0.032740496 0.0 0.1 0.0 0.1 1 6
149 142.0927 4.3306 237.1976 6.9143 -0.1029 0.026549935 -0.012 0.032148145 0.0 0.1 0.0 0.1 1 6
150 63.1514 8.121 216.7589 10.7375 -0.001 0.04027305 -0.0338 0.052325085 0.0 0.1 0.0 0.1 1 6
151 -84.3031 6.3984 250.3573 6.7724 0.0985 0.019628486 0.0306 0.024037737 0.0 0.1 0.0 0.1 1 6
152 50.5791 5.329 263.1602 5.2631 -0.0221 0.017649263 0.0116 0.025175037 0.0 0.1 0.0 0.1 1 6
153 -37.2513 7.0788 256.601 6.7275 0.0644 0.024009258 0.0336 0.028176313 0.0 0.1 0.0 0.1 1 6
154 -133.693 5.1023 222.809 8.1127 0.0695 0.031797547 0.0057 0.0325783 0.0 0.1 0.0 0.1 1 6
155 16.3609 5.4723 274.5546 6.3465 -0.0255 0.017052166 0.007 0.026249407 0.0 0.1 0.0 0.1 1 6
156 92.7837 6.5892 239.761 7.1731 0.0094 0.03053053 -0.0122 0.02974715 0.0 0.1 0.0 0.1 1 6
157 -107.4324 6.2521 230.3023 8.6393 0.1129 0.03111488 0.0241 0.03558112 0.0 0.1 0.0 0.1 1 6
158 132.8908 6.8513 224.8722 6.1232 -0.1278 0.029737953 -0.0402 0.043195236 0.0 0.1 0.0 0.1 1 6
159 145.7017 6.9116 213.8154 6.7982 -0.1508 0.035200585 -0.0476 0.045724995 0.0 0.1 0.0 0.1 1 6
160 -80.8347 5.0213 255.2866 8.012 0.0862 0.025602318 0.0489 0.028338296 0.0 0.1 0.0 0.1 1 6
161 96.4059 4.8394 242.9412 6.8922 -0.0725 0.026335644 0.0156 0.023761993 0.0 0.1 0.0 0.1 1 6
162 152.1238 7.7735 222.3945 8.0433 -0.1598 0.04204575 -0.0401 0.048455864 0.0 0.1 0.0 0.1 1 6
163 -12.2099 6.916 274.1128 7.7668 -0.024 0.021690918 -0.0268 0.027910994 0.0 0.1 0.0 0.1 1 6
164 74.7129 5.9184 249.0461 7.3542 -0.0745 0.030676357 -0.0018 0.028878314 0.0 0.1 0.0 0.1 1 6
165 -47.4294 7.182 241.334 8.9442 0.0447 0.03569045 0.0581 0.038229596 0.0 0.1 0.0 0.1 1 6
166 167.0548 9.5531 219.0916 11.7457 -0.1469 0.053204846 0.0382 0.05453825 0.0 0.1 0.0 0.1 1 6
167 -133.547 5.619 231.8972 6.7714 0.0331 0.028566027 0.0133 0.033614278 0.0 0.1 0.0 0.1 1 6
168 54.8053 6.3829 262.3216 7.3786 -0.0446 0.024386887 0.0291 0.027142491 0.0 0.1 0.0 0.1 1 6
169 -32.9074 4.9873 264.6583 6.4258 0.0222 0.025291713 -0.005 0.028388318 0.0 0.1 0.0 0.1 1 6
170 -146.4232 7.528 207.3834 9.4065 0.0738 0.049911812 -0.0731 0.04120663 0.0 0.1 0.0 0.1 1 6
171 -92.0844 4.6722 245.4721 6.8622 0.0473 0.020733105 0.0066 0.026687404 0.0 0.1 0.0 0.1 1 6
