data/processed/NGC5845-h6/gauss_hermite_kins_s.ecsv
# %ECSV 1.0
# ---
# datatype:
# - {name: vbin_id, datatype: int64}
# - {name: v, datatype: float32}
# - {name: dv, datatype: float32}
# - {name: sigma, datatype: float32}
# - {name: dsigma, datatype: float32}
# - {name: h3, datatype: float32}
# - {name: dh3, datatype: float32}
# - {name: h4, datatype: float32}
# - {name: dh4, datatype: float32}
# - {name: h5, datatype: float32}
# - {name: dh5, datatype: float32}
# - {name: h6, datatype: float32}
# - {name: dh6, datatype: float32}
# - {name: is_good, datatype: int64}
# - {name: n_gh, datatype: int64}
# meta: !!omap
# - PSF:
#     sigma: [0.746761475444327, 4.616470105622174]
#     weight: [0.9731804457762667, 0.026819554223733277]
# schema: astropy-2.0
vbin_id v dv sigma dsigma h3 dh3 h4 dh4 h5 dh5 h6 dh6 is_good n_gh
1 -133.1628 5.9582 136.48991 8.9029 0.0649 0.04970065 0.0614 0.03402792 0.0 0.1 0.0 0.1 1 6
2 -128.26 4.6773 131.33232 4.706 0.092 0.034258574 0.0165 0.036041565 0.0 0.1 0.0 0.1 1 6
3 -114.4855 5.104 142.35155 6.5861 0.0776 0.04006194 -0.0057 0.047728796 0.0 0.1 0.0 0.1 1 6
4 -99.6478 4.4094 143.26021 8.4104 -0.0118 0.032795906 0.0175 0.04043013 0.0 0.1 0.0 0.1 1 6
5 -77.1274 5.1491 146.08124 12.258 -0.0344 0.043192595 0.0322 0.061930172 0.0 0.1 0.0 0.1 1 6
6 -65.8522 8.8605 144.22011 18.1752 0.014 0.056142323 0.0293 0.08893518 0.0 0.1 0.0 0.1 1 6
7 -51.601 5.5484 121.80577 7.1617 -0.0147 0.056057923 -0.0042 0.03953083 0.0 0.1 0.0 0.1 1 6
8 -35.5546 8.5143 118.110504 5.8373 -0.0466 0.07212235 0.0821 0.06658133 0.0 0.1 0.0 0.1 1 6
9 -134.0493 5.9989 134.7654 19.1885 -0.0058 0.051992916 0.0593 0.12619019 0.0 0.1 0.0 0.1 1 6
10 -132.4059 5.8267 139.1312 6.222 0.0357 0.0449857 0.094 0.03468167 0.0 0.1 0.0 0.1 1 6
11 -119.8672 4.2336 142.76 6.8929 0.0525 0.026661629 -0.0208 0.0354507 0.0 0.1 0.0 0.1 1 6
12 -101.9293 4.318 150.27861 6.2527 0.0449 0.03135803 -0.0612 0.033252757 0.0 0.1 0.0 0.1 1 6
13 -98.6559 3.4239 151.87294 7.3977 -0.0305 0.02893613 0.0325 0.040979005 0.0 0.1 0.0 0.1 1 6
14 -87.5316 5.0921 146.38806 6.6262 -0.0364 0.025928976 0.0452 0.030730091 0.0 0.1 0.0 0.1 1 6
15 -75.5747 4.3045 158.47565 7.2479 0.009 0.023817703 0.02 0.029286949 0.0 0.1 0.0 0.1 1 6
16 -59.2367 4.6507 150.10484 7.7356 0.0134 0.033039924 0.0428 0.04023019 0.0 0.1 0.0 0.1 1 6
17 -57.7397 5.1404 140.85066 9.3625 0.0193 0.033191815 0.0531 0.049371112 0.0 0.1 0.0 0.1 1 6
18 -38.8066 5.7303 129.57535 8.0647 0.0826 0.049816627 0.0434 0.050461058 0.0 0.1 0.0 0.1 1 6
19 -15.4004 7.3731 144.4863 9.9525 -0.054 0.045123175 0.1014 0.061390046 0.0 0.1 0.0 0.1 1 6
20 -129.1108 7.3454 124.14643 11.3838 -0.0527 0.06741769 0.0586 0.08584673 0.0 0.1 0.0 0.1 1 6
21 -119.5026 7.6537 114.7819 5.6482 -0.0542 0.064116575 0.0998 0.04321995 0.0 0.1 0.0 0.1 1 6
22 -109.8256 10.1801 140.5406 19.6154 -0.0423 0.075225525 0.0342 0.13177668 0.0 0.1 0.0 0.1 1 6
23 -112.374 2.9956 146.3554 6.7733 -0.0266 0.024685185 0.0051 0.0355404 0.0 0.1 0.0 0.1 1 6
24 -101.5045 4.1567 155.38507 4.9034 -0.0267 0.029432328 -0.0367 0.025779992 0.0 0.1 0.0 0.1 1 6
25 -106.0355 3.0827 160.35652 5.7753 -0.037 0.022346403 0.0111 0.023482708 0.0 0.1 0.0 0.1 1 6
26 -86.9313 2.934 158.54799 4.04 -0.0882 0.02028041 0.049 0.02312955 0.0 0.1 0.0 0.1 1 6
27 -72.9175 3.3636 162.04355 4.303 -0.0647 0.018630318 0.0277 0.028530635 0.0 0.1 0.0 0.1 1 6
28 -67.5234 3.0433 161.39276 5.1576 -0.0108 0.015771074 0.0444 0.02521249 0.0 0.1 0.0 0.1 0 6
29 -56.3984 3.7252 176.38718 4.3387 0.0282 0.019676903 0.0146 0.02048582 0.0 0.1 0.0 0.1 1 6
30 -36.5824 4.8762 166.14066 10.0367 -0.0131 0.026877644 0.0251 0.04610342 0.0 0.1 0.0 0.1 1 6
31 -20.6384 4.8173 153.48259 7.4509 -0.0772 0.029543666 0.0589 0.034184497 0.0 0.1 0.0 0.1 1 6
32 12.2891 3.8109 152.05238 7.2421 -0.0643 0.029793948 -0.017 0.03839384 0.0 0.1 0.0 0.1 1 6
33 -118.4961 5.8606 130.769 8.2384 0.0042 0.0453949 0.0448 0.04959074 0.0 0.1 0.0 0.1 1 6
34 -108.4822 5.6784 130.66147 10.5007 -0.0484 0.034184553 0.0147 0.05811967 0.0 0.1 0.0 0.1 1 6
35 -120.2676 5.307 148.89777 12.4586 0.0291 0.03148541 0.0667 0.06500363 0.0 0.1 0.0 0.1 1 6
36 -116.0709 3.604 151.60582 7.6728 0.0046 0.020625267 0.0465 0.03512537 0.0 0.1 0.0 0.1 1 6
37 -108.5919 2.882 158.35239 2.7959 -0.0224 0.01850111 -0.0011 0.01756585 0.0 0.1 0.0 0.1 1 6
38 -112.3686 3.6136 172.58261 4.5989 0.0108 0.020194195 0.01 0.020426624 0.0 0.1 0.0 0.1 0 6
39 -101.2827 2.4927 191.2977 3.3394 -0.0059 0.016595036 -0.0033 0.014752212 0.0 0.1 0.0 0.1 0 6
40 -81.2176 2.9333 193.53294 2.583 -0.015 0.015472012 -0.0248 0.014768047 0.0 0.1 0.0 0.1 0 6
41 -64.1198 2.5574 191.73251 3.6278 -0.0007 0.015755072 -0.0233 0.014695594 0.0 0.1 0.0 0.1 0 6
42 -44.5867 2.9375 188.97343 3.8225 0.007 0.018809116 0.0286 0.017282909 0.0 0.1 0.0 0.1 0 6
43 -20.3866 3.2348 176.44514 5.3002 -0.0439 0.017844403 0.0586 0.026221965 0.0 0.1 0.0 0.1 0 6
44 6.1304 2.4595 156.87787 5.2313 -0.0632 0.02007344 0.0103 0.02334691 0.0 0.1 0.0 0.1 0 6
45 12.6564 3.7439 158.78203 3.84 -0.0306 0.02104974 -0.017 0.02599604 0.0 0.1 0.0 0.1 1 6
46 27.943 4.573 159.07541 5.6362 -0.027 0.030541668 0.0157 0.026110537 0.0 0.1 0.0 0.1 1 6
47 -121.4409 4.5405 131.94781 9.9478 0.0473 0.045629416 -0.0939 0.07151962 0.0 0.1 0.0 0.1 1 6
48 -116.9232 5.3076 137.756 6.1213 0.0731 0.031157795 0.0915 0.02417474 0.0 0.1 0.0 0.1 1 6
49 -107.4016 5.4985 134.17026 5.9382 0.0594 0.032852374 0.0468 0.03272144 0.0 0.1 0.0 0.1 1 6
50 -102.8873 2.9601 141.23885 6.7035 -0.0219 0.019374372 0.0428 0.031247502 0.0 0.1 0.0 0.1 1 6
51 -106.4244 3.1353 160.80089 5.0607 -0.0134 0.019821484 -0.0069 0.028537711 0.0 0.1 0.0 0.1 1 6
52 -106.9678 2.869 170.74554 4.2921 -0.0025 0.018668294 -0.0014 0.02513063 0.0 0.1 0.0 0.1 0 6
53 -118.0107 2.3326 189.82068 2.7975 0.0033 0.012639845 0.0044 0.014288279 0.0 0.1 0.0 0.1 0 6
54 -122.5698 2.3913 204.66661 2.6983 0.0307 0.013141166 -0.0098 0.015871055 0.0 0.1 0.0 0.1 0 6
55 -104.2928 2.9439 220.62137 3.0507 0.0264 0.013586798 -0.009 0.014367237 0.0 0.1 0.0 0.1 0 6
56 -70.6887 2.8294 217.06364 3.1908 0.0025 0.016871 0.0182 0.01450274 0.0 0.1 0.0 0.1 0 6
57 -43.5648 2.6419 206.58737 3.0653 0.0002 0.012261793 0.0011 0.015347982 0.0 0.1 0.0 0.1 0 6
58 -15.8207 2.3302 197.69525 3.4204 -0.0172 0.013309794 0.0159 0.016479919 0.0 0.1 0.0 0.1 0 6
59 10.8085 2.9157 170.70743 4.3014 -0.0267 0.022146791 0.0259 0.02325829 0.0 0.1 0.0 0.1 0 6
60 23.0299 3.4296 161.28378 5.9467 -0.008 0.022681635 0.0162 0.032731816 0.0 0.1 0.0 0.1 0 6
61 44.3057 5.8417 144.4866 6.4614 -0.111 0.043527544 0.0266 0.048103135 0.0 0.1 0.0 0.1 1 6
62 43.7382 3.7611 149.19806 5.7038 -0.04 0.035972692 -0.0917 0.029166523 0.0 0.1 0.0 0.1 1 6
63 -106.5327 6.3426 123.776306 8.9737 0.0172 0.048171885 -0.0195 0.04940665 0.0 0.1 0.0 0.1 1 6
64 -92.9377 5.9916 132.1428 12.4308 0.0169 0.044058368 0.031 0.06509319 0.0 0.1 0.0 0.1 1 6
65 -86.9974 4.1339 147.08997 5.5722 -0.0671 0.025429506 0.0045 0.031594634 0.0 0.1 0.0 0.1 1 6
66 -103.0361 2.5974 166.48737 3.1066 0.0052 0.018831575 -0.055 0.021113157 0.0 0.1 0.0 0.1 1 6
67 -113.3833 2.9419 178.66882 3.2503 0.0383 0.016245024 -0.0115 0.017356856 0.0 0.1 0.0 0.1 0 6
68 -129.0582 2.5109 198.41365 3.1395 0.0244 0.012782803 0.0047 0.01614792 0.0 0.1 0.0 0.1 0 6
69 -139.684 2.1656 212.00444 2.3906 0.0523 0.015876317 -0.0058 0.015157145 0.0 0.1 0.0 0.1 0 6
70 -125.3832 2.5807 230.0826 2.5959 0.0494 0.014006441 0.0094 0.014195251 0.0 0.1 0.0 0.1 0 6
71 -79.6869 2.461 248.3441 2.2034 0.0245 0.012391191 0.008 0.012912935 0.0 0.1 0.0 0.1 0 6
72 -28.1761 2.1884 246.83788 2.1336 0.0028 0.012024151 0.0072 0.012376527 0.0 0.1 0.0 0.1 0 6
73 0.7579 2.0657 223.75667 2.9859 -0.0149 0.01258244 -0.0027 0.011910147 0.0 0.1 0.0 0.1 0 6
74 24.9083 2.7849 201.02501 3.3319 0.0189 0.015515603 0.0113 0.020120354 0.0 0.1 0.0 0.1 0 6
75 37.6332 3.7449 169.46558 7.7356 -0.0347 0.0218135 0.0441 0.046284456 0.0 0.1 0.0 0.1 0 6
76 40.1843 3.6098 129.95166 4.7206 -0.0666 0.024541907 0.0954 0.019850662 0.0 0.1 0.0 0.1 1 6
77 49.314 4.8061 126.59167 6.5974 0.0332 0.035247564 0.0613 0.04203681 0.0 0.1 0.0 0.1 1 6
78 45.4899 6.2393 120.54483 6.7186 0.0429 0.051315766 0.0916 0.03555979 0.0 0.1 0.0 0.1 1 6
79 -86.7771 5.0517 139.686 6.3569 -0.023 0.038485456 -0.0688 0.04505014 0.0 0.1 0.0 0.1 1 6
80 -87.7251 4.1664 158.0609 4.6733 0.0341 0.022383066 -0.035 0.025224248 0.0 0.1 0.0 0.1 1 6
81 -78.6835 3.3954 161.39108 3.666 -0.0269 0.020919198 -0.0603 0.021465586 0.0 0.1 0.0 0.1 1 6
82 -83.1459 3.5569 171.0117 3.9211 -0.0317 0.022500174 -0.0441 0.023601333 0.0 0.1 0.0 0.1 1 6
83 -100.8485 2.7535 184.87675 3.9378 -0.0132 0.018508613 0.0147 0.017686501 0.0 0.1 0.0 0.1 0 6
84 -124.2347 2.4489 210.38922 3.2308 0.0514 0.013785798 0.0103 0.0155886 0.0 0.1 0.0 0.1 0 6
85 -139.4126 2.5999 219.34761 3.3482 0.0704 0.014092999 0.0149 0.014567543 0.0 0.1 0.0 0.1 0 6
86 -118.6366 2.7302 244.62048 3.0646 0.0722 0.013662657 0.0306 0.014021156 0.0 0.1 0.0 0.1 0 6
87 -54.757 3.0951 277.41556 3.0114 0.0285 0.011884146 0.0139 0.01355048 0.0 0.1 0.0 0.1 0 6
88 9.1854 2.4732 271.68454 2.5359 -0.0221 0.01117138 0.0165 0.011626059 0.0 0.1 0.0 0.1 0 6
89 45.0686 2.3226 239.23051 2.8738 -0.0379 0.01260956 0.0416 0.013373211 0.0 0.1 0.0 0.1 0 6
90 54.9156 1.8964 205.8189 2.9446 -0.025 0.013642727 0.0151 0.014812007 0.0 0.1 0.0 0.1 0 6
91 59.8667 2.835 183.12598 3.5533 -0.048 0.016939662 0.0358 0.017815582 0.0 0.1 0.0 0.1 0 6
92 48.599 3.2298 152.15245 4.8056 0.0018 0.02139529 0.117 0.023286536 0.0 0.1 0.0 0.1 1 6
93 51.5245 5.1682 147.66496 12.9347 0.0494 0.03783623 0.0778 0.08449814 0.0 0.1 0.0 0.1 1 6
94 52.8386 5.4496 142.73868 9.9429 0.0269 0.043287992 0.0517 0.05435163 0.0 0.1 0.0 0.1 1 6
95 -82.2513 4.7946 139.64842 5.9984 0.0042 0.035244275 0.0024 0.02971058 0.0 0.1 0.0 0.1 1 6
96 -73.3344 5.3798 147.57097 7.3712 0.0334 0.026727201 -0.0074 0.03884999 0.0 0.1 0.0 0.1 1 6
97 -77.6086 3.562 165.54741 3.7359 -0.02 0.022817513 -0.059 0.020706939 0.0 0.1 0.0 0.1 1 6
98 -73.5674 2.0941 177.80983 3.3501 -0.0559 0.017126543 -0.0267 0.017998863 0.0 0.1 0.0 0.1 0 6
99 -82.3696 2.3598 192.633 3.4402 0.005 0.015858695 0.0268 0.015281941 0.0 0.1 0.0 0.1 0 6
100 -95.3243 2.2324 220.12881 2.375 0.0517 0.013828493 -0.0123 0.01512331 0.0 0.1 0.0 0.1 0 6
101 -98.6934 2.9798 243.49237 2.8269 0.0541 0.012188083 0.0033 0.013937857 0.0 0.1 0.0 0.1 0 6
102 -71.712 2.6816 270.79993 2.9118 0.046 0.012654231 0.0268 0.01294901 0.0 0.1 0.0 0.1 0 6
103 -0.7579 2.7208 288.62137 2.8904 -0.0162 0.012720149 0.0103 0.012924807 0.0 0.1 0.0 0.1 0 6
104 55.2429 2.5499 270.7403 3.1986 -0.0585 0.012163234 0.0179 0.013813023 0.0 0.1 0.0 0.1 0 6
105 89.368 2.1469 240.33238 2.9076 -0.0694 0.013527573 0.0401 0.012543466 0.0 0.1 0.0 0.1 0 6
106 79.0762 3.0472 215.97397 2.8952 -0.0218 0.014456821 0.0025 0.017599076 0.0 0.1 0.0 0.1 0 6
107 78.2522 3.0778 190.42903 2.3058 -0.0208 0.017532999 0.0213 0.015024424 0.0 0.1 0.0 0.1 0 6
108 74.8426 3.7091 167.39374 4.4625 -0.0057 0.018627428 0.0459 0.02249664 0.0 0.1 0.0 0.1 0 6
109 75.4249 3.8576 146.21397 13.2111 0.007 0.029733647 0.1076 0.07904085 0.0 0.1 0.0 0.1 1 6
110 72.0837 3.9856 137.31752 6.0841 -0.0194 0.03028781 0.1007 0.03132038 0.0 0.1 0.0 0.1 1 6
111 80.7109 5.9093 124.755745 4.7704 -0.052 0.042624813 0.1257 0.046369664 0.0 0.1 0.0 0.1 1 6
112 -62.7676 6.6647 133.01231 7.3092 -0.1268 0.040051762 0.0586 0.04595823 0.0 0.1 0.0 0.1 1 6
113 -66.6052 2.4416 141.02705 6.7448 -0.0507 0.025458802 -0.0309 0.03426779 0.0 0.1 0.0 0.1 1 6
114 -75.6663 3.7947 141.58662 7.0554 -0.0464 0.025049238 -0.0059 0.035855707 0.0 0.1 0.0 0.1 1 6
115 -70.3364 2.9829 167.24358 4.3573 -0.0381 0.022910926 -0.0011 0.024549985 0.0 0.1 0.0 0.1 1 6
116 -66.4126 2.8037 182.95555 3.4653 -0.0018 0.016960928 -0.0033 0.0155048715 0.0 0.1 0.0 0.1 0 6
117 -64.8942 2.7744 210.71399 3.5592 0.0204 0.015588987 0.0034 0.0137271 0.0 0.1 0.0 0.1 0 6
118 -49.7611 2.5217 243.67705 2.9452 0.0196 0.011726517 -0.0105 0.014815058 0.0 0.1 0.0 0.1 0 6
119 -13.3865 2.8129 267.58408 2.1356 -0.0045 0.011115014 0.0057 0.012432396 0.0 0.1 0.0 0.1 0 6
120 45.5647 2.7526 273.21347 2.33 -0.0594 0.012328576 0.0023 0.013683861 0.0 0.1 0.0 0.1 0 6
121 104.2799 2.141 240.81454 2.5437 -0.1102 0.01215864 0.0042 0.013022914 0.0 0.1 0.0 0.1 0 6
122 125.2566 2.4595 217.34547 2.6356 -0.1272 0.012367069 0.0083 0.013648143 0.0 0.1 0.0 0.1 0 6
123 101.9086 2.1084 213.2108 2.4325 -0.046 0.012770841 -0.0122 0.014579782 0.0 0.1 0.0 0.1 0 6
124 86.2267 2.0405 186.37762 3.0973 -0.0116 0.015682358 -0.0132 0.017499976 0.0 0.1 0.0 0.1 0 6
125 79.5935 2.9333 173.65802 3.3989 -0.0049 0.015399637 -0.0226 0.019434957 0.0 0.1 0.0 0.1 1 6
126 85.0644 4.1171 158.46233 5.2969 0.0247 0.022296034 0.0722 0.024194952 0.0 0.1 0.0 0.1 1 6
127 86.4478 4.7088 131.56699 6.0469 -0.0427 0.028463162 0.0428 0.032734342 0.0 0.1 0.0 0.1 1 6
128 94.2048 5.5592 146.21796 12.3693 -0.0718 0.037887994 0.0021 0.06694558 0.0 0.1 0.0 0.1 1 6
129 -55.4988 7.7928 139.32628 12.881 -0.0854 0.06078051 -0.0331 0.074886 0.0 0.1 0.0 0.1 1 6
130 -55.4451 5.1285 134.49292 6.7053 -0.0849 0.041999213 -0.0507 0.04314931 0.0 0.1 0.0 0.1 1 6
131 -44.9255 2.5345 153.07866 5.5989 -0.0704 0.020542877 -0.0266 0.035442837 0.0 0.1 0.0 0.1 1 6
132 -37.6022 3.2624 184.33873 3.914 -0.0312 0.017490523 -0.0255 0.023446506 0.0 0.1 0.0 0.1 0 6
133 -37.3868 2.3852 201.53049 4.1199 -0.02 0.014786099 0.0217 0.01525998 0.0 0.1 0.0 0.1 0 6
134 -18.2444 1.9029 219.96944 3.6198 0.018 0.012698305 0.0214 0.015259003 0.0 0.1 0.0 0.1 0 6
135 16.5669 2.4704 232.47136 3.0242 -0.017 0.0134568885 -0.0049 0.014770133 0.0 0.1 0.0 0.1 0 6
136 61.3096 2.2516 243.47252 3.4211 -0.042 0.013623348 0.0002 0.012716798 0.0 0.1 0.0 0.1 0 6
137 105.2518 1.9578 226.14238 3.409 -0.076 0.013988979 0.0188 0.012782552 0.0 0.1 0.0 0.1 0 6
138 129.6446 2.6106 207.2156 2.974 -0.0947 0.015609604 0.0116 0.015099249 0.0 0.1 0.0 0.1 0 6
139 117.4025 2.3595 195.50496 2.9056 -0.061 0.0136207575 0.0094 0.017472815 0.0 0.1 0.0 0.1 0 6
140 99.9022 2.9415 179.00473 3.1445 -0.0244 0.018183414 -0.0114 0.019995641 0.0 0.1 0.0 0.1 0 6
141 82.5397 2.6115 182.95062 3.7923 0.0519 0.019333875 -0.0322 0.01796755 0.0 0.1 0.0 0.1 1 6
142 89.3618 3.466 157.88293 3.982 0.0633 0.024747565 0.0285 0.02530208 0.0 0.1 0.0 0.1 1 6
143 92.8571 5.5125 128.45479 14.3003 0.0048 0.0452975 0.0561 0.09222798 0.0 0.1 0.0 0.1 1 6
144 103.564 5.7026 132.32152 9.5588 -0.0726 0.036344584 0.0299 0.050305683 0.0 0.1 0.0 0.1 1 6
145 -39.7915 4.7837 142.47911 6.0785 -0.0621 0.033951603 -0.1146 0.035753094 0.0 0.1 0.0 0.1 1 6
146 -35.8447 7.4841 128.10147 16.717 0.0379 0.039396893 0.0458 0.1071371 0.0 0.1 0.0 0.1 1 6
147 -19.0714 3.5734 170.77242 6.3255 -0.0277 0.024105951 -0.0197 0.033965822 0.0 0.1 0.0 0.1 0 6
148 -17.0378 2.6412 186.15164 3.1282 -0.0061 0.015278478 -0.0252 0.018607998 0.0 0.1 0.0 0.1 0 6
149 1.7545 2.726 190.15036 3.0004 1e-04 0.017024973 0.0569 0.019370873 0.0 0.1 0.0 0.1 0 6
150 28.2561 2.7062 205.0675 3.0585 -0.0125 0.014728412 0.0279 0.016242776 0.0 0.1 0.0 0.1 0 6
151 62.8015 2.6677 212.9191 2.9169 -0.0294 0.015139446 0.0072 0.014620606 0.0 0.1 0.0 0.1 0 6
152 93.1045 2.7896 206.39922 2.6192 -0.0289 0.014571144 0.0216 0.014673985 0.0 0.1 0.0 0.1 0 6
153 110.5596 1.9003 199.14531 2.4112 -0.0525 0.014341401 -0.0249 0.014824044 0.0 0.1 0.0 0.1 0 6
154 113.9777 2.6793 188.66493 2.5807 -0.0516 0.016015422 -0.0223 0.017682342 0.0 0.1 0.0 0.1 0 6
155 103.1243 2.6283 179.27846 3.0039 -0.0157 0.01514392 -0.0386 0.020020155 0.0 0.1 0.0 0.1 0 6
156 91.2556 2.6532 164.13852 3.7782 -0.001 0.01633532 0.0024 0.021001779 0.0 0.1 0.0 0.1 1 6
157 89.1343 4.2064 148.73428 5.0932 0.0229 0.027290884 0.0316 0.030235775 0.0 0.1 0.0 0.1 1 6
158 84.8162 6.136 142.12747 13.0645 0.0694 0.038970474 0.0521 0.0719533 0.0 0.1 0.0 0.1 1 6
159 108.3784 5.3246 139.27325 6.2039 0.0094 0.035172563 0.1117 0.035644725 0.0 0.1 0.0 0.1 1 6
160 -34.0164 7.0112 118.14253 16.2791 0.0489 0.057968915 0.001 0.10716092 0.0 0.1 0.0 0.1 1 6
161 -19.3042 3.872 156.37628 5.515 0.0092 0.020228252 -0.0715 0.032882243 0.0 0.1 0.0 0.1 1 6
162 -7.2073 3.8454 179.58087 4.5811 0.0022 0.024427399 -0.1092 0.026337221 0.0 0.1 0.0 0.1 0 6
163 21.0288 2.8703 173.26607 4.7586 -0.0362 0.017846117 0.0056 0.020214025 0.0 0.1 0.0 0.1 0 6
164 35.9055 3.2428 170.88959 5.7507 -0.001 0.020978052 0.0475 0.03280464 0.0 0.1 0.0 0.1 0 6
165 60.2423 2.7902 186.9168 4.7089 0.0048 0.017399432 0.0057 0.023393497 0.0 0.1 0.0 0.1 0 6
166 78.8964 2.2307 177.80678 3.4447 -0.0107 0.018010108 0.0157 0.021646323 0.0 0.1 0.0 0.1 0 6
167 94.175 2.3395 178.30144 3.7647 -0.0335 0.016113205 -0.0013 0.017669717 0.0 0.1 0.0 0.1 0 6
168 100.4794 3.0534 171.59099 3.2707 -0.0384 0.01840838 -0.0068 0.018243294 0.0 0.1 0.0 0.1 0 6
169 99.4509 2.689 163.29588 3.2446 -0.0441 0.020133203 -0.0191 0.019354919 0.0 0.1 0.0 0.1 1 6
170 103.8037 3.5873 153.79411 6.3385 -0.0858 0.021100404 -0.0217 0.03776819 0.0 0.1 0.0 0.1 1 6
