data/processed/NGC5845-h6/gauss_hermite_kins.ecsv
# %ECSV 1.0
# ---
# datatype:
# - {name: vbin_id, datatype: int64}
# - {name: v, datatype: float32}
# - {name: dv, datatype: float32}
# - {name: sigma, datatype: float32}
# - {name: dsigma, datatype: float32}
# - {name: h3, datatype: float32}
# - {name: dh3, datatype: float32}
# - {name: h4, datatype: float32}
# - {name: dh4, datatype: float32}
# - {name: h5, datatype: float32}
# - {name: dh5, datatype: float32}
# - {name: h6, datatype: float32}
# - {name: dh6, datatype: float32}
# - {name: is_good, datatype: int64}
# - {name: n_gh, datatype: int64}
# meta: !!omap
# - PSF:
#     sigma:
#     - [0.4278574033096264, 1.4696945928287308]
#     - [0.746761475444327, 4.616470105622174]
#     weight:
#     - [0.7699515885757993, 0.23004841142420074]
#     - [0.9731804457762667, 0.026819554223733277]
# - aperture_exprs: [_o, _s]
# schema: astropy-2.0
vbin_id v dv sigma dsigma h3 dh3 h4 dh4 h5 dh5 h6 dh6 is_good n_gh
[from data line 512]
513 85.6576 3.4916 163.02237 8.1462 -0.0236 0.027772788 -0.0029 0.04108775 0.0 0.1 0.0 0.1 1 6
514 91.9954 4.2321 147.8796 6.0407 -0.0017 0.024551919 0.0439 0.030899197 0.0 0.1 0.0 0.1 1 6
515 106.9826 4.5877 150.85172 6.3239 -0.0334 0.026200328 -0.0297 0.032049898 0.0 0.1 0.0 0.1 1 6
516 108.5638 3.8745 157.9536 7.3002 -0.0763 0.034466404 -0.0367 0.0375544 0.0 0.1 0.0 0.1 1 6
517 128.9839 7.2008 136.1727 12.187 -0.0783 0.051661067 0.0109 0.073432334 0.0 0.1 0.0 0.1 1 6
518 41.4202 6.9967 134.51938 12.463 -0.0356 0.050786026 0.0489 0.0678858 0.0 0.1 0.0 0.1 1 6
519 48.9318 6.1003 146.51427 21.3789 0.0141 0.03615299 0.0207 0.117691845 0.0 0.1 0.0 0.1 1 6
520 68.3016 6.6362 126.78539 10.1543 -0.0156 0.05102783 0.059 0.06411051 0.0 0.1 0.0 0.1 1 6
521 77.8768 4.7272 136.08829 5.3377 -0.0059 0.03745455 0.1011 0.027388128 0.0 0.1 0.0 0.1 1 6
522 94.0355 5.5254 144.79877 8.1566 -0.0466 0.03528287 0.0486 0.041887432 0.0 0.1 0.0 0.1 1 6
523 107.9125 8.052 146.57286 12.5361 -0.0082 0.044325374 -0.0201 0.06566073 0.0 0.1 0.0 0.1 1 6
524 117.6295 5.1539 139.99692 7.0587 -0.051 0.047749273 -0.08 0.040853936 0.0 0.1 0.0 0.1 1 6
525 128.568 5.6629 133.16519 8.0167 -0.0672 0.04305157 -0.016 0.059273366 0.0 0.1 0.0 0.1 1 6
526 3.4807 4.523 137.81544 6.8217 -0.0453 0.02941311 -0.0774 0.046058357 0.0 0.1 0.0 0.1 1 6
527 22.6444 7.6115 148.94753 12.2593 0.0089 0.04458338 -0.0056 0.054381732 0.0 0.1 0.0 0.1 1 6
528 12.3018 8.8207 128.02083 15.436 -0.0315 0.07872862 0.0737 0.09977613 0.0 0.1 0.0 0.1 1 6
529 -25.1343 8.4935 138.9715 15.2287 -0.0387 0.048259526 -0.0166 0.081771865 0.0 0.1 0.0 0.1 1 6
530 2.9347 9.2597 150.2384 20.592 0.034 0.05818169 -0.0049 0.112615384 0.0 0.1 0.0 0.1 1 6
531 27.3561 12.3801 127.72966 13.9252 -0.0408 0.102296196 0.0704 0.09120172 0.0 0.1 0.0 0.1 1 6
532 -30.6815 7.7588 133.09306 13.8578 0.0083 0.05911464 -0.0179 0.064844 0.0 0.1 0.0 0.1 1 6
533 21.233 7.1873 137.6949 6.7602 0.0178 0.03891126 -0.0431 0.04507615 0.0 0.1 0.0 0.1 1 6
534 -48.8768 5.602 126.70581 9.071 -0.0219 0.042392977 -0.0275 0.05208294 0.0 0.1 0.0 0.1 1 6
535 -20.9973 7.0494 159.93306 13.6583 0.0086 0.04249604 -0.0537 0.06202911 0.0 0.1 0.0 0.1 1 6
536 42.9141 8.7741 120.72049 11.3996 -0.09 0.05945029 -0.0331 0.061483793 0.0 0.1 0.0 0.1 1 6
537 11.3164 7.6626 118.488396 10.0522 0.0671 0.05787778 0.0422 0.052107133 0.0 0.1 0.0 0.1 1 6
538 5.2201 9.0678 142.32393 17.8459 -0.1085 0.047734354 -0.0796 0.09523675 0.0 0.1 0.0 0.1 1 6
539 1.7728 7.7679 139.89444 13.6542 0.0185 0.03533442 -0.014 0.06862741 0.0 0.1 0.0 0.1 1 6
540 -1.5554 6.7463 138.55411 10.3458 -0.0304 0.053843826 0.0136 0.050643384 0.0 0.1 0.0 0.1 1 6
541 23.0304 6.6769 145.04016 10.0287 -0.1332 0.057765216 -0.0449 0.048136722 0.0 0.1 0.0 0.1 1 6
542 -64.437 7.203 141.35707 9.2847 -0.0426 0.0393021 0.0439 0.05211277 0.0 0.1 0.0 0.1 1 6
543 -72.997 7.8957 140.32545 7.6092 -0.0182 0.04620303 0.0806 0.037279356 0.0 0.1 0.0 0.1 1 6
544 -45.2579 9.4846 124.11126 18.6793 0.0517 0.060153414 -0.0067 0.12352141 0.0 0.1 0.0 0.1 1 6
545 -45.682 6.7326 125.46093 10.6389 -0.0043 0.069416575 0.0348 0.051942356 0.0 0.1 0.0 0.1 1 6
546 42.9829 8.5953 140.96826 12.5119 -0.0894 0.055942774 -0.0 0.07654524 0.0 0.1 0.0 0.1 1 6
547 35.4788 7.6483 121.69111 6.9587 -0.0732 0.05316851 0.0084 0.036434095 0.0 0.1 0.0 0.1 1 6
548 39.4863 9.0079 125.91862 14.325 0.0255 0.05860338 -0.0509 0.069233194 0.0 0.1 0.0 0.1 1 6
549 54.632 4.653 133.07562 9.9646 0.0278 0.04153521 -0.0205 0.039899774 0.0 0.1 0.0 0.1 1 6
550 65.0756 8.3741 128.59644 14.6549 -0.0363 0.06081745 0.0026 0.0824645 0.0 0.1 0.0 0.1 1 6
551 -83.9504 12.3418 131.60458 13.7647 0.0841 0.092177406 0.0684 0.091190465 0.0 0.1 0.0 0.1 1 6
552 -54.4225 6.8198 139.72885 12.0306 -0.0175 0.048011307 0.0842 0.07617974 0.0 0.1 0.0 0.1 1 6
553 -27.6803 8.8341 136.11916 14.5182 0.0014 0.065344475 0.0423 0.071578614 0.0 0.1 0.0 0.1 1 6
554 33.5114 11.3127 117.67675 11.1323 0.0135 0.08350686 -0.0379 0.060797494 0.0 0.1 0.0 0.1 1 6
555 43.9849 6.9071 125.40328 8.4064 0.1035 0.050882682 0.0301 0.048599415 0.0 0.1 0.0 0.1 1 6
556 79.2042 4.817 115.01826 7.4063 -0.0136 0.03757427 0.0731 0.02518919 0.0 0.1 0.0 0.1 1 6
557 -3.5034 9.0817 137.76335 10.8574 0.0017 0.073537394 0.0861 0.0689374 0.0 0.1 0.0 0.1 1 6
558 -109.9636 8.6289 112.55349 6.7277 -0.0214 0.07624924 0.0534 0.04352131 0.0 0.1 0.0 0.1 1 6
559 23.0046 9.069 149.42738 11.7448 -0.0951 0.054312993 -0.0218 0.050478607 0.0 0.1 0.0 0.1 1 6
560 -60.1326 8.8683 133.8414 20.1947 0.0469 0.072794 0.0192 0.1344889 0.0 0.1 0.0 0.1 1 6
561 24.5619 11.8223 105.85596 19.5545 -0.0099 0.1310717 -0.0771 0.07847216 0.0 0.1 0.0 0.1 1 6
562 40.9346 6.348 105.3172 8.8399 0.0304 0.05261524 0.0704 0.022977542 0.0 0.1 0.0 0.1 1 6
563 91.1782 5.5768 127.97399 10.6526 -0.0184 0.05564502 0.0017 0.05367909 0.0 0.1 0.0 0.1 1 6
564 -116.2385 8.4139 126.39627 8.6495 -0.0183 0.05824954 -0.0212 0.04457138 0.0 0.1 0.0 0.1 1 6
565 -9.1473 10.5023 148.4745 9.8731 0.0226 0.04868152 0.0591 0.04493753 0.0 0.1 0.0 0.1 1 6
566 -101.5615 10.1352 122.60461 9.8489 0.0327 0.074433565 0.0452 0.063674554 0.0 0.1 0.0 0.1 1 6
567 -87.7415 5.4505 144.67572 8.3951 -0.0784 0.04324019 -0.0631 0.06267368 0.0 0.1 0.0 0.1 1 6
568 -88.2592 8.0793 118.77421 4.5881 0.1239 0.063680224 0.0561 0.047769397 0.0 0.1 0.0 0.1 1 6
569 -65.7253 9.4732 131.06583 26.7977 -0.0322 0.071188994 0.0301 0.15841335 0.0 0.1 0.0 0.1 1 6
570 116.8516 12.3211 134.22171 20.714 -0.0385 0.10581565 -0.0216 0.13424592 0.0 0.1 0.0 0.1 1 6
571 54.848 7.2462 132.25117 9.5242 -0.0019 0.053106498 -0.0634 0.05149824 0.0 0.1 0.0 0.1 1 6
572 70.8711 6.8593 118.48336 6.6987 0.018 0.0577961 0.0845 0.05197343 0.0 0.1 0.0 0.1 1 6
573 90.1727 7.1891 148.53688 11.7946 0.0684 0.051493976 -0.0345 0.046290737 0.0 0.1 0.0 0.1 1 6
574 -110.2753 5.3127 165.77336 5.1183 -0.0288 0.032340836 -0.1651 0.03428172 0.0 0.1 0.0 0.1 1 6
575 94.6968 11.3065 120.972176 11.1429 -0.0239 0.06612248 -0.0317 0.05119571 0.0 0.1 0.0 0.1 1 6
576 105.8213 6.5369 130.04974 8.7031 0.0598 0.048499677 0.0334 0.04544158 0.0 0.1 0.0 0.1 1 6
577 -128.2858 8.5069 125.12839 9.8349 0.0367 0.056418445 0.0196 0.067408025 0.0 0.1 0.0 0.1 1 6
578 -64.962 11.4126 133.83331 11.6456 0.0727 0.060845524 0.0505 0.0394483 0.0 0.1 0.0 0.1 1 6
579 -107.9558 10.434 101.39314 7.7619 0.0422 0.096030496 0.0142 0.052468747 0.0 0.1 0.0 0.1 1 6
580 2.406 17.1796 128.60252 16.0396 -0.0227 0.1428307 0.0203 0.101620756 0.0 0.1 0.0 0.1 1 6
581 31.5165 9.1664 115.60699 12.4948 -0.0449 0.07253492 0.0604 0.039979506 0.0 0.1 0.0 0.1 1 6
582 135.1417 4.9722 122.3649 9.6037 -0.148 0.052038804 0.0366 0.049292468 0.0 0.1 0.0 0.1 1 6
583 103.865 7.8813 129.87628 9.4873 0.0592 0.04871261 0.0753 0.04640799 0.0 0.1 0.0 0.1 1 6
584 -122.3439 8.959 123.83007 10.9725 0.0058 0.07051786 -0.0744 0.08953811 0.0 0.1 0.0 0.1 1 6
585 -131.22 7.6449 124.324615 14.9067 0.0367 0.056182023 0.0015 0.09468812 0.0 0.1 0.0 0.1 1 6
586 -34.3363 11.7625 169.44974 20.8159 0.0161 0.07542479 -0.0837 0.10861451 0.0 0.1 0.0 0.1 1 6
587 114.8564 8.2617 128.8163 7.6053 -0.0782 0.050462216 0.0785 0.036937237 0.0 0.1 0.0 0.1 1 6
588 112.3164 6.2476 133.91469 12.2048 -0.0151 0.048232224 0.0449 0.07298076 0.0 0.1 0.0 0.1 1 6
589 -134.2272 9.3354 122.26819 11.2742 -0.0698 0.064873815 0.0164 0.06413703 0.0 0.1 0.0 0.1 1 6
590 -89.0367 11.9142 105.91895 9.6598 0.0148 0.095087 0.0477 0.05054963 0.0 0.1 0.0 0.1 1 6
591 -124.6438 5.9812 145.47203 9.5923 -0.035 0.04453519 0.009 0.047177527 0.0 0.1 0.0 0.1 1 6
592 -74.455 9.386 114.48559 11.157 0.0383 0.072511256 0.0353 0.066317916 0.0 0.1 0.0 0.1 1 6
593 143.6803 6.1728 131.83305 7.7927 -0.0777 0.034979314 0.0576 0.03784217 0.0 0.1 0.0 0.1 1 6
594 -82.5416 8.9745 133.85872 18.0651 -0.013 0.06559233 0.0519 0.08586766 0.0 0.1 0.0 0.1 1 6
595 -13.0671 14.5505 117.372246 20.1583 -0.0365 0.12144302 -0.0067 0.14935325 0.0 0.1 0.0 0.1 1 6
596 -41.6102 14.7621 138.61752 18.544 0.1144 0.05881439 -0.0119 0.070493124 0.0 0.1 0.0 0.1 1 6
597 49.9355 9.0702 134.53586 11.379 0.0809 0.058275685 -0.0124 0.06514666 0.0 0.1 0.0 0.1 1 6
598 78.7894 8.0543 152.43689 6.7515 0.0299 0.06043754 -0.0843 0.037478875 0.0 0.1 0.0 0.1 1 6
599 141.4334 7.3583 128.12425 7.5121 -0.1474 0.045245282 0.0076 0.058696415 0.0 0.1 0.0 0.1 1 6
600 125.4662 8.234 122.984924 21.4716 0.0189 0.08885734 -0.0186 0.12567493 0.0 0.1 0.0 0.1 1 6
601 94.3556 6.6823 151.82002 10.9726 0.1492 0.04380756 -0.0176 0.036686182 0.0 0.1 0.0 0.1 1 6
602 -121.2048 4.9393 112.45069 11.992 0.0771 0.044927794 -0.0634 0.057384424 0.0 0.1 0.0 0.1 1 6
603 -119.128 10.0438 118.7845 12.2369 0.0164 0.07267703 -0.0323 0.06268109 0.0 0.1 0.0 0.1 1 6
604 -137.9725 6.2523 142.89375 8.2301 0.0073 0.042511106 -0.1923 0.05394198 0.0 0.1 0.0 0.1 1 6
605 51.4407 14.1626 114.49294 19.6506 -0.0087 0.115003124 -0.0177 0.09755536 0.0 0.1 0.0 0.1 1 6
606 -119.8831 6.6201 131.17407 11.5441 -0.0956 0.04966668 0.0136 0.06430289 0.0 0.1 0.0 0.1 1 6
607 97.8326 8.0939 145.07051 7.6545 -0.0485 0.057576153 -0.1571 0.050291955 0.0 0.1 0.0 0.1 1 6
608 53.9092 9.7026 143.97084 15.8818 0.0083 0.0738672 0.0481 0.08055051 0.0 0.1 0.0 0.1 1 6
609 129.3923 7.7824 130.92534 14.3397 -0.0866 0.04747087 -0.0188 0.08432825 0.0 0.1 0.0 0.1 1 6
610 -74.5111 9.6133 99.09259 13.5828 -0.012 0.09122334 0.0528 0.039774988 0.0 0.1 0.0 0.1 1 6
611 102.7023 6.4765 122.30441 9.9822 0.0747 0.044192005 0.0424 0.05490548 0.0 0.1 0.0 0.1 1 6
612 -161.5946 9.7757 114.009415 10.9964 0.1195 0.07482009 -0.0127 0.078925446 0.0 0.1 0.0 0.1 1 6
613 -128.4324 5.1724 142.63379 7.1445 0.0361 0.043939047 -0.131 0.04549692 0.0 0.1 0.0 0.1 1 6
614 143.7524 5.7402 121.75442 8.0776 -0.1486 0.044756576 0.005 0.028495172 0.0 0.1 0.0 0.1 1 6
615 143.2393 7.8231 115.27813 17.3232 -0.0409 0.05720884 -0.0006 0.12159598 0.0 0.1 0.0 0.1 1 6
616 -136.9631 6.9093 112.07931 14.8412 -0.068 0.059784412 -0.07 0.096485086 0.0 0.1 0.0 0.1 1 6
617 -133.371 6.5931 122.34589 10.7361 0.0949 0.0597808 -0.1488 0.054399002 0.0 0.1 0.0 0.1 1 6
618 -134.3641 10.8731 113.51486 15.6085 -0.0562 0.08322244 -0.012 0.09464452 0.0 0.1 0.0 0.1 1 6
619 -130.1025 6.3876 139.46834 7.5659 -0.1228 0.04858593 -0.0563 0.038899943 0.0 0.1 0.0 0.1 1 6
620 56.1472 14.693 116.02152 23.0804 0.025 0.098516 -0.0156 0.1216568 0.0 0.1 0.0 0.1 1 6
621 105.4663 11.7524 123.88288 16.9726 -0.0313 0.099257596 0.0346 0.10373566 0.0 0.1 0.0 0.1 1 6
622 122.7032 12.5431 129.43884 15.0883 -0.1193 0.08683216 -0.0078 0.10136463 0.0 0.1 0.0 0.1 1 6
623 137.8058 4.6793 117.06009 5.3072 -0.0603 0.046703722 0.091 0.030129509 0.0 0.1 0.0 0.1 1 6
624 -114.65 12.2 105.1492 11.8031 -0.0799 0.095968984 -0.0 0.08341947 0.0 0.1 0.0 0.1 1 6
625 81.2386 13.8432 102.86419 8.5102 -0.0406 0.116942465 0.0275 0.060541645 0.0 0.1 0.0 0.1 1 6
626 104.6802 15.061 109.532005 15.0219 -0.0561 0.13244054 0.0551 0.08595336 0.0 0.1 0.0 0.1 1 6
627 -121.936 10.7351 83.88638 21.6758 0.0207 0.106167406 0.0176 0.12299001 0.0 0.1 0.0 0.1 1 6
628 -82.0966 14.4058 135.57767 21.8414 0.0878 0.084176 -0.023 0.13248463 0.0 0.1 0.0 0.1 1 6
629 -42.3508 13.7834 101.01073 11.3193 0.0 0.11906302 -0.064 0.0971753 0.0 0.1 0.0 0.1 1 6
630 -157.2264 9.9859 120.30122 14.3014 0.0639 0.07542104 -0.0271 0.081540555 0.0 0.1 0.0 0.1 1 6
631 165.1909 2.6094 107.814835 5.2112 -0.269 0.01 -0.093 0.05102865 0.0 0.1 0.0 0.1 1 6
632 119.2376 8.0667 123.72622 15.4303 0.0226 0.061237678 -0.0434 0.104881845 0.0 0.1 0.0 0.1 1 6
633 -136.9974 8.342 120.90959 12.8614 -0.0699 0.06531284 -0.0142 0.07540564 0.0 0.1 0.0 0.1 1 6
634 -137.4919 12.2323 115.81877 18.124 0.0982 0.10972224 -0.044 0.10412931 0.0 0.1 0.0 0.1 1 6
635 20.3184 14.3098 140.06076 10.7018 0.0199 0.11781241 -0.1503 0.010246041 0.0 0.1 0.0 0.1 1 6
636 -109.9601 12.8067 118.352844 13.3041 0.0795 0.080384105 -0.0387 0.09060622 0.0 0.1 0.0 0.1 1 6
637 -156.1951 12.8507 90.1258 11.5243 -0.0288 0.14389865 0.0108 0.07790285 0.0 0.1 0.0 0.1 1 6
638 56.0095 14.9114 103.394966 18.5371 0.0312 0.11903914 -0.0156 0.13367912 0.0 0.1 0.0 0.1 1 6
639 -120.8334 12.379 91.67938 16.657 0.0709 0.12389873 -0.0246 0.11051754 0.0 0.1 0.0 0.1 1 6
640 -72.4362 15.2875 121.17808 15.5629 0.0241 0.116688706 0.0149 0.08529163 0.0 0.1 0.0 0.1 1 6
641 88.1017 10.1581 104.653076 9.9333 -0.039 0.090542026 0.0152 0.072815046 0.0 0.1 0.0 0.1 1 6
642 145.5967 10.1167 104.190765 9.1487 -0.0539 0.08595317 0.0481 0.059487555 0.0 0.1 0.0 0.1 1 6
643 -143.3995 7.6203 97.815994 7.0008 0.0402 0.066523544 0.0371 0.042988773 0.0 0.1 0.0 0.1 1 6
644 123.9989 5.0867 118.47948 6.7188 -0.1706 0.03976709 0.0079 0.045596838 0.0 0.1 0.0 0.1 1 6
645 120.5247 8.2352 107.33309 8.1511 0.0393 0.055302765 0.0414 0.07630402 0.0 0.1 0.0 0.1 1 6
646 150.0371 9.0151 95.599976 7.7038 -0.0842 0.07501995 -0.0378 0.055788934 0.0 0.1 0.0 0.1 1 6
647 112.5946 10.2329 108.13267 9.824 -0.0002 0.08700668 0.0483 0.04744922 0.0 0.1 0.0 0.1 1 6
648 -148.8247 14.7191 98.548065 18.4678 -0.0456 0.14596209 -0.0401 0.1128757 0.0 0.1 0.0 0.1 1 6
649 -127.0061 8.2796 118.29467 13.4711 0.1245 0.077742375 -0.0124 0.06733639 0.0 0.1 0.0 0.1 1 6
650 -124.166 10.0238 98.7442 9.9846 0.0234 0.08464743 0.0397 0.0559704 0.0 0.1 0.0 0.1 1 6
651 114.6542 8.2659 112.45951 8.4042 -0.1168 0.05223307 -0.0659 0.04893152 0.0 0.1 0.0 0.1 1 6
652 -156.7218 11.2348 101.435036 9.9714 0.0368 0.0967695 0.0256 0.06616116 0.0 0.1 0.0 0.1 1 6
653 -139.0488 8.4474 103.77958 7.1764 -0.0348 0.07738678 0.0553 0.037179634 0.0 0.1 0.0 0.1 1 6
654 -26.1946 27.8004 73.89627 32.4285 0.0094 0.16691536 -0.0077 0.14632311 0.0 0.1 0.0 0.1 1 6
655 -128.9043 13.4172 107.53186 13.9365 -0.0035 0.10003046 0.0373 0.08452067 0.0 0.1 0.0 0.1 1 6
656 134.3281 8.2681 97.62584 6.0256 -0.1447 0.05080782 -0.0171 0.044932976 0.0 0.1 0.0 0.1 1 6
657 -121.9933 9.5587 94.425964 11.7644 0.0646 0.079685636 0.0159 0.051537856 0.0 0.1 0.0 0.1 1 6
658 140.1765 13.0232 91.30075 9.0141 -0.056 0.13252166 0.0412 0.042981 0.0 0.1 0.0 0.1 1 6
659 143.6415 7.4594 117.61994 14.1074 -0.1132 0.056779213 -0.0287 0.08874434 0.0 0.1 0.0 0.1 1 6
660 131.8888 9.15 61.092884 12.8178 -0.0326 0.08868782 1e-04 0.07911873 0.0 0.1 0.0 0.1 1 6
661 -153.1332 9.5171 78.1957 6.1997 0.0226 0.09966132 0.0281 0.044486873 0.0 0.1 0.0 0.1 1 6
662 -101.1453 8.3163 119.36116 18.1825 -0.006 0.08139265 -0.007 0.10063786 0.0 0.1 0.0 0.1 1 6
663 117.3679 9.2586 120.793785 13.6785 -0.0494 0.0838389 -0.0536 0.069732495 0.0 0.1 0.0 0.1 1 6
664 -160.253 14.4227 88.82454 12.8452 0.0289 0.13191348 -0.0122 0.084814645 0.0 0.1 0.0 0.1 1 6
665 77.2612 16.3011 146.50061 22.0407 -0.0429 0.092942104 -0.119 0.0100019835 0.0 0.1 0.0 0.1 1 6
666 -119.957 17.6564 111.63127 20.0319 -0.0197 0.15929808 -0.0544 0.13677448 0.0 0.1 0.0 0.1 1 6
667 115.5095 10.9449 124.704605 19.7509 0.0114 0.086587414 -0.0342 0.101291426 0.0 0.1 0.0 0.1 1 6
668 45.1163 18.131 47.792744 34.2394 -0.0186 0.14136143 -0.0059 0.12395052 0.0 0.1 0.0 0.1 1 6
669 54.6114 26.2291 76.41826 22.5731 -0.0027 0.17162661 -0.0202 0.010330471 0.0 0.1 0.0 0.1 1 6
670 120.5188 6.9627 80.430626 22.0862 -0.0108 0.0646689 -0.0056 0.13052918 0.0 0.1 0.0 0.1 1 6
671 -145.1594 9.7319 95.74813 6.1015 0.0644 0.088794015 0.0384 0.05492519 0.0 0.1 0.0 0.1 1 6
672 127.398 12.79 95.09471 14.493 -0.0906 0.102952756 -0.0337 0.08825977 0.0 0.1 0.0 0.1 1 6
673 107.7183 11.859 109.92376 15.1393 -0.0917 0.085886486 -0.014 0.07051662 0.0 0.1 0.0 0.1 1 6
674 -147.298 6.251 102.48934 7.7541 0.1758 0.018937225 -0.0509 0.05267025 0.0 0.1 0.0 0.1 1 6
675 -35.3115 25.5485 84.37442 17.8523 0.0381 0.13920617 -0.0275 0.034211606 0.0 0.1 0.0 0.1 1 6
676 -119.0399 11.9205 103.94747 13.2883 0.0368 0.07281086 0.0312 0.051109046 0.0 0.1 0.0 0.1 1 6
677 -108.8814 11.1299 113.614716 12.1881 0.0071 0.08866554 0.051 0.03702889 0.0 0.1 0.0 0.1 1 6
678 108.0192 12.2455 119.94433 11.2984 -0.1271 0.06668693 -0.0275 0.07903171 0.0 0.1 0.0 0.1 1 6
679 -120.5813 10.2953 89.39017 16.3564 0.0951 0.0950298 -0.0594 0.10318414 0.0 0.1 0.0 0.1 1 6
