data/processed/NGC5845-h6/gauss_hermite_kins.ecsv
# %ECSV 1.0
# ---
# datatype:
# - {name: vbin_id, datatype: int64}
# - {name: v, datatype: float32}
# - {name: dv, datatype: float32}
# - {name: sigma, datatype: float32}
# - {name: dsigma, datatype: float32}
# - {name: h3, datatype: float32}
# - {name: dh3, datatype: float32}
# - {name: h4, datatype: float32}
# - {name: dh4, datatype: float32}
# - {name: h5, datatype: float32}
# - {name: dh5, datatype: float32}
# - {name: h6, datatype: float32}
# - {name: dh6, datatype: float32}
# - {name: is_good, datatype: int64}
# - {name: n_gh, datatype: int64}
# meta: !!omap
# - PSF:
#     sigma:
#     - [0.4278574033096264, 1.4696945928287308]
#     - [0.746761475444327, 4.616470105622174]
#     weight:
#     - [0.7699515885757993, 0.23004841142420074]
#     - [0.9731804457762667, 0.026819554223733277]
# - aperture_exprs: [_o, _s]
# schema: astropy-2.0
vbin_id v dv sigma dsigma h3 dh3 h4 dh4 h5 dh5 h6 dh6 is_good n_gh
[from data line 343]
344 -101.5045 4.1567 155.38507 4.9034 -0.0267 0.029432328 -0.0367 0.025779992 0.0 0.1 0.0 0.1 1 6
345 -106.0355 3.0827 160.35652 5.7753 -0.037 0.022346403 0.0111 0.023482708 0.0 0.1 0.0 0.1 1 6
346 -86.9313 2.934 158.54799 4.04 -0.0882 0.02028041 0.049 0.02312955 0.0 0.1 0.0 0.1 1 6
347 -72.9175 3.3636 162.04355 4.303 -0.0647 0.018630318 0.0277 0.028530635 0.0 0.1 0.0 0.1 1 6
348 -67.5234 3.0433 161.39276 5.1576 -0.0108 0.015771074 0.0444 0.02521249 0.0 0.1 0.0 0.1 0 6
349 -56.3984 3.7252 176.38718 4.3387 0.0282 0.019676903 0.0146 0.02048582 0.0 0.1 0.0 0.1 1 6
350 -36.5824 4.8762 166.14066 10.0367 -0.0131 0.026877644 0.0251 0.04610342 0.0 0.1 0.0 0.1 1 6
351 -20.6384 4.8173 153.48259 7.4509 -0.0772 0.029543666 0.0589 0.034184497 0.0 0.1 0.0 0.1 1 6
352 12.2891 3.8109 152.05238 7.2421 -0.0643 0.029793948 -0.017 0.03839384 0.0 0.1 0.0 0.1 1 6
353 -118.4961 5.8606 130.769 8.2384 0.0042 0.0453949 0.0448 0.04959074 0.0 0.1 0.0 0.1 1 6
354 -108.4822 5.6784 130.66147 10.5007 -0.0484 0.034184553 0.0147 0.05811967 0.0 0.1 0.0 0.1 1 6
355 -120.2676 5.307 148.89777 12.4586 0.0291 0.03148541 0.0667 0.06500363 0.0 0.1 0.0 0.1 1 6
356 -116.0709 3.604 151.60582 7.6728 0.0046 0.020625267 0.0465 0.03512537 0.0 0.1 0.0 0.1 1 6
357 -108.5919 2.882 158.35239 2.7959 -0.0224 0.01850111 -0.0011 0.01756585 0.0 0.1 0.0 0.1 1 6
358 -112.3686 3.6136 172.58261 4.5989 0.0108 0.020194195 0.01 0.020426624 0.0 0.1 0.0 0.1 0 6
359 -101.2827 2.4927 191.2977 3.3394 -0.0059 0.016595036 -0.0033 0.014752212 0.0 0.1 0.0 0.1 0 6
360 -81.2176 2.9333 193.53294 2.583 -0.015 0.015472012 -0.0248 0.014768047 0.0 0.1 0.0 0.1 0 6
361 -64.1198 2.5574 191.73251 3.6278 -0.0007 0.015755072 -0.0233 0.014695594 0.0 0.1 0.0 0.1 0 6
362 -44.5867 2.9375 188.97343 3.8225 0.007 0.018809116 0.0286 0.017282909 0.0 0.1 0.0 0.1 0 6
363 -20.3866 3.2348 176.44514 5.3002 -0.0439 0.017844403 0.0586 0.026221965 0.0 0.1 0.0 0.1 0 6
364 6.1304 2.4595 156.87787 5.2313 -0.0632 0.02007344 0.0103 0.02334691 0.0 0.1 0.0 0.1 0 6
365 12.6564 3.7439 158.78203 3.84 -0.0306 0.02104974 -0.017 0.02599604 0.0 0.1 0.0 0.1 1 6
366 27.943 4.573 159.07541 5.6362 -0.027 0.030541668 0.0157 0.026110537 0.0 0.1 0.0 0.1 1 6
367 -121.4409 4.5405 131.94781 9.9478 0.0473 0.045629416 -0.0939 0.07151962 0.0 0.1 0.0 0.1 1 6
368 -116.9232 5.3076 137.756 6.1213 0.0731 0.031157795 0.0915 0.02417474 0.0 0.1 0.0 0.1 1 6
369 -107.4016 5.4985 134.17026 5.9382 0.0594 0.032852374 0.0468 0.03272144 0.0 0.1 0.0 0.1 1 6
370 -102.8873 2.9601 141.23885 6.7035 -0.0219 0.019374372 0.0428 0.031247502 0.0 0.1 0.0 0.1 1 6
371 -106.4244 3.1353 160.80089 5.0607 -0.0134 0.019821484 -0.0069 0.028537711 0.0 0.1 0.0 0.1 1 6
372 -106.9678 2.869 170.74554 4.2921 -0.0025 0.018668294 -0.0014 0.02513063 0.0 0.1 0.0 0.1 0 6
373 -118.0107 2.3326 189.82068 2.7975 0.0033 0.012639845 0.0044 0.014288279 0.0 0.1 0.0 0.1 0 6
374 -122.5698 2.3913 204.66661 2.6983 0.0307 0.013141166 -0.0098 0.015871055 0.0 0.1 0.0 0.1 0 6
375 -104.2928 2.9439 220.62137 3.0507 0.0264 0.013586798 -0.009 0.014367237 0.0 0.1 0.0 0.1 0 6
376 -70.6887 2.8294 217.06364 3.1908 0.0025 0.016871 0.0182 0.01450274 0.0 0.1 0.0 0.1 0 6
377 -43.5648 2.6419 206.58737 3.0653 0.0002 0.012261793 0.0011 0.015347982 0.0 0.1 0.0 0.1 0 6
378 -15.8207 2.3302 197.69525 3.4204 -0.0172 0.013309794 0.0159 0.016479919 0.0 0.1 0.0 0.1 0 6
379 10.8085 2.9157 170.70743 4.3014 -0.0267 0.022146791 0.0259 0.02325829 0.0 0.1 0.0 0.1 0 6
380 23.0299 3.4296 161.28378 5.9467 -0.008 0.022681635 0.0162 0.032731816 0.0 0.1 0.0 0.1 0 6
381 44.3057 5.8417 144.4866 6.4614 -0.111 0.043527544 0.0266 0.048103135 0.0 0.1 0.0 0.1 1 6
382 43.7382 3.7611 149.19806 5.7038 -0.04 0.035972692 -0.0917 0.029166523 0.0 0.1 0.0 0.1 1 6
383 -106.5327 6.3426 123.776306 8.9737 0.0172 0.048171885 -0.0195 0.04940665 0.0 0.1 0.0 0.1 1 6
384 -92.9377 5.9916 132.1428 12.4308 0.0169 0.044058368 0.031 0.06509319 0.0 0.1 0.0 0.1 1 6
385 -86.9974 4.1339 147.08997 5.5722 -0.0671 0.025429506 0.0045 0.031594634 0.0 0.1 0.0 0.1 1 6
386 -103.0361 2.5974 166.48737 3.1066 0.0052 0.018831575 -0.055 0.021113157 0.0 0.1 0.0 0.1 1 6
387 -113.3833 2.9419 178.66882 3.2503 0.0383 0.016245024 -0.0115 0.017356856 0.0 0.1 0.0 0.1 0 6
388 -129.0582 2.5109 198.41365 3.1395 0.0244 0.012782803 0.0047 0.01614792 0.0 0.1 0.0 0.1 0 6
389 -139.684 2.1656 212.00444 2.3906 0.0523 0.015876317 -0.0058 0.015157145 0.0 0.1 0.0 0.1 0 6
390 -125.3832 2.5807 230.0826 2.5959 0.0494 0.014006441 0.0094 0.014195251 0.0 0.1 0.0 0.1 0 6
391 -79.6869 2.461 248.3441 2.2034 0.0245 0.012391191 0.008 0.012912935 0.0 0.1 0.0 0.1 0 6
392 -28.1761 2.1884 246.83788 2.1336 0.0028 0.012024151 0.0072 0.012376527 0.0 0.1 0.0 0.1 0 6
393 0.7579 2.0657 223.75667 2.9859 -0.0149 0.01258244 -0.0027 0.011910147 0.0 0.1 0.0 0.1 0 6
394 24.9083 2.7849 201.02501 3.3319 0.0189 0.015515603 0.0113 0.020120354 0.0 0.1 0.0 0.1 0 6
395 37.6332 3.7449 169.46558 7.7356 -0.0347 0.0218135 0.0441 0.046284456 0.0 0.1 0.0 0.1 0 6
396 40.1843 3.6098 129.95166 4.7206 -0.0666 0.024541907 0.0954 0.019850662 0.0 0.1 0.0 0.1 1 6
397 49.314 4.8061 126.59167 6.5974 0.0332 0.035247564 0.0613 0.04203681 0.0 0.1 0.0 0.1 1 6
398 45.4899 6.2393 120.54483 6.7186 0.0429 0.051315766 0.0916 0.03555979 0.0 0.1 0.0 0.1 1 6
399 -86.7771 5.0517 139.686 6.3569 -0.023 0.038485456 -0.0688 0.04505014 0.0 0.1 0.0 0.1 1 6
400 -87.7251 4.1664 158.0609 4.6733 0.0341 0.022383066 -0.035 0.025224248 0.0 0.1 0.0 0.1 1 6
401 -78.6835 3.3954 161.39108 3.666 -0.0269 0.020919198 -0.0603 0.021465586 0.0 0.1 0.0 0.1 1 6
402 -83.1459 3.5569 171.0117 3.9211 -0.0317 0.022500174 -0.0441 0.023601333 0.0 0.1 0.0 0.1 1 6
403 -100.8485 2.7535 184.87675 3.9378 -0.0132 0.018508613 0.0147 0.017686501 0.0 0.1 0.0 0.1 0 6
404 -124.2347 2.4489 210.38922 3.2308 0.0514 0.013785798 0.0103 0.0155886 0.0 0.1 0.0 0.1 0 6
405 -139.4126 2.5999 219.34761 3.3482 0.0704 0.014092999 0.0149 0.014567543 0.0 0.1 0.0 0.1 0 6
406 -118.6366 2.7302 244.62048 3.0646 0.0722 0.013662657 0.0306 0.014021156 0.0 0.1 0.0 0.1 0 6
407 -54.757 3.0951 277.41556 3.0114 0.0285 0.011884146 0.0139 0.01355048 0.0 0.1 0.0 0.1 0 6
408 9.1854 2.4732 271.68454 2.5359 -0.0221 0.01117138 0.0165 0.011626059 0.0 0.1 0.0 0.1 0 6
409 45.0686 2.3226 239.23051 2.8738 -0.0379 0.01260956 0.0416 0.013373211 0.0 0.1 0.0 0.1 0 6
410 54.9156 1.8964 205.8189 2.9446 -0.025 0.013642727 0.0151 0.014812007 0.0 0.1 0.0 0.1 0 6
411 59.8667 2.835 183.12598 3.5533 -0.048 0.016939662 0.0358 0.017815582 0.0 0.1 0.0 0.1 0 6
412 48.599 3.2298 152.15245 4.8056 0.0018 0.02139529 0.117 0.023286536 0.0 0.1 0.0 0.1 1 6
413 51.5245 5.1682 147.66496 12.9347 0.0494 0.03783623 0.0778 0.08449814 0.0 0.1 0.0 0.1 1 6
414 52.8386 5.4496 142.73868 9.9429 0.0269 0.043287992 0.0517 0.05435163 0.0 0.1 0.0 0.1 1 6
415 -82.2513 4.7946 139.64842 5.9984 0.0042 0.035244275 0.0024 0.02971058 0.0 0.1 0.0 0.1 1 6
416 -73.3344 5.3798 147.57097 7.3712 0.0334 0.026727201 -0.0074 0.03884999 0.0 0.1 0.0 0.1 1 6
417 -77.6086 3.562 165.54741 3.7359 -0.02 0.022817513 -0.059 0.020706939 0.0 0.1 0.0 0.1 1 6
418 -73.5674 2.0941 177.80983 3.3501 -0.0559 0.017126543 -0.0267 0.017998863 0.0 0.1 0.0 0.1 0 6
419 -82.3696 2.3598 192.633 3.4402 0.005 0.015858695 0.0268 0.015281941 0.0 0.1 0.0 0.1 0 6
420 -95.3243 2.2324 220.12881 2.375 0.0517 0.013828493 -0.0123 0.01512331 0.0 0.1 0.0 0.1 0 6
421 -98.6934 2.9798 243.49237 2.8269 0.0541 0.012188083 0.0033 0.013937857 0.0 0.1 0.0 0.1 0 6
422 -71.712 2.6816 270.79993 2.9118 0.046 0.012654231 0.0268 0.01294901 0.0 0.1 0.0 0.1 0 6
423 -0.7579 2.7208 288.62137 2.8904 -0.0162 0.012720149 0.0103 0.012924807 0.0 0.1 0.0 0.1 0 6
424 55.2429 2.5499 270.7403 3.1986 -0.0585 0.012163234 0.0179 0.013813023 0.0 0.1 0.0 0.1 0 6
425 89.368 2.1469 240.33238 2.9076 -0.0694 0.013527573 0.0401 0.012543466 0.0 0.1 0.0 0.1 0 6
426 79.0762 3.0472 215.97397 2.8952 -0.0218 0.014456821 0.0025 0.017599076 0.0 0.1 0.0 0.1 0 6
427 78.2522 3.0778 190.42903 2.3058 -0.0208 0.017532999 0.0213 0.015024424 0.0 0.1 0.0 0.1 0 6
428 74.8426 3.7091 167.39374 4.4625 -0.0057 0.018627428 0.0459 0.02249664 0.0 0.1 0.0 0.1 0 6
429 75.4249 3.8576 146.21397 13.2111 0.007 0.029733647 0.1076 0.07904085 0.0 0.1 0.0 0.1 1 6
430 72.0837 3.9856 137.31752 6.0841 -0.0194 0.03028781 0.1007 0.03132038 0.0 0.1 0.0 0.1 1 6
431 80.7109 5.9093 124.755745 4.7704 -0.052 0.042624813 0.1257 0.046369664 0.0 0.1 0.0 0.1 1 6
432 -62.7676 6.6647 133.01231 7.3092 -0.1268 0.040051762 0.0586 0.04595823 0.0 0.1 0.0 0.1 1 6
433 -66.6052 2.4416 141.02705 6.7448 -0.0507 0.025458802 -0.0309 0.03426779 0.0 0.1 0.0 0.1 1 6
434 -75.6663 3.7947 141.58662 7.0554 -0.0464 0.025049238 -0.0059 0.035855707 0.0 0.1 0.0 0.1 1 6
435 -70.3364 2.9829 167.24358 4.3573 -0.0381 0.022910926 -0.0011 0.024549985 0.0 0.1 0.0 0.1 1 6
436 -66.4126 2.8037 182.95555 3.4653 -0.0018 0.016960928 -0.0033 0.0155048715 0.0 0.1 0.0 0.1 0 6
437 -64.8942 2.7744 210.71399 3.5592 0.0204 0.015588987 0.0034 0.0137271 0.0 0.1 0.0 0.1 0 6
438 -49.7611 2.5217 243.67705 2.9452 0.0196 0.011726517 -0.0105 0.014815058 0.0 0.1 0.0 0.1 0 6
439 -13.3865 2.8129 267.58408 2.1356 -0.0045 0.011115014 0.0057 0.012432396 0.0 0.1 0.0 0.1 0 6
440 45.5647 2.7526 273.21347 2.33 -0.0594 0.012328576 0.0023 0.013683861 0.0 0.1 0.0 0.1 0 6
441 104.2799 2.141 240.81454 2.5437 -0.1102 0.01215864 0.0042 0.013022914 0.0 0.1 0.0 0.1 0 6
442 125.2566 2.4595 217.34547 2.6356 -0.1272 0.012367069 0.0083 0.013648143 0.0 0.1 0.0 0.1 0 6
443 101.9086 2.1084 213.2108 2.4325 -0.046 0.012770841 -0.0122 0.014579782 0.0 0.1 0.0 0.1 0 6
444 86.2267 2.0405 186.37762 3.0973 -0.0116 0.015682358 -0.0132 0.017499976 0.0 0.1 0.0 0.1 0 6
445 79.5935 2.9333 173.65802 3.3989 -0.0049 0.015399637 -0.0226 0.019434957 0.0 0.1 0.0 0.1 1 6
446 85.0644 4.1171 158.46233 5.2969 0.0247 0.022296034 0.0722 0.024194952 0.0 0.1 0.0 0.1 1 6
447 86.4478 4.7088 131.56699 6.0469 -0.0427 0.028463162 0.0428 0.032734342 0.0 0.1 0.0 0.1 1 6
448 94.2048 5.5592 146.21796 12.3693 -0.0718 0.037887994 0.0021 0.06694558 0.0 0.1 0.0 0.1 1 6
449 -55.4988 7.7928 139.32628 12.881 -0.0854 0.06078051 -0.0331 0.074886 0.0 0.1 0.0 0.1 1 6
450 -55.4451 5.1285 134.49292 6.7053 -0.0849 0.041999213 -0.0507 0.04314931 0.0 0.1 0.0 0.1 1 6
451 -44.9255 2.5345 153.07866 5.5989 -0.0704 0.020542877 -0.0266 0.035442837 0.0 0.1 0.0 0.1 1 6
452 -37.6022 3.2624 184.33873 3.914 -0.0312 0.017490523 -0.0255 0.023446506 0.0 0.1 0.0 0.1 0 6
453 -37.3868 2.3852 201.53049 4.1199 -0.02 0.014786099 0.0217 0.01525998 0.0 0.1 0.0 0.1 0 6
454 -18.2444 1.9029 219.96944 3.6198 0.018 0.012698305 0.0214 0.015259003 0.0 0.1 0.0 0.1 0 6
455 16.5669 2.4704 232.47136 3.0242 -0.017 0.0134568885 -0.0049 0.014770133 0.0 0.1 0.0 0.1 0 6
456 61.3096 2.2516 243.47252 3.4211 -0.042 0.013623348 0.0002 0.012716798 0.0 0.1 0.0 0.1 0 6
457 105.2518 1.9578 226.14238 3.409 -0.076 0.013988979 0.0188 0.012782552 0.0 0.1 0.0 0.1 0 6
458 129.6446 2.6106 207.2156 2.974 -0.0947 0.015609604 0.0116 0.015099249 0.0 0.1 0.0 0.1 0 6
459 117.4025 2.3595 195.50496 2.9056 -0.061 0.0136207575 0.0094 0.017472815 0.0 0.1 0.0 0.1 0 6
460 99.9022 2.9415 179.00473 3.1445 -0.0244 0.018183414 -0.0114 0.019995641 0.0 0.1 0.0 0.1 0 6
461 82.5397 2.6115 182.95062 3.7923 0.0519 0.019333875 -0.0322 0.01796755 0.0 0.1 0.0 0.1 1 6
462 89.3618 3.466 157.88293 3.982 0.0633 0.024747565 0.0285 0.02530208 0.0 0.1 0.0 0.1 1 6
463 92.8571 5.5125 128.45479 14.3003 0.0048 0.0452975 0.0561 0.09222798 0.0 0.1 0.0 0.1 1 6
464 103.564 5.7026 132.32152 9.5588 -0.0726 0.036344584 0.0299 0.050305683 0.0 0.1 0.0 0.1 1 6
465 -39.7915 4.7837 142.47911 6.0785 -0.0621 0.033951603 -0.1146 0.035753094 0.0 0.1 0.0 0.1 1 6
466 -35.8447 7.4841 128.10147 16.717 0.0379 0.039396893 0.0458 0.1071371 0.0 0.1 0.0 0.1 1 6
467 -19.0714 3.5734 170.77242 6.3255 -0.0277 0.024105951 -0.0197 0.033965822 0.0 0.1 0.0 0.1 0 6
468 -17.0378 2.6412 186.15164 3.1282 -0.0061 0.015278478 -0.0252 0.018607998 0.0 0.1 0.0 0.1 0 6
469 1.7545 2.726 190.15036 3.0004 1e-04 0.017024973 0.0569 0.019370873 0.0 0.1 0.0 0.1 0 6
470 28.2561 2.7062 205.0675 3.0585 -0.0125 0.014728412 0.0279 0.016242776 0.0 0.1 0.0 0.1 0 6
471 62.8015 2.6677 212.9191 2.9169 -0.0294 0.015139446 0.0072 0.014620606 0.0 0.1 0.0 0.1 0 6
472 93.1045 2.7896 206.39922 2.6192 -0.0289 0.014571144 0.0216 0.014673985 0.0 0.1 0.0 0.1 0 6
473 110.5596 1.9003 199.14531 2.4112 -0.0525 0.014341401 -0.0249 0.014824044 0.0 0.1 0.0 0.1 0 6
474 113.9777 2.6793 188.66493 2.5807 -0.0516 0.016015422 -0.0223 0.017682342 0.0 0.1 0.0 0.1 0 6
475 103.1243 2.6283 179.27846 3.0039 -0.0157 0.01514392 -0.0386 0.020020155 0.0 0.1 0.0 0.1 0 6
476 91.2556 2.6532 164.13852 3.7782 -0.001 0.01633532 0.0024 0.021001779 0.0 0.1 0.0 0.1 1 6
477 89.1343 4.2064 148.73428 5.0932 0.0229 0.027290884 0.0316 0.030235775 0.0 0.1 0.0 0.1 1 6
478 84.8162 6.136 142.12747 13.0645 0.0694 0.038970474 0.0521 0.0719533 0.0 0.1 0.0 0.1 1 6
479 108.3784 5.3246 139.27325 6.2039 0.0094 0.035172563 0.1117 0.035644725 0.0 0.1 0.0 0.1 1 6
480 -34.0164 7.0112 118.14253 16.2791 0.0489 0.057968915 0.001 0.10716092 0.0 0.1 0.0 0.1 1 6
481 -19.3042 3.872 156.37628 5.515 0.0092 0.020228252 -0.0715 0.032882243 0.0 0.1 0.0 0.1 1 6
482 -7.2073 3.8454 179.58087 4.5811 0.0022 0.024427399 -0.1092 0.026337221 0.0 0.1 0.0 0.1 0 6
483 21.0288 2.8703 173.26607 4.7586 -0.0362 0.017846117 0.0056 0.020214025 0.0 0.1 0.0 0.1 0 6
484 35.9055 3.2428 170.88959 5.7507 -0.001 0.020978052 0.0475 0.03280464 0.0 0.1 0.0 0.1 0 6
485 60.2423 2.7902 186.9168 4.7089 0.0048 0.017399432 0.0057 0.023393497 0.0 0.1 0.0 0.1 0 6
486 78.8964 2.2307 177.80678 3.4447 -0.0107 0.018010108 0.0157 0.021646323 0.0 0.1 0.0 0.1 0 6
487 94.175 2.3395 178.30144 3.7647 -0.0335 0.016113205 -0.0013 0.017669717 0.0 0.1 0.0 0.1 0 6
488 100.4794 3.0534 171.59099 3.2707 -0.0384 0.01840838 -0.0068 0.018243294 0.0 0.1 0.0 0.1 0 6
489 99.4509 2.689 163.29588 3.2446 -0.0441 0.020133203 -0.0191 0.019354919 0.0 0.1 0.0 0.1 1 6
490 103.8037 3.5873 153.79411 6.3385 -0.0858 0.021100404 -0.0217 0.03776819 0.0 0.1 0.0 0.1 1 6
491 98.735 3.9448 147.83873 7.8253 -0.0277 0.026262904 0.0008 0.03630584 0.0 0.1 0.0 0.1 1 6
492 99.3994 5.8726 141.21365 8.0165 0.0615 0.042000934 0.0276 0.04082948 0.0 0.1 0.0 0.1 1 6
493 124.7748 4.6678 146.55144 5.9298 -0.0851 0.040602162 -0.0175 0.040271364 0.0 0.1 0.0 0.1 1 6
494 -8.7239 6.2024 152.81677 7.1826 0.0166 0.03572685 -0.0686 0.046032093 0.0 0.1 0.0 0.1 1 6
495 2.9978 4.3663 143.96507 13.2389 0.037 0.03148422 0.0501 0.067444995 0.0 0.1 0.0 0.1 1 6
496 15.6899 3.4784 150.87144 3.6654 0.041 0.025123643 -0.0548 0.023820926 0.0 0.1 0.0 0.1 1 6
497 40.9227 4.1158 153.98618 4.7942 -0.0226 0.028717497 -0.0199 0.025424587 0.0 0.1 0.0 0.1 1 6
498 52.3779 3.847 146.26814 5.8215 -0.0128 0.019603686 0.071 0.036927942 0.0 0.1 0.0 0.1 0 6
499 65.7015 2.9904 150.91545 8.4828 -0.0049 0.024653405 0.0662 0.043747053 0.0 0.1 0.0 0.1 1 6
500 82.9982 3.101 165.58835 4.9793 -0.0334 0.018366465 -0.0501 0.02368105 0.0 0.1 0.0 0.1 1 6
501 90.726 3.531 165.66301 5.1305 -0.0264 0.020424018 -0.0555 0.02490934 0.0 0.1 0.0 0.1 1 6
502 95.4109 3.3732 151.27664 6.6758 -0.0229 0.022733752 0.0189 0.034386713 0.0 0.1 0.0 0.1 1 6
503 107.2908 4.6477 153.7201 8.3347 -0.0073 0.0332602 0.0359 0.032792076 0.0 0.1 0.0 0.1 1 6
504 115.6106 5.3135 159.48366 5.5986 -0.0719 0.024322327 0.0194 0.024147576 0.0 0.1 0.0 0.1 1 6
505 120.0835 4.8485 142.44992 12.6424 -0.0839 0.040023327 -0.0445 0.050794158 0.0 0.1 0.0 0.1 1 6
506 126.1154 6.0155 140.93195 7.9809 -0.1037 0.04308556 -0.1263 0.056701742 0.0 0.1 0.0 0.1 1 6
507 10.4543 5.557 147.90991 5.5014 -0.0077 0.03976843 -0.0981 0.03719211 0.0 0.1 0.0 0.1 1 6
508 24.7688 4.48 146.84943 5.4715 0.0139 0.029460376 -0.0932 0.033731867 0.0 0.1 0.0 0.1 1 6
509 46.022 4.2394 143.7619 10.8905 -0.0225 0.02958965 -0.0043 0.05584898 0.0 0.1 0.0 0.1 1 6
510 48.9285 2.8922 152.77689 4.9609 -0.0105 0.026272455 0.0104 0.030153697 0.0 0.1 0.0 0.1 1 6
511 59.4141 3.9933 151.81508 4.8425 -0.0234 0.029383533 0.0345 0.028928922 0.0 0.1 0.0 0.1 1 6
