data/processed/NGC5845-h6/gauss_hermite_kins_s.ecsv
# %ECSV 1.0
# ---
# datatype:
# - {name: vbin_id, datatype: int64}
# - {name: v, datatype: float32}
# - {name: dv, datatype: float32}
# - {name: sigma, datatype: float32}
# - {name: dsigma, datatype: float32}
# - {name: h3, datatype: float32}
# - {name: dh3, datatype: float32}
# - {name: h4, datatype: float32}
# - {name: dh4, datatype: float32}
# - {name: h5, datatype: float32}
# - {name: dh5, datatype: float32}
# - {name: h6, datatype: float32}
# - {name: dh6, datatype: float32}
# - {name: is_good, datatype: int64}
# - {name: n_gh, datatype: int64}
# meta: !!omap
# - PSF:
#     sigma: [0.746761475444327, 4.616470105622174]
#     weight: [0.9731804457762667, 0.026819554223733277]
# schema: astropy-2.0
vbin_id v dv sigma dsigma h3 dh3 h4 dh4 h5 dh5 h6 dh6 is_good n_gh
[from data line 340]
341 -153.1332 9.5171 78.1957 6.1997 0.0226 0.09966132 0.0281 0.044486873 0.0 0.1 0.0 0.1 1 6
342 -101.1453 8.3163 119.36116 18.1825 -0.006 0.08139265 -0.007 0.10063786 0.0 0.1 0.0 0.1 1 6
343 117.3679 9.2586 120.793785 13.6785 -0.0494 0.0838389 -0.0536 0.069732495 0.0 0.1 0.0 0.1 1 6
344 -160.253 14.4227 88.82454 12.8452 0.0289 0.13191348 -0.0122 0.084814645 0.0 0.1 0.0 0.1 1 6
345 77.2612 16.3011 146.50061 22.0407 -0.0429 0.092942104 -0.119 0.0100019835 0.0 0.1 0.0 0.1 1 6
346 -119.957 17.6564 111.63127 20.0319 -0.0197 0.15929808 -0.0544 0.13677448 0.0 0.1 0.0 0.1 1 6
347 115.5095 10.9449 124.704605 19.7509 0.0114 0.086587414 -0.0342 0.101291426 0.0 0.1 0.0 0.1 1 6
348 45.1163 18.131 47.792744 34.2394 -0.0186 0.14136143 -0.0059 0.12395052 0.0 0.1 0.0 0.1 1 6
349 54.6114 26.2291 76.41826 22.5731 -0.0027 0.17162661 -0.0202 0.010330471 0.0 0.1 0.0 0.1 1 6
350 120.5188 6.9627 80.430626 22.0862 -0.0108 0.0646689 -0.0056 0.13052918 0.0 0.1 0.0 0.1 1 6
351 -145.1594 9.7319 95.74813 6.1015 0.0644 0.088794015 0.0384 0.05492519 0.0 0.1 0.0 0.1 1 6
352 127.398 12.79 95.09471 14.493 -0.0906 0.102952756 -0.0337 0.08825977 0.0 0.1 0.0 0.1 1 6
353 107.7183 11.859 109.92376 15.1393 -0.0917 0.085886486 -0.014 0.07051662 0.0 0.1 0.0 0.1 1 6
354 -147.298 6.251 102.48934 7.7541 0.1758 0.018937225 -0.0509 0.05267025 0.0 0.1 0.0 0.1 1 6
355 -35.3115 25.5485 84.37442 17.8523 0.0381 0.13920617 -0.0275 0.034211606 0.0 0.1 0.0 0.1 1 6
356 -119.0399 11.9205 103.94747 13.2883 0.0368 0.07281086 0.0312 0.051109046 0.0 0.1 0.0 0.1 1 6
357 -108.8814 11.1299 113.614716 12.1881 0.0071 0.08866554 0.051 0.03702889 0.0 0.1 0.0 0.1 1 6
358 108.0192 12.2455 119.94433 11.2984 -0.1271 0.06668693 -0.0275 0.07903171 0.0 0.1 0.0 0.1 1 6
359 -120.5813 10.2953 89.39017 16.3564 0.0951 0.0950298 -0.0594 0.10318414 0.0 0.1 0.0 0.1 1 6
360 78.3843 20.422 107.43453 36.9332 0.0156 0.14367393 0.0014 0.12930733 0.0 0.1 0.0 0.1 1 6
361 -111.0634 12.8893 115.79284 18.9297 0.0886 0.075126074 -0.0414 0.07955111 0.0 0.1 0.0 0.1 1 6
362 98.2491 13.9138 64.04034 24.792 -0.0281 0.11973716 0.0028 0.12554465 0.0 0.1 0.0 0.1 1 6
363 79.8411 20.862 54.347683 44.2173 -0.0083 0.14907081 -0.0061 0.14384252 0.0 0.1 0.0 0.1 1 6
364 -113.8176 17.0015 113.836586 20.0037 0.0669 0.010191094 -0.0485 0.10738034 0.0 0.1 0.0 0.1 1 6
