data/processed/NGC5845-h6/hist_kins_s.ecsv
# %ECSV 1.0
# ---
# datatype:
# - {name: binID_dynamite, datatype: int64}
# - {name: v, datatype: float32}
# - {name: sigma, datatype: float32}
# - {name: losvd_0, datatype: float64}
# - {name: dlosvd_0, datatype: float64}
# - {name: losvd_1, datatype: float64}
# - {name: dlosvd_1, datatype: float64}
# - {name: losvd_2, datatype: float64}
# - {name: dlosvd_2, datatype: float64}
# - {name: losvd_3, datatype: float64}
# - {name: dlosvd_3, datatype: float64}
# - {name: losvd_4, datatype: float64}
# - {name: dlosvd_4, datatype: float64}
# - {name: losvd_5, datatype: float64}
# - {name: dlosvd_5, datatype: float64}
# - {name: losvd_6, datatype: float64}
# - {name: dlosvd_6, datatype: float64}
# - {name: losvd_7, datatype: float64}
# - {name: dlosvd_7, datatype: float64}
# - {name: losvd_8, datatype: float64}
# - {name: dlosvd_8, datatype: float64}
# - {name: losvd_9, datatype: float64}
# - {name: dlosvd_9, datatype: float64}
# - {name: losvd_10, datatype: float64}
# - {name: dlosvd_10, datatype: float64}
# - {name: losvd_11, datatype: float64}
# - {name: dlosvd_11, datatype: float64}
# - {name: losvd_12, datatype: float64}
# - {name: dlosvd_12, datatype: float64}
# - {name: losvd_13, datatype: float64}
# - {name: dlosvd_13, datatype: float64}
# - {name: losvd_14, datatype: float64}
# - {name: dlosvd_14, datatype: float64}
# - {name: losvd_15, datatype: float64}
# - {name: dlosvd_15, datatype: float64}
# - {name: losvd_16, datatype: float64}
# - {name: dlosvd_16, datatype: float64}
# - {name: losvd_17, datatype: float64}
# - {name: dlosvd_17, datatype: float64}
# - {name: losvd_18, datatype: float64}
# - {name: dlosvd_18, datatype: float64}
# - {name: losvd_19, datatype: float64}
# - {name: dlosvd_19, datatype: float64}
# - {name: losvd_20, datatype: float64}
# - {name: dlosvd_20, datatype: float64}
# - {name: losvd_21, datatype: float64}
# - {name: dlosvd_21, datatype: float64}
# - {name: losvd_22, datatype: float64}
# - {name: dlosvd_22, datatype: float64}
# - {name: losvd_23, datatype: float64}
# - {name: dlosvd_23, datatype: float64}
# - {name: losvd_24, datatype: float64}
# - {name: dlosvd_24, datatype: float64}
# - {name: losvd_25, datatype: float64}
# - {name: dlosvd_25, datatype: float64}
# - {name: losvd_26, datatype: float64}
# - {name: dlosvd_26, datatype: float64}
# - {name: losvd_27, datatype: float64}
# - {name: dlosvd_27, datatype: float64}
# - {name: losvd_28, datatype: float64}
# - {name: dlosvd_28, datatype: float64}
# - {name: losvd_29, datatype: float64}
# - {name: dlosvd_29, datatype: float64}
# - {name: is_good, datatype: int64}
# meta: !!omap
# - {dv: 100.0}
# - vcent: [-1450.0, -1350.0, -1250.0, -1150.0, -1050.0, -950.0, -850.0, -750.0, -650.0, -550.0, -450.0, -350.0, -250.0, -150.0, -50.0,
#     50.0, 150.0, 250.0, 350.0, 450.0, 550.0, 650.0, 750.0, 850.0, 950.0, 1050.0, 1150.0, 1250.0, 1350.0, 1450.0]
# - {nbins: 364}
# - {nvbins: 30}
# - PSF:
#     sigma: [0.746761475444327, 4.616470105622174]
#     weight: [0.9731804457762667, 0.026819554223733277]
# schema: astropy-2.0
binID_dynamite v sigma losvd_0 dlosvd_0 losvd_1 dlosvd_1 losvd_2 dlosvd_2 losvd_3 dlosvd_3 losvd_4 dlosvd_4 losvd_5 dlosvd_5 losvd_6 dlosvd_6 losvd_7 dlosvd_7 losvd_8 dlosvd_8 losvd_9 dlosvd_9 losvd_10 dlosvd_10 losvd_11 dlosvd_11 losvd_12 dlosvd_12 losvd_13 dlosvd_13 losvd_14 dlosvd_14 losvd_15 dlosvd_15 losvd_16 dlosvd_16 losvd_17 dlosvd_17 losvd_18 dlosvd_18 losvd_19 dlosvd_19 losvd_20 dlosvd_20 losvd_21 dlosvd_21 losvd_22 dlosvd_22 losvd_23 dlosvd_23 losvd_24 dlosvd_24 losvd_25 dlosvd_25 losvd_26 dlosvd_26 losvd_27 dlosvd_27 losvd_28 dlosvd_28 losvd_29 dlosvd_29 is_good
[from data line 19]
20 -129.1108 124.14643 0.0 0.001 0.0 0.001 0.0 0.001 7.638176246887051e-17 0.001 4.2361784362788396e-13 0.001 6.722882009969916e-10 0.001 2.384695849454898e-07 0.001 1.947077797336971e-05 0.001 0.0007438307761990187 0.006016884259951618 0.009085584449006034 0.022391224712770705 0.03514822601267602 0.028435374186875428 0.08052748136021384 0.024511810580217643 0.17920063719819979 0.025032362955427684 0.302793280975342 0.03782040725496122 0.2537070800542948 0.029582832218520552 0.10456290913244506 0.027516610129880034 0.0266223466081816 0.02592291500214093 0.006795042874742703 0.02914281287278313 0.0007579567230339551 0.011452526739934146 3.5775973738831736e-05 0.0018367687939470608 1.3761966032434397e-07 0.001 3.2172968428987266e-10 0.001 2.656130784114409e-13 0.001 4.017884347356481e-16 0.001 0.0 0.001 0.0 0.001 0.0 0.001 0.0 0.001 0.0 0.001 0.0 0.001 1
21 -119.5026 114.7819 0.0 0.001 0.0 0.001 0.0 0.001 0.0 0.001 5.59535223287381e-14 0.001 7.636091956529747e-11 0.001 3.3860928502631156e-08 0.001 6.266667939771585e-06 0.001 0.00030437490283240746 0.0020994332669593907 0.005238034831502838 0.014979213656378474 0.032033866424695155 0.03092225255470627 0.07526116325235725 0.023053098304372275 0.1545427064981922 0.016912643576280154 0.31042858632863485 0.03085709793727931 0.27231883496571285 0.024319245850218885 0.10127436615791315 0.02371851786699749 0.0352331629104439 0.022960860916887926 0.011816088396989338 0.02626590671434155 0.0014736714440250237 0.00796238104509287 6.785624623293603e-05 0.001 9.823826265166911e-07 0.001 4.641435822301551e-09 0.001 1.1111996320545698e-11 0.001 8.690341873074985e-15 0.001 0.0 0.001 0.0 0.001 0.0 0.001 0.0 0.001 0.0 0.001 0.0 0.001 1
22 -109.8256 140.5406 0.0 0.001 0.0 0.001 0.0 0.001 0.0 0.001 0.0 0.001 0.0 0.001 1.4589725375336288e-09 0.001 1.1989632100121651e-05 0.0024827299630441604 0.0005922571251638685 0.010881217453323908 0.00825919781290536 0.025223131005416413 0.031498049539057084 0.030784216442342346 0.07540366430347138 0.026690764996159393 0.16100284525652944 0.03300827273425194 0.26270157020400653 0.04128513273033063 0.2563580269766085 0.03856608926699763 0.14201863470924284 0.03281111135221819 0.049936868259425164 0.028109348436901806 0.011460495056948822 0.03047142942164393 0.0007563996655683038 0.02289407243972602 0.0 0.008888939999606913 0.0 0.0017776447902415212 0.0 0.001 0.0 0.001 0.0 0.001 0.0 0.001 0.0 0.001 0.0 0.001 0.0 0.001 0.0 0.001 0.0 0.001 1
23 -112.374 146.3554 0.0 0.001 1.5792166543323965e-16 0.001 3.300001622661414e-13 0.001 1.2207265461576172e-10 0.001 1.4485634101507804e-08 0.001 7.126155864512823e-07 0.001 2.120228581153411e-05 0.001 0.00026610669816555456 0.003383193957992488 0.0019786216779330884 0.014365974920204564 0.007099944948946084 0.026577924863987808 0.02710659689662162 0.01462506472420231 0.07695981936055525 0.021785288484781066 0.17065010230954544 0.009498588007496575 0.2562224213721207 0.025495759137697097 0.24779758948847397 0.022776414744064444 0.14782692962151012 0.011236079023026535 0.051747666341937115 0.01937268867449585 0.010963501110961884 0.017132295867496847 0.0010213053842397391 0.02300770750014238 0.00029042347970247164 0.010187357282162406 4.319296206116646e-05 0.0020847865158450073 3.6805681966303227e-06 0.001 1.6490115632448573e-07 0.001 3.341762997982357e-09 0.001 2.6559458192886674e-11 0.001 1.155126126313417e-13 0.001 2.9299253666263464e-16 0.001 0.0 0.001 0.0 0.001 0.0 0.001 1
24 -101.5045 155.38507 9.723151252071697e-16 0.001 2.537171079345994e-13 0.001 2.3074277991142665e-11 0.001 1.8166441366159984e-09 0.001 3.8255891677929864e-08 0.001 3.3891013938775536e-07 0.001 0.0 0.001 7.284339106203806e-06 0.004887135528430503 0.00011038632415755682 0.016082599890268473 0.0028994227323131086 0.023505041609119946 0.02161963607811114 0.013078097996659408 0.07742478503635045 0.01966057225772595 0.1669621545112033 0.008073522642885675 0.23962253714566514 0.023236841440784792 0.2425567764878763 0.02298455322300541 0.16939215546070643 0.008102555014095583 0.06991345378715029 0.02024936467208836 0.009491029082646206 0.01292085643242901 0.0 0.025715989145299076 0.0 0.01606018316280905 0.0 0.004770693476109533 0.0 0.001 0.0 0.001 0.0 0.001 0.0 0.001 8.61586995615238e-12 0.001 9.369475267305242e-14 0.001 1.6582767399742704e-16 0.001 0.0 0.001 0.0 0.001 1
25 -106.0355 160.35652 5.823137227433076e-15 0.001 1.2259035459397927e-12 0.001 1.0526448158855572e-10 0.001 7.660181994646266e-09 0.001 2.0822817208767762e-07 0.001 4.345415364411355e-06 0.001 4.6515175678633944e-05 0.0014257562591360772 0.0004663270319575351 0.007066967938159035 0.0032801494293750026 0.018987530817183417 0.011452278597178596 0.023009978809700186 0.03411936771969506 0.012453674158577564 0.082899855776205 0.018416627146477287 0.15900694074402158 0.007225985215264172 0.23006966455935673 0.023561173307214467 0.23360770066470546 0.021502484172536362 0.15522752917028035 0.0069788023374056235 0.06559332755806595 0.018806126402923704 0.017560261227519337 0.01186494397702581 0.004768917137495968 0.024028943079554464 0.001483695882294514 0.01766768712352488 0.00035984615227642935 0.0057646858800390385 4.9719360268789407e-05 0.0010752607926117629 3.2448077743446063e-06 0.001 9.502011697199785e-08 0.001 2.5096642031468555e-09 0.001 6.542882531463832e-11 0.001 4.244415841209437e-13 0.001 1.6407315275914876e-15 0.001 0.0 0.001 0.0 0.001 1
26 -86.9313 158.54799 2.023604949717163e-14 0.001 3.354815652772602e-12 0.001 2.9233866689217575e-10 0.001 1.6632217325555736e-08 0.001 5.86418419272834e-07 0.001 1.2822786034548878e-05 0.001 0.00015654242931254 0.001 0.0013292139632307396 0.0045938150590765165 0.00605889614273848 0.015393074056096013 0.018865326135009266 0.023255137309571072 0.04267754583510532 0.01128391908312315 0.074373028597785 0.019736412381208795 0.13136082428901177 0.006567720606721679 0.2132028580276276 0.018218665671179704 0.2440038677731871 0.024658640706618745 0.17149264851921125 0.007086490171891377 0.07084895024607844 0.01651615766105992 0.017795696857929522 0.011155387797907116 0.005549070508180667 0.021050592581042173 0.0017924113603797088 0.01799223788170155 0.00040530242062494277 0.006418350316164133 6.719481703445594e-05 0.001207596621116506 6.765186416260113e-06 0.001 4.1357422809407e-07 0.001 1.6790826329298572e-08 0.001 3.8913814152931307e-10 0.001 4.520080436725261e-12 0.001 3.918032325768393e-14 0.001 2.1232893921167661e-16 0.001 0.0 0.001 1
27 -72.9175 162.04355 0.0 0.001 6.648059783747078e-14 0.001 2.7354980698226054e-11 0.001 2.36517429204793e-09 0.001 1.1208284855124343e-07 0.001 2.8759745331509797e-06 0.001 5.6069262084187274e-05 0.001 0.0005574752845734707 0.004473169434706049 0.003271023196641314 0.014737227899333388 0.012471978301619113 0.02297332138879602 0.03239078773281069 0.013011125217231039 0.06758033221336636 0.01932335748149944 0.12668458023311463 0.008211124997943776 0.20459096483918207 0.016371194171081335 0.2428695919081394 0.024400774920471935 0.18729721374632885 0.010327259142938167 0.08900162632268671 0.01450252836262863 0.026204712947090876 0.013295118013975826 0.005995625507890474 0.018719718472676804 0.0008396551918174345 0.020484557965853183 0.00015418944932820688 0.008710594998261715 2.4884069765862244e-05 0.0020171307266307077 5.7242406096039095e-06 0.001 5.43110005997015e-07 0.001 3.107966714537502e-08 0.001 9.002084855867886e-10 0.001 1.2971857847930276e-11 0.001 1.1891496041969426e-13 0.001 5.911363491379689e-16 0.001 0.0 0.001 1
28 -67.5234 161.39276 0.0 100000.0 0.0 100000.0 0.0 100000.0 0.0 100000.0 0.0 100000.0 0.0 100000.0 0.0 100000.0 0.0 100000.0 0.0 100000.0 0.0 100000.0 0.0 100000.0 0.0 100000.0 0.0 100000.0 0.0 100000.0 0.0 100000.0 0.0 100000.0 0.0 100000.0 0.0 100000.0 0.0 100000.0 0.0 100000.0 0.0 100000.0 0.0 100000.0 0.0 100000.0 0.0 100000.0 0.0 100000.0 0.0 100000.0 0.0 100000.0 0.0 100000.0 0.0 100000.0 0.0 100000.0 0
29 -56.3984 176.38718 1.4046030002830833e-14 0.001 7.481379119533234e-12 0.001 3.5717728654471627e-10 0.001 6.096762691852912e-09 0.001 3.984805407144506e-07 0.001 0.0 0.001 1.5093186629779038e-06 0.0018651149531828035 0.00016351726114826093 0.007202936452946481 0.0010511042340942687 0.017324387102925908 0.0038796926923555883 0.02075360638592639 0.017086125868344553 0.010042351026284074 0.05359017752647275 0.01716626752426769 0.1229701863263418 0.007127339410873436 0.19580154015726273 0.013985910777801924 0.22135494643868064 0.023274276877842198 0.1808972035309138 0.01226344281280542 0.11127628292342563 0.008548769935008395 0.05437850709348036 0.016518329899005046 0.023762910036009367 0.01051360839037067 0.009529861381425375 0.02105051881978711 0.0033668882214163607 0.015235625539598919 0.0007362435591072319 0.00593583254589084 0.00013380396914897938 0.0014314861999559197 1.7604584132249087e-05 0.001 1.4137625858586107e-06 0.001 7.391638474595145e-08 0.001 2.2050334899166965e-09 0.001 5.061410483299336e-11 0.001 9.73003897213133e-13 0.001 9.797320266267929e-15 0.001 1
30 -36.5824 166.14066 0.0 0.001 0.0 0.001 0.0 0.001 0.0 0.001 0.0 0.001 5.2023738540536457e-08 0.001 6.802859139074675e-06 0.001 0.000150494907668639 0.0031344252870781895 0.001146630019698527 0.010792587785730655 0.005633715149838966 0.02069504386942409 0.018301557038473117 0.017606039256964846 0.046270626253614014 0.0166708474478329 0.10154453866000637 0.01431633831360514 0.18183915378364182 0.014082549176542211 0.23518520527681874 0.02621508316556896 0.20522545385608348 0.017567943463049226 0.12344491955611002 0.012836802515067941 0.05455647653920058 0.018444278735917582 0.020039971571980997 0.014652891255723291 0.005592339295454638 0.022739508970247096 0.0010222254895036521 0.014691354399302203 3.983771902878228e-05 0.004774450750564154 0.0 0.001 0.0 0.001 0.0 0.001 0.0 0.001 0.0 0.001 0.0 0.001 0.0 0.001 0.0 0.001 1
31 -20.6384 153.48259 0.0 0.001 3.0474489406975713e-16 0.001 1.2156451158760842e-13 0.001 2.275481328653819e-11 0.001 2.366508770591272e-09 0.001 1.7247528825614628e-07 0.001 5.446936555000935e-06 0.001 9.662033644684634e-05 0.001 0.0009631659555231987 0.005596759485678601 0.005918134455003952 0.017797151631772454 0.022376706444887443 0.02326803408180291 0.04967629233643919 0.013816525190638827 0.08841208342866642 0.017855223111430202 0.15938636174877646 0.010548500382953782 0.24290697888086127 0.025011875912461637 0.23616930432857725 0.020019264252217728 0.13120949495066028 0.011271936979532021 0.044803845355734215 0.018454470417320165 0.01268588864142437 0.015921402347837288 0.004232028892822014 0.022703190218386654 0.0009683623938003347 0.011588752198865866 0.00017390535142580566 0.0028704870206480507 1.4564194943980405e-05 0.001 6.27865912007555e-07 0.001 1.2429534515057913e-08 0.001 2.0537701730112266e-10 0.001 1.946896330943886e-12 0.001 7.789991473610546e-15 0.001 0.0 0.001 0.0 0.001 1
32 12.2891 152.05238 0.0 0.001 0.0 0.001 6.311445201641182e-15 0.001 5.814162187285608e-13 0.001 1.0175785920331675e-10 0.001 7.599824956237954e-09 0.001 3.3964557164776874e-07 0.001 6.655050316530244e-06 0.001 0.00013059989544688668 0.0031448421302592987 0.000947570136468963 0.012300315040225721 0.006257770587355175 0.02439791996970688 0.02676798887388384 0.016192082517709185 0.07117039589766949 0.019531921757562864 0.14656887645491568 0.011166787307316961 0.22953141031031735 0.020816376272090972 0.25559208776883136 0.026754834683773543 0.1816566754951777 0.011401351349427921 0.07199750772423759 0.02055207476753172 0.009372114457637188 0.01459689788344835 0.0 0.025072136984628225 0.0 0.016516303989708457 0.0 0.0048547344995157424 0.0 0.001 0.0 0.001 0.0 0.001 0.0 0.001 0.0 0.001 0.0 0.001 0.0 0.001 0.0 0.001 1
33 -118.4961 130.769 0.0 0.001 0.0 0.001 0.0 0.001 1.7723008673160992e-15 0.001 3.3520597043941377e-12 0.001 3.9500535687925785e-09 0.001 5.721118846325951e-07 0.001 3.874392585865693e-05 0.001 0.0006004204743558486 0.007113927495614404 0.005717983338950082 0.024761137234055472 0.023252886457985872 0.0242357948051577 0.06556652387919928 0.0221044698379085 0.17323330935523149 0.01566104222815609 0.2881782089162625 0.031154501354558245 0.2524914846156885 0.024115927993585765 0.126098850989846 0.018265271018212605 0.047242506518596634 0.01939093223056529 0.01487042785083761 0.027140651880934022 0.0025017969127840577 0.016153772947726033 0.00019803194662294866 0.003621201271698235 8.150384798340921e-06 0.001 9.796567073023553e-08 0.001 4.0129146516252675e-10 0.001 7.273188258024453e-13 0.001 5.168055812523891e-16 0.001 0.0 0.001 0.0 0.001 0.0 0.001 0.0 0.001 0.0 0.001 1
34 -108.4822 130.66147 0.0 0.001 0.0 0.001 0.0 0.001 1.679096243233716e-14 0.001 1.2065719720788428e-11 0.001 3.6352635785026608e-09 0.001 5.187065111442575e-07 0.001 2.9647203114166385e-05 0.001 0.000602305447142307 0.006185974899601126 0.006119189750751506 0.02149708599652101 0.024653663868602273 0.025698780589391092 0.0668260125909729 0.02158934152487057 0.16304331629128535 0.017150488561205282 0.27680569682356015 0.030121119372413407 0.2757184849022296 0.02843448697289068 0.14407536208981997 0.019505488426691087 0.03642282706362646 0.021397864147670358 0.005064556544703201 0.025178894199028207 0.0005272762404002805 0.01856207594154887 0.00010808812985907269 0.004499516906811451 2.9962212946692943e-06 0.001 5.402950522153601e-08 0.001 4.481005056999486e-10 0.001 1.1739773065491747e-12 0.001 1.1765677387862108e-15 0.001 0.0 0.001 0.0 0.001 0.0 0.001 0.0 0.001 0.0 0.001 1
35 -120.2676 148.89777 0.0 0.001 0.0 0.001 0.0 0.001 0.0 0.001 6.529034798063964e-10 0.001 1.1568439174112825e-07 0.001 1.2656308421874268e-05 0.001 0.00025952528328907593 0.004411201124764353 0.0023718272241677533 0.014791764499694392 0.011251261642303745 0.02338724248499225 0.030730264623833076 0.01754757550343014 0.07634031376734886 0.019226144347685995 0.16900751673255085 0.015766747405285525 0.2585203806369033 0.0314473578766708 0.22469482043224237 0.023311915187534615 0.12386681706850354 0.015838357947284692 0.060301174288288566 0.018711975750533023 0.030329347270505 0.019210312133555573 0.010122469379350206 0.0220358380540132 0.002037777568088164 0.010228809338618392 0.0001500851679072075 0.0022329067455997996 3.5994896420584316e-06 0.001 4.6651292709134963e-08 0.001 1.277380834157063e-10 0.001 3.283512482510333e-13 0.001 5.273193072744574e-17 0.001 0.0 0.001 0.0 0.001 0.0 0.001 0.0 0.001 1
36 -116.0709 151.60582 0.0 0.001 9.476111194100582e-15 0.001 3.6236554540729833e-12 0.001 4.302914366395398e-10 0.001 3.04194877457917e-08 0.001 1.653327533838218e-06 0.001 4.5231707324170556e-05 0.001 0.0004955187638746229 0.00436699605019826 0.003537300230994274 0.014788120635009658 0.011907075744188419 0.021959213965612852 0.03131679635080915 0.01301134281708783 0.07717074882387852 0.018047290749344823 0.16715091175088378 0.009804763066995084 0.25062209456585505 0.025469170110371087 0.2303004446788465 0.018714877128778076 0.13429728944375027 0.010997305742093837 0.058022307599293735 0.01812253184179847 0.023740316791946242 0.016454279378095706 0.009386239808765918 0.02333554763378399 0.0017377935438367212 0.01102287729084078 0.00024920241487837543 0.0025633657368972105 1.8506059019650145e-05 0.001 5.293067627803605e-07 0.001 8.16183802520495e-09 0.001 7.16732737001995e-11 0.001 6.323911025367641e-13 0.001 1.7700561302400292e-15 0.001 0.0 0.001 0.0 0.001 0.0 0.001 1
