data/processed/NGC5845-h6/hist_kins_s.ecsv
# %ECSV 1.0
# ---
# datatype:
# - {name: binID_dynamite, datatype: int64}
# - {name: v, datatype: float32}
# - {name: sigma, datatype: float32}
# - {name: losvd_0, datatype: float64}
# - {name: dlosvd_0, datatype: float64}
# - {name: losvd_1, datatype: float64}
# - {name: dlosvd_1, datatype: float64}
# - {name: losvd_2, datatype: float64}
# - {name: dlosvd_2, datatype: float64}
# - {name: losvd_3, datatype: float64}
# - {name: dlosvd_3, datatype: float64}
# - {name: losvd_4, datatype: float64}
# - {name: dlosvd_4, datatype: float64}
# - {name: losvd_5, datatype: float64}
# - {name: dlosvd_5, datatype: float64}
# - {name: losvd_6, datatype: float64}
# - {name: dlosvd_6, datatype: float64}
# - {name: losvd_7, datatype: float64}
# - {name: dlosvd_7, datatype: float64}
# - {name: losvd_8, datatype: float64}
# - {name: dlosvd_8, datatype: float64}
# - {name: losvd_9, datatype: float64}
# - {name: dlosvd_9, datatype: float64}
# - {name: losvd_10, datatype: float64}
# - {name: dlosvd_10, datatype: float64}
# - {name: losvd_11, datatype: float64}
# - {name: dlosvd_11, datatype: float64}
# - {name: losvd_12, datatype: float64}
# - {name: dlosvd_12, datatype: float64}
# - {name: losvd_13, datatype: float64}
# - {name: dlosvd_13, datatype: float64}
# - {name: losvd_14, datatype: float64}
# - {name: dlosvd_14, datatype: float64}
# - {name: losvd_15, datatype: float64}
# - {name: dlosvd_15, datatype: float64}
# - {name: losvd_16, datatype: float64}
# - {name: dlosvd_16, datatype: float64}
# - {name: losvd_17, datatype: float64}
# - {name: dlosvd_17, datatype: float64}
# - {name: losvd_18, datatype: float64}
# - {name: dlosvd_18, datatype: float64}
# - {name: losvd_19, datatype: float64}
# - {name: dlosvd_19, datatype: float64}
# - {name: losvd_20, datatype: float64}
# - {name: dlosvd_20, datatype: float64}
# - {name: losvd_21, datatype: float64}
# - {name: dlosvd_21, datatype: float64}
# - {name: losvd_22, datatype: float64}
# - {name: dlosvd_22, datatype: float64}
# - {name: losvd_23, datatype: float64}
# - {name: dlosvd_23, datatype: float64}
# - {name: losvd_24, datatype: float64}
# - {name: dlosvd_24, datatype: float64}
# - {name: losvd_25, datatype: float64}
# - {name: dlosvd_25, datatype: float64}
# - {name: losvd_26, datatype: float64}
# - {name: dlosvd_26, datatype: float64}
# - {name: losvd_27, datatype: float64}
# - {name: dlosvd_27, datatype: float64}
# - {name: losvd_28, datatype: float64}
# - {name: dlosvd_28, datatype: float64}
# - {name: losvd_29, datatype: float64}
# - {name: dlosvd_29, datatype: float64}
# - {name: is_good, datatype: int64}
# meta: !!omap
# - {dv: 100.0}
# - vcent: [-1450.0, -1350.0, -1250.0, -1150.0, -1050.0, -950.0, -850.0, -750.0, -650.0, -550.0, -450.0, -350.0, -250.0, -150.0, -50.0,
#     50.0, 150.0, 250.0, 350.0, 450.0, 550.0, 650.0, 750.0, 850.0, 950.0, 1050.0, 1150.0, 1250.0, 1350.0, 1450.0]
# - {nbins: 364}
# - {nvbins: 30}
# - PSF:
#     sigma: [0.746761475444327, 4.616470105622174]
#     weight: [0.9731804457762667, 0.026819554223733277]
# schema: astropy-2.0
binID_dynamite v sigma losvd_0 dlosvd_0 losvd_1 dlosvd_1 losvd_2 dlosvd_2 losvd_3 dlosvd_3 losvd_4 dlosvd_4 losvd_5 dlosvd_5 losvd_6 dlosvd_6 losvd_7 dlosvd_7 losvd_8 dlosvd_8 losvd_9 dlosvd_9 losvd_10 dlosvd_10 losvd_11 dlosvd_11 losvd_12 dlosvd_12 losvd_13 dlosvd_13 losvd_14 dlosvd_14 losvd_15 dlosvd_15 losvd_16 dlosvd_16 losvd_17 dlosvd_17 losvd_18 dlosvd_18 losvd_19 dlosvd_19 losvd_20 dlosvd_20 losvd_21 dlosvd_21 losvd_22 dlosvd_22 losvd_23 dlosvd_23 losvd_24 dlosvd_24 losvd_25 dlosvd_25 losvd_26 dlosvd_26 losvd_27 dlosvd_27 losvd_28 dlosvd_28 losvd_29 dlosvd_29 is_good
[from data line 297]
298 -134.3641 113.51486 0.0 0.001 0.0 0.001 0.0 0.001 0.0 0.001 0.0 0.001 0.0 0.001 9.239484067429813e-14 0.001 1.6911196029927105e-08 0.001 2.528019939963877e-05 0.0035680864613130223 0.0018213411016098188 0.017575519696879746 0.02028144213265646 0.03278286448982513 0.07646586016741015 0.031705613638685674 0.20281221008451553 0.034815075931407646 0.33025331982316936 0.05148809900484802 0.26970582795337655 0.03780949294397519 0.09094024730157542 0.03820265326335277 0.0076944543249985176 0.03591790463541099 0.0 0.02516094522872453 0.0 0.006767807629740073 0.0 0.001 0.0 0.001 0.0 0.001 0.0 0.001 0.0 0.001 0.0 0.001 0.0 0.001 0.0 0.001 0.0 0.001 0.0 0.001 0.0 0.001 1
299 -130.1025 139.46834 0.0 0.001 0.0 0.001 0.0 0.001 0.0 0.001 0.0 0.001 0.0 0.001 0.0 0.001 0.0 0.0027532503090196715 0.0 0.012999256695502167 0.005155880300279547 0.026249626517900464 0.036697328527944904 0.020264602792323415 0.10507716348744482 0.022957923798119374 0.18835553494409113 0.01438561085997371 0.26471199262007494 0.0290644846273668 0.26251239493880685 0.02124501405436241 0.12986896932088135 0.02244128177075365 0.007620735860476298 0.019701547442010338 0.0 0.02817552365807552 0.0 0.020905626460954715 0.0 0.005956664512667208 0.0 0.001 0.0 0.001 0.0 0.001 0.0 0.001 0.0 0.001 0.0 0.001 0.0 0.001 0.0 0.001 0.0 0.001 0.0 0.001 1
300 56.1472 116.02152 0.0 0.001 0.0 0.001 0.0 0.001 0.0 0.001 0.0 0.001 0.0 0.001 0.0 0.001 0.0 0.001 0.0 0.001 0.0 0.001 0.0 0.0053411334327587035 0.0 0.022626121495071677 0.00755336171715775 0.03626271609612927 0.07149092595744161 0.04586251125831478 0.22496750771057442 0.04707957749323875 0.3369627871891697 0.072163471817689 0.23975784591755694 0.047796341107181575 0.09686223027236641 0.04439996126032983 0.02151455701177498 0.03956634762986254 0.0008906250066493937 0.023175936300834164 1.5921113110773857e-07 0.0070608477573912524 6.177486377430523e-12 0.001 0.0 0.001 0.0 0.001 0.0 0.001 0.0 0.001 0.0 0.001 0.0 0.001 0.0 0.001 0.0 0.001 1
301 105.4663 123.88288 0.0 0.001 0.0 0.001 0.0 0.001 0.0 0.001 0.0 0.001 0.0 0.001 1.0449903436218554e-16 0.001 2.7088063388485017e-13 0.001 7.277885814159952e-10 0.001 3.090358319035662e-07 0.001 4.6454607850428384e-05 0.002947118827372312 0.0017074485921313163 0.014270537044119392 0.015619461764134961 0.03058069511702908 0.05450358666492976 0.031885552307046205 0.14059155148569863 0.030377026427130152 0.27763536191198657 0.042926979292969486 0.2966077507598131 0.0459459736046246 0.15409720791012005 0.035755333774681604 0.04788191950287274 0.034039718732463024 0.010076086908212734 0.034899305674747146 0.0012079111662909267 0.018119055775978048 2.492421266693591e-05 0.004019408644542043 2.4738616406629245e-08 0.001 1.0727692307731493e-11 0.001 5.621844368371642e-14 0.001 0.0 0.001 0.0 0.001 0.0 0.001 0.0 0.001 0.0 0.001 1
302 122.7032 129.43884 0.0 0.001 0.0 0.001 0.0 0.001 0.0 0.001 0.0 0.001 0.0 0.001 0.0 0.001 5.722107168169072e-13 0.001 1.1095324279835697e-10 0.001 2.002869583850629e-07 0.001 3.737928102935963e-05 0.003808066264704612 0.0018346926382207197 0.016124444081632373 0.017227523495429442 0.03306886322579856 0.061791856206008404 0.03086125498602537 0.1342025623096105 0.029337612017281495 0.23710011679643642 0.03483283369465569 0.3029925637613905 0.04667627152289952 0.19820370022617592 0.03716451898263412 0.04660940488721485 0.03488267240122533 0.0 0.03534371795996061 0.0 0.02484393726788818 0.0 0.007828040642288299 0.0 0.0011484150234871236 0.0 0.001 0.0 0.001 0.0 0.001 0.0 0.001 0.0 0.001 0.0 0.001 0.0 0.001 1
303 137.8058 117.06009 0.0 0.001 0.0 0.001 0.0 0.001 0.0 0.001 0.0 0.001 0.0 0.001 1.3930957962350883e-14 0.001 1.4083956520728754e-11 0.001 6.451438958494805e-09 0.001 1.1506152154189733e-06 0.001 5.924700059923166e-05 0.001 0.0015102983729383828 0.006320840186415929 0.014436148134696953 0.02446265400662746 0.04998585965952992 0.021739245539099623 0.10106014453997637 0.021322843323932646 0.2221347856036504 0.01537947671347345 0.3274318509379224 0.032379611478539905 0.19538731554407432 0.013468451114158411 0.06036114711774419 0.021545948739092068 0.02230429496014273 0.027678585017060737 0.004882500657662103 0.021218250228367957 0.00042781104423828627 0.0041717767193454125 1.7255568251314676e-05 0.001 1.833801648499759e-07 0.001 3.972390207541504e-10 0.001 4.169371110288842e-13 0.001 2.027083369610421e-16 0.001 0.0 0.001 0.0 0.001 0.0 0.001 1
304 -114.65 105.1492 0.0 0.001 0.0 0.001 0.0 0.001 0.0 0.001 0.0 0.001 7.145647695740098e-16 0.001 5.114134567640618e-12 0.001 1.0530395465351142e-08 0.001 4.446414890306188e-06 0.001 0.0004972980264478938 0.008596174510070696 0.010630666319461485 0.031088840136100606 0.05812035541920539 0.03718262307800503 0.1717143351359561 0.03400044259364622 0.33238186455521407 0.04612695009154466 0.3191068894588633 0.046338361596456074 0.10404071998124996 0.04174350173403131 0.003503414153201105 0.036678065943013594 0.0 0.023261222210952788 0.0 0.004240982387943472 0.0 0.001 0.0 0.001 0.0 0.001 0.0 0.001 0.0 0.001 0.0 0.001 0.0 0.001 0.0 0.001 0.0 0.001 0.0 0.001 0.0 0.001 1
305 81.2386 102.86419 0.0 0.001 0.0 0.001 0.0 0.001 0.0 0.001 0.0 0.001 0.0 0.001 0.0 0.001 1.0456146561587084e-16 0.001 3.8279550482808725e-12 0.001 1.6285781935227263e-08 0.001 1.2288940114359471e-05 0.001 0.0007117347701019235 0.007911589821524179 0.011120034357061123 0.03103198817546285 0.05606284011883549 0.040023442416981345 0.17062536041216242 0.034594416576955736 0.3454552005911863 0.040550918536094493 0.29827846862251156 0.03847458637021317 0.10254940185984099 0.04134025123103488 0.014435893165651213 0.03867013924888415 0.000748760872924578 0.02126223085002897 0.0 0.003025124772640364 0.0 0.001 0.0 0.001 0.0 0.001 0.0 0.001 0.0 0.001 0.0 0.001 0.0 0.001 0.0 0.001 0.0 0.001 1
306 104.6802 109.532005 0.0 0.001 0.0 0.001 0.0 0.001 0.0 0.001 0.0 0.001 0.0 0.001 0.0 0.001 0.0 0.001 1.9825322393565691e-16 0.001 8.385824870268743e-11 0.001 2.750180111850527e-07 0.001 0.0002484528292667142 0.008072083391630175 0.008973293319782638 0.02765606439047066 0.04887227053053317 0.04013990499503306 0.13511292321048615 0.0343645756001506 0.2924650117611273 0.04807353014468113 0.328125536132962 0.05076990358776495 0.14166200502266305 0.04000710723793951 0.03689714574086529 0.041182764413294846 0.00722357553890024 0.030295533424041746 0.0004166080730416708 0.009229902614502773 2.9009305987453618e-06 0.0010805743684331932 1.807707397472914e-09 0.001 1.9592680652134963e-13 0.001 0.0 0.001 0.0 0.001 0.0 0.001 0.0 0.001 0.0 0.001 0.0 0.001 1
307 -121.936 83.88638 0.0 0.001 0.0 0.001 0.0 0.001 0.0 0.001 0.0 0.001 0.0 0.001 0.0 0.001 0.0 0.001 0.0 0.001 0.0 0.0017276987060397633 5.3666474762514945e-06 0.016730513422329108 0.017456149295872355 0.043920522595587846 0.15418031465739535 0.05707459099399928 0.4322498362548807 0.10416743377275794 0.3115135216750608 0.05743735158730015 0.08062664628816567 0.061515702028379804 0.003968156075471653 0.03395870854748252 9.105677300374677e-09 0.007327363841176554 0.0 0.001 0.0 0.001 0.0 0.001 0.0 0.001 0.0 0.001 0.0 0.001 0.0 0.001 0.0 0.001 0.0 0.001 0.0 0.001 0.0 0.001 0.0 0.001 1
308 -82.0966 135.57767 0.0 0.001 0.0 0.001 0.0 0.001 0.0 0.001 0.0 0.001 0.0 0.001 0.0 0.001 0.0 0.0010575819820235102 0.0 0.0061793564872168714 0.0 0.019015268089444447 0.0 0.030872809789859346 0.02916260051650896 0.03772198738601908 0.13676802519201392 0.04365719748577302 0.26652931079276637 0.045888219179213735 0.27048446891755723 0.04979866310523702 0.1766827631202513 0.03803790909321454 0.0838787926881831 0.03302305281498175 0.031261575155676756 0.036639920908092594 0.005044207614931168 0.025675404901620697 0.00018752626833475912 0.010258705161647765 7.293459165827208e-07 0.0024079440995183827 3.878083991522018e-10 0.001 5.153981717271449e-14 0.001 1.0357455264746233e-16 0.001 0.0 0.001 0.0 0.001 0.0 0.001 0.0 0.001 0.0 0.001 0.0 0.001 1
309 -42.3508 101.01073 0.0 0.001 0.0 0.001 0.0 0.001 0.0 0.001 0.0 0.001 0.0 0.001 0.0 0.001 0.0 0.001 0.0 0.001 0.0 0.0010840547302035475 0.0 0.011999784626961895 0.0 0.03951378148584293 0.045185025601523286 0.04719983413603038 0.23918343779838153 0.04633596708799055 0.37892684264314774 0.05609659734433575 0.270224666217982 0.04839440475006895 0.06648002773896536 0.05091456065106584 0.0 0.04052290862183773 0.0 0.015366010580799064 0.0 0.0018202530983117268 0.0 0.001 0.0 0.001 0.0 0.001 0.0 0.001 0.0 0.001 0.0 0.001 0.0 0.001 0.0 0.001 0.0 0.001 0.0 0.001 1
310 -157.2264 120.30122 0.0 0.001 0.0 0.001 0.0 0.001 0.0 0.001 0.0 0.001 0.0 0.001 0.0 0.001 0.0 0.001 0.0 0.007344813641878736 0.0 0.024350692392441736 0.0066956280556886945 0.032023647092457766 0.08843345154327728 0.03684167004085527 0.2556292439281398 0.03471245457437054 0.32094081106708017 0.04848394900616951 0.21650926372664372 0.029833899429657487 0.08924545318859937 0.034402716910388445 0.021426833074449418 0.0341439742192323 0.0011193154161214859 0.023716226039856764 0.0 0.006086708187101602 0.0 0.001 0.0 0.001 0.0 0.001 0.0 0.001 0.0 0.001 0.0 0.001 0.0 0.001 0.0 0.001 0.0 0.001 0.0 0.001 0.0 0.001 1
311 165.1909 107.814835 0.0 0.001 0.0 0.001 0.0 0.001 0.0 0.001 0.0 0.001 0.0 0.001 0.0 0.001 0.0 0.001 0.0 0.001 0.0 0.001 3.0251632623274046e-07 0.001 5.1537214843075945e-05 0.0016336040540297346 0.0018975686635092507 0.015352435946388888 0.02337566744492191 0.03651960229439115 0.10667235813563537 0.023447256538555727 0.20302718160578723 0.01827282961166396 0.31605041634130826 0.03612018007471918 0.318302271710408 0.02166032564136472 0.030622696367260574 0.029935728072006666 0.0 0.03329793801388756 0.0 0.023997105933691833 0.0 0.0035937018723482326 0.0 0.001 0.0 0.001 0.0 0.001 0.0 0.001 0.0 0.001 0.0 0.001 0.0 0.001 0.0 0.001 1
312 119.2376 123.72622 0.0 0.001 0.0 0.001 0.0 0.001 0.0 0.001 0.0 0.001 0.0 0.001 0.0 0.001 0.0 0.001 0.0 0.001 0.0 0.001 0.0 0.0026655118754003735 0.0 0.014418211407990579 0.0 0.03135247074296039 0.024240604757045658 0.03217626694520965 0.13212866105854668 0.03480390212943202 0.2791349749292559 0.04211093538636186 0.30151360548046674 0.04793210108569143 0.18904261747167875 0.032088565882895506 0.06362844167371765 0.03511023475973778 0.010311094629288621 0.03546536980743348 0.0 0.023912371072955834 0.0 0.006482248221326309 0.0 0.001 0.0 0.001 0.0 0.001 0.0 0.001 0.0 0.001 0.0 0.001 0.0 0.001 0.0 0.001 1
313 -136.9974 120.90959 0.0 0.001 0.0 0.001 0.0 0.001 0.0 0.001 0.0 0.001 0.0 0.001 0.0 0.001 0.0 0.001 0.0 0.006181182441102587 0.0012726906091721265 0.02362528283137451 0.0229855575241214 0.03278752388111034 0.08717597495415588 0.02928955417385278 0.20573891055642604 0.02599798720208686 0.314939706246352 0.04311090062719433 0.2627902146144611 0.0310361143404886 0.09576619779030089 0.03304363916146423 0.009330747704884783 0.02901568444504591 0.0 0.026566944961531988 0.0 0.009629887017508994 0.0 0.0013531496127714455 0.0 0.001 1.24957872334548e-13 0.001 8.060009342307091e-16 0.001 0.0 0.001 0.0 0.001 0.0 0.001 0.0 0.001 0.0 0.001 0.0 0.001 0.0 0.001 1
314 -137.4919 115.81877 0.0 0.001 0.0 0.001 0.0 0.001 0.0 0.001 0.0 0.001 0.0 0.001 0.0 0.001 0.0 0.001 0.0 0.0045769894542336065 0.0 0.020842152031811355 0.0 0.03840359271942513 0.046729623114310746 0.04811153238729577 0.227024053028857 0.044832305492900376 0.3366333823347987 0.05900817100459024 0.2440691802032878 0.04336325159284467 0.11343346378698997 0.03988619876050023 0.030632392551983363 0.04184492892703154 0.0014762216856013598 0.026284549081014644 1.6832883071123889e-06 0.007201533781901499 5.864099609416623e-12 0.001 0.0 0.001 0.0 0.001 0.0 0.001 0.0 0.001 0.0 0.001 0.0 0.001 0.0 0.001 0.0 0.001 0.0 0.001 0.0 0.001 1
315 20.3184 140.06076 0.0 0.001 0.0 0.001 0.0 0.001 0.0 0.001 0.0 0.001 0.0 0.001 0.0 0.001 0.0 0.001 0.0 0.0011201804323641659 0.0 0.007536738356530584 0.0 0.02466920859648874 0.0 0.03197826514475274 0.027544486018761572 0.038209770480752636 0.16333159732475136 0.026157561722236877 0.2557798203883809 0.03276981099884163 0.262974930245906 0.037739463012724 0.20753616926075727 0.023268066796084647 0.08283299676144287 0.044285008180381176 0.0 0.032271615077221996 0.0 0.029884263977373253 0.0 0.01365586382177958 0.0 0.002742196135670458 0.0 0.001 0.0 0.001 0.0 0.001 0.0 0.001 0.0 0.001 0.0 0.001 0.0 0.001 0.0 0.001 1
316 -109.9601 118.352844 0.0 0.001 0.0 0.001 0.0 0.001 0.0 0.001 0.0 0.001 0.0 0.001 0.0 0.001 0.0 0.001 0.0 0.003222406813176915 0.0 0.016783412726653027 0.0 0.035232812256951254 0.02732358694491152 0.036700361180376825 0.17628658665445524 0.04203168291796808 0.321412525871607 0.047050927270202075 0.27728002402478813 0.03928643098580316 0.14677942003727826 0.03341854011118814 0.04660371015585715 0.035647898096898556 0.004314146311102789 0.03220363082859762 0.0 0.012642023262136362 0.0 0.0020053586065320816 0.0 0.001 0.0 0.001 0.0 0.001 0.0 0.001 0.0 0.001 0.0 0.001 0.0 0.001 0.0 0.001 0.0 0.001 0.0 0.001 1
317 -156.1951 90.1258 0.0 0.001 0.0 0.001 0.0 0.001 0.0 0.001 0.0 0.001 0.0 0.001 0.0 0.001 0.0 0.001 1.5791995923870455e-15 0.001 1.2602671419147116e-05 0.006959853500692446 0.0066193424872134496 0.03477735677496723 0.06936094111069907 0.052692107635783324 0.25106316796876765 0.04136178263535731 0.4187090374062648 0.057374620207492094 0.22028343952260065 0.046089981658857526 0.03392501649556219 0.04878372946579973 2.6452337471507916e-05 0.02961932614237454 0.0 0.004785947673529575 0.0 0.001 0.0 0.001 0.0 0.001 0.0 0.001 0.0 0.001 0.0 0.001 0.0 0.001 0.0 0.001 0.0 0.001 0.0 0.001 0.0 0.001 0.0 0.001 1
318 56.0095 103.394966 0.0 0.001 0.0 0.001 0.0 0.001 0.0 0.001 0.0 0.001 0.0 0.001 0.0 0.001 0.0 0.001 0.0 0.001 0.0 0.001 0.0 0.001712922480125428 0.0 0.012971595862826537 0.001093727381377926 0.03694505066172695 0.05325392121294219 0.053546959761731766 0.22528142438249069 0.05817630286169197 0.3736088096187301 0.07266419575431554 0.24793332581007319 0.05482020859195055 0.08344274726623441 0.04832747510019424 0.014916623197281842 0.041658360686782296 0.00046923375345159885 0.016852210655062136 1.873772413302125e-07 0.0022549697702231035 1.7666654150221857e-13 0.001 0.0 0.001 0.0 0.001 0.0 0.001 0.0 0.001 0.0 0.001 0.0 0.001 0.0 0.001 0.0 0.001 1
319 -120.8334 91.67938 0.0 0.001 0.0 0.001 0.0 0.001 0.0 0.001 0.0 0.001 0.0 0.001 0.0 0.001 0.0 0.001 0.0 0.001 0.0 0.003467948837928638 0.0 0.02327344349231756 0.006618501955875407 0.049534966022533836 0.16222970777670606 0.06234883162544275 0.40583365019563156 0.07526745119797817 0.3056974522581611 0.057903699693700766 0.10523029851213236 0.04981695379564195 0.014384009476819915 0.03959810353588761 6.379824673636144e-06 0.01224622921745767 0.0 0.0010306018497379147 0.0 0.001 0.0 0.001 0.0 0.001 0.0 0.001 0.0 0.001 0.0 0.001 0.0 0.001 0.0 0.001 0.0 0.001 0.0 0.001 0.0 0.001 1
320 -72.4362 121.17808 0.0 0.001 0.0 0.001 0.0 0.001 0.0 0.001 0.0 0.001 0.0 0.001 0.0 0.001 1.032250919561242e-12 0.001 1.0518301819997418e-08 0.0017478539122194438 1.2393114608558913e-05 0.011344470402598245 0.002846099667274644 0.030682955485720465 0.026983900189943587 0.03645167496580019 0.11432367357477718 0.03724596457686907 0.2634127643108553 0.042545606071854675 0.3083668134560696 0.04504008815545074 0.1889929849187823 0.03537873310975298 0.07406357369973623 0.036982448017864857 0.019249878588921996 0.033714337583119876 0.0017371963820600217 0.02154571695839292 1.071046737340019e-05 0.005381983497479981 1.1102631312565657e-09 0.001 0.0 0.001 0.0 0.001 0.0 0.001 0.0 0.001 0.0 0.001 0.0 0.001 0.0 0.001 0.0 0.001 0.0 0.001 1
