data/processed/NGC5845-h6/hist_kins_o.ecsv
# %ECSV 1.0
# ---
# datatype:
# - {name: binID_dynamite, datatype: int64}
# - {name: v, datatype: float32}
# - {name: sigma, datatype: float32}
# - {name: losvd_0, datatype: float64}
# - {name: dlosvd_0, datatype: float64}
# - {name: losvd_1, datatype: float64}
# - {name: dlosvd_1, datatype: float64}
# - {name: losvd_2, datatype: float64}
# - {name: dlosvd_2, datatype: float64}
# - {name: losvd_3, datatype: float64}
# - {name: dlosvd_3, datatype: float64}
# - {name: losvd_4, datatype: float64}
# - {name: dlosvd_4, datatype: float64}
# - {name: losvd_5, datatype: float64}
# - {name: dlosvd_5, datatype: float64}
# - {name: losvd_6, datatype: float64}
# - {name: dlosvd_6, datatype: float64}
# - {name: losvd_7, datatype: float64}
# - {name: dlosvd_7, datatype: float64}
# - {name: losvd_8, datatype: float64}
# - {name: dlosvd_8, datatype: float64}
# - {name: losvd_9, datatype: float64}
# - {name: dlosvd_9, datatype: float64}
# - {name: losvd_10, datatype: float64}
# - {name: dlosvd_10, datatype: float64}
# - {name: losvd_11, datatype: float64}
# - {name: dlosvd_11, datatype: float64}
# - {name: losvd_12, datatype: float64}
# - {name: dlosvd_12, datatype: float64}
# - {name: losvd_13, datatype: float64}
# - {name: dlosvd_13, datatype: float64}
# - {name: losvd_14, datatype: float64}
# - {name: dlosvd_14, datatype: float64}
# - {name: losvd_15, datatype: float64}
# - {name: dlosvd_15, datatype: float64}
# - {name: losvd_16, datatype: float64}
# - {name: dlosvd_16, datatype: float64}
# - {name: losvd_17, datatype: float64}
# - {name: dlosvd_17, datatype: float64}
# - {name: losvd_18, datatype: float64}
# - {name: dlosvd_18, datatype: float64}
# - {name: losvd_19, datatype: float64}
# - {name: dlosvd_19, datatype: float64}
# - {name: losvd_20, datatype: float64}
# - {name: dlosvd_20, datatype: float64}
# - {name: losvd_21, datatype: float64}
# - {name: dlosvd_21, datatype: float64}
# - {name: losvd_22, datatype: float64}
# - {name: dlosvd_22, datatype: float64}
# - {name: losvd_23, datatype: float64}
# - {name: dlosvd_23, datatype: float64}
# - {name: losvd_24, datatype: float64}
# - {name: dlosvd_24, datatype: float64}
# - {name: losvd_25, datatype: float64}
# - {name: dlosvd_25, datatype: float64}
# - {name: losvd_26, datatype: float64}
# - {name: dlosvd_26, datatype: float64}
# - {name: losvd_27, datatype: float64}
# - {name: dlosvd_27, datatype: float64}
# - {name: losvd_28, datatype: float64}
# - {name: dlosvd_28, datatype: float64}
# - {name: losvd_29, datatype: float64}
# - {name: dlosvd_29, datatype: float64}
# - {name: is_good, datatype: int64}
# meta: !!omap
# - {dv: 100.0}
# - vcent: [-1450.0, -1350.0, -1250.0, -1150.0, -1050.0, -950.0, -850.0, -750.0, -650.0, -550.0, -450.0, -350.0, -250.0, -150.0, -50.0,
#     50.0, 150.0, 250.0, 350.0, 450.0, 550.0, 650.0, 750.0, 850.0, 950.0, 1050.0, 1150.0, 1250.0, 1350.0, 1450.0]
# - {nbins: 320}
# - {nvbins: 30}
# - PSF:
#     sigma: [0.4278574033096264, 1.4696945928287308]
#     weight: [0.7699515885757993, 0.23004841142420074]
# schema: astropy-2.0
binID_dynamite v sigma losvd_0 dlosvd_0 losvd_1 dlosvd_1 losvd_2 dlosvd_2 losvd_3 dlosvd_3 losvd_4 dlosvd_4 losvd_5 dlosvd_5 losvd_6 dlosvd_6 losvd_7 dlosvd_7 losvd_8 dlosvd_8 losvd_9 dlosvd_9 losvd_10 dlosvd_10 losvd_11 dlosvd_11 losvd_12 dlosvd_12 losvd_13 dlosvd_13 losvd_14 dlosvd_14 losvd_15 dlosvd_15 losvd_16 dlosvd_16 losvd_17 dlosvd_17 losvd_18 dlosvd_18 losvd_19 dlosvd_19 losvd_20 dlosvd_20 losvd_21 dlosvd_21 losvd_22 dlosvd_22 losvd_23 dlosvd_23 losvd_24 dlosvd_24 losvd_25 dlosvd_25 losvd_26 dlosvd_26 losvd_27 dlosvd_27 losvd_28 dlosvd_28 losvd_29 dlosvd_29 is_good
[from data line 226]
227 26.1257 245.6378 9.847551894940728e-08 0.001 6.021631302785691e-07 0.001 1.184584620116037e-06 0.001 3.192482115129956e-06 0.001 0.0 0.0017190292990471169 0.0 0.004695450522864318 0.0 0.00991943180516025 0.0 0.01549203172184719 0.0 0.016025400284615715 0.0026255934569146973 0.00968754532807317 0.018033277461380996 0.011247995601049825 0.04960616761180301 0.013829540906023126 0.09231085887626035 0.007139653628583438 0.1323123573944397 0.008405667901482082 0.15635926156856356 0.015072127778602631 0.15755435786339705 0.01701848765105106 0.14029773889616773 0.01253361341523826 0.109007268887509 0.005863166954275634 0.07237049536011791 0.010302519703812442 0.03941004231678 0.013254435024372924 0.01780105666941306 0.008610693800877542 0.0073533438837592256 0.013157457561357236 0.002983567193873337 0.01625115792400708 0.0013444861193286594 0.012824600870499817 0.00040236108692683347 0.007047588955711702 0.0001472686136288543 0.0029289662727580382 5.5754030480334526e-05 0.001 1.6246559580077628e-05 0.001 2.9306157977706746e-06 0.001 4.878284933437267e-07 0.001 1
228 -112.3552 190.767 0.0 0.001 0.0 0.001 0.0 0.001 0.0 0.001 0.0 0.001 0.0 0.0024225275877473077 0.0 0.008172727516313864 0.0 0.018285581628898307 0.0 0.023035289237019713 0.007616755184965514 0.016575447569449977 0.045513850571160044 0.019830530216974285 0.10757371610700389 0.016048783571147293 0.16660269958179896 0.015629685889003417 0.19899103531379858 0.023245790744354844 0.19845656698361686 0.02265509363619117 0.1586232249357275 0.015210165298874936 0.08981090053056609 0.018265165318020554 0.026811250791362467 0.01809095211829338 0.0 0.017863993842645982 0.0 0.022279057320550428 0.0 0.015044583200693023 0.0 0.006089909407410328 0.0 0.0015840391103158114 0.0 0.001 0.0 0.001 0.0 0.001 0.0 0.001 0.0 0.001 0.0 0.001 0.0 0.001 1
229 -80.9584 232.7397 0.0 0.001 0.0 0.001 0.0 0.001 0.0 0.0010281661222169762 0.0 0.0032987483759237624 0.0 0.008008526542052396 0.0 0.014426357512932971 0.0 0.01768969967648173 0.0015737055722137502 0.01222614349170428 0.013511180584460554 0.011446995866160528 0.044688132451893466 0.014486047305573698 0.09146400890197212 0.008979685926686895 0.1389249109527286 0.010660086497670945 0.16692245038930348 0.016878350140088344 0.1664537273309633 0.01877683402402705 0.14022036755663667 0.012408696555346155 0.10369244018147669 0.008539505861941327 0.06725233082954507 0.012344419881372599 0.03710926335676239 0.013805381475119229 0.017716518462219836 0.010766640734566764 0.007137090162547683 0.015446731355256468 0.0024491050703824182 0.015404206836735799 0.0007240899488998376 0.009982345285243412 0.00014146350888172445 0.00465096171413394 1.6321612495176934e-05 0.0015791095684676774 2.493613971986388e-06 0.001 3.588412722481767e-07 0.001 3.455497800982893e-08 0.001 5.817765207231391e-09 0.001 2.986295140254145e-10 0.001 1
230 -84.8947 214.0354 0.0 0.001 0.0 0.001 0.0 0.001 0.0 0.001 0.0 0.00140422422354934 0.0 0.0045463233057158325 0.0 0.010432333601362502 0.0 0.017439919761756767 0.0018914984730631604 0.017296866445456784 0.014143039510942194 0.014294676965851544 0.04235939398016818 0.015786182240860834 0.09048653932146392 0.013349964669449169 0.1429297502391066 0.013781101367126167 0.17902608073771453 0.019016539097470114 0.18270085115041296 0.020832215651919547 0.15318462318340376 0.01448106414717898 0.10518219583839998 0.012630886044945291 0.058047066110722245 0.01569741775006575 0.02381507333050285 0.014203611376968177 0.00623388812409961 0.01599196289924054 0.0 0.018187302292272587 0.0 0.012717814843877602 0.0 0.00598452438277295 0.0 0.0019551122802748933 0.0 0.001 0.0 0.001 0.0 0.001 0.0 0.001 0.0 0.001 0.0 0.001 1
231 -62.2896 229.5449 5.5903370048230565e-08 0.001 2.5935532804902336e-07 0.001 0.0 0.001 0.0 0.001 0.0 0.002387753305344677 0.0 0.006519968015559846 0.0 0.012896163912406486 0.0 0.01772692512773577 0.0 0.015025891959530954 0.005618384055894721 0.010646189469271003 0.0362371041300617 0.014964719660669534 0.08593404331422565 0.01146288537494889 0.13496713887943962 0.008932411604641866 0.16594976076802503 0.015684220672855187 0.1690408182864966 0.020782191396040525 0.14983241861618238 0.014251794148523983 0.11570376000968388 0.008449664357640545 0.07668167155935258 0.012431520002660026 0.03983431736377827 0.014681259910777159 0.016197503213875176 0.010850179972310582 0.00400276451244838 0.015786042960771865 0.0 0.017083564935275047 0.0 0.01098503087068389 0.0 0.005186114851521893 0.0 0.0017325651375402025 0.0 0.001 0.0 0.001 0.0 0.001 0.0 0.001 3.1838113683005817e-11 0.001 1
232 144.7606 225.1283 0.0 0.001 0.0 0.001 0.0 0.001 0.0 0.001 0.0 0.001 0.0 0.001 0.0 0.0016839307841815206 0.0 0.0050190137056740775 0.00040422493067471406 0.01116019624361618 0.002141402980719185 0.01658444505602376 0.008872234210757566 0.015400092013677936 0.022782418223853816 0.009466936560190892 0.04635245789837244 0.014246865032665722 0.07898200283032179 0.01036531301453706 0.11812086521177313 0.0071172604950534915 0.15512415456841577 0.014614924461823733 0.17518645514148112 0.01838609471526892 0.1649545858511707 0.013587158008989686 0.12284801084970763 0.006963877726917568 0.07064852283294111 0.011524308887750995 0.027657859853599556 0.013496979649018599 0.005924804616211446 0.00895377366032133 0.0 0.016578987425397606 0.0 0.016954899022371586 0.0 0.010590614223259588 0.0 0.004570713541089276 0.0 0.0014398385040652012 0.0 0.001 0.0 0.001 0.0 0.001 1
233 125.0476 201.1912 3.329609661989439e-15 0.001 5.424324084656153e-13 0.001 4.533469075326466e-11 0.001 2.212697896558724e-09 0.001 6.603184369312095e-08 0.001 1.1766827430458798e-06 0.001 1.3371647818554108e-05 0.001 0.00011412540325931438 0.0023102680848647605 0.0006313942802656629 0.007006347073680921 0.0030357737938596185 0.014581628018031905 0.009534887253811566 0.019488364041869516 0.021115344742108074 0.016698020016196104 0.03991651203307906 0.0175128078767728 0.07349009295325744 0.01593757063583502 0.12539937918966473 0.015731344395797646 0.18034044343271782 0.0219773116560939 0.19571831443620444 0.02567840889434761 0.1574149855498472 0.017526457323078032 0.09830091820137764 0.015555082417627361 0.05173926235685711 0.017339019654055286 0.024566778419683293 0.016608717853157876 0.011707738008014069 0.018110353886886203 0.004958198407116256 0.017197883152908863 0.0016267349141215579 0.011041585132135597 0.0003232909002326817 0.004572655344425134 4.6459355192481855e-05 0.0013096294763225236 4.543781364722502e-06 0.001 1.9900277645742848e-07 0.001 6.786738901732046e-09 0.001 1.7746623450281222e-10 0.001 1
234 4.1092 237.5733 0.0 0.001 0.0 0.001 0.0 0.001 0.0 0.001 0.0 0.0015699925741945058 0.0 0.004455859844228986 0.0 0.00975545234672218 0.0 0.015625259718783653 9.55050505700764e-05 0.016260517701519303 0.008113571784139628 0.010043455406721368 0.02728188821746041 0.011849984511370605 0.059948704301878514 0.013345387171217117 0.0999157366468591 0.0070293334849929265 0.1377334372940163 0.010331917816010769 0.16148765947590726 0.016861020374800126 0.16419976023484226 0.017823427785978133 0.14310734017260293 0.010842943653273138 0.10425811345724209 0.006287657567880786 0.06083563454785348 0.013061120348959437 0.025686688031254262 0.012515279083116095 0.0073356491477949886 0.00936713414172237 0.0 0.015553087196098169 0.0 0.01618512610505381 0.0 0.010491512506983363 0.0 0.004867891080724884 0.0 0.0016901924476086178 0.0 0.001 1.6931573637889065e-07 0.001 1.1616520747702723e-07 0.001 2.615663477225102e-08 0.001 1
235 -108.3638 171.6291 0.0 0.001 9.209232946319672e-16 0.001 2.026466686198685e-13 0.001 2.6882349832695617e-11 0.001 1.8511773444692148e-09 0.001 0.0 0.001 0.0 0.00330950319904393 0.0 0.01141104295791744 0.0 0.02311436469274275 0.002749728280151196 0.029821415767267843 0.03079975402173072 0.028512729563490345 0.09335484382612698 0.02709659576648213 0.1709703766047475 0.02689713906772892 0.22058848231241399 0.03231126702609406 0.21699692138902935 0.0314661880340109 0.16025601734845285 0.02774524539032014 0.08227930056340546 0.02561456145754758 0.021464552858437624 0.027157928685942835 0.0005400207445976927 0.02701233444747704 0.0 0.020252081661544755 0.0 0.009248212737599338 0.0 0.002735439810107463 0.0 0.001 1.0284150104249247e-10 0.001 6.909212078221162e-11 0.001 7.032432201650878e-13 0.001 6.589177943640254e-15 0.001 0.0 0.001 0.0 0.001 0.0 0.001 1
236 -59.927 233.3924 0.0 0.001 0.0 0.001 0.0 0.001 0.0 0.001 0.0 0.002741773375983761 0.0 0.007071946777302926 0.0 0.013767568685397675 0.0 0.01766653083251256 0.0010729872274881026 0.014387409073729006 0.014544646094267885 0.011108851543249152 0.04372115356745319 0.01587110089202655 0.08645042273168148 0.011499360186536856 0.1288590561281418 0.010038723812680825 0.15860630245163748 0.016598252709926015 0.1680198507481106 0.0192345606071012 0.1548937363584874 0.014009690302388411 0.12165414731544386 0.009284153992944286 0.07742949852021173 0.012605586013634193 0.03549713757310459 0.014894438373242882 0.009251061283971958 0.010694127394049261 0.0 0.016585956202764797 0.0 0.017770451328232607 0.0 0.012545894555813206 0.0 0.005959765709528907 0.0 0.0021146377943081713 0.0 0.001 0.0 0.001 0.0 0.001 0.0 0.001 0.0 0.001 1
237 -83.9881 222.4823 0.0 0.001 0.0 0.001 0.0 0.001 0.0 0.001 0.0 0.002301050580693535 0.0 0.0067641877762139695 0.0 0.01381489727922739 0.0 0.01898403350597448 0.0 0.015695126963329954 0.007806178070768521 0.011544727543277162 0.04616710078057734 0.016520668125401667 0.10027001025626411 0.011470245545315637 0.14646449752462684 0.011554863958297162 0.17010430201617086 0.019014458866072448 0.17155150645706507 0.020399780597295455 0.15145982205565348 0.0128558337731738 0.11254019076417883 0.00979099931159643 0.06493465888308457 0.016177133273960653 0.02508676038061141 0.013752483321150066 0.003614972810999131 0.014098865582245025 0.0 0.019530645415571528 0.0 0.01626590561016484 0.0 0.008801475033488888 0.0 0.003334264065939352 0.0 0.001 0.0 0.001 0.0 0.001 0.0 0.001 0.0 0.001 0.0 0.001 1
238 99.3807 214.7095 0.0 0.001 0.0 0.001 0.0 0.001 0.0 0.001 0.0 0.001 0.0 0.001 0.0 0.001777570242211484 1.1161569741250277e-05 0.005466346864938415 0.0004456305768695302 0.012237770576635585 0.0025619046258564785 0.018585678588682354 0.00944991229765432 0.01694609825528402 0.024017718180080912 0.014280343705768255 0.05195943850817302 0.016290431098643015 0.09260455062984532 0.012750934367953375 0.14145688548688576 0.014393648383215385 0.17918037865371206 0.02129128539398667 0.17967071910181306 0.02014569075179537 0.14398767379563068 0.013805462036097144 0.0921072187295861 0.012160630916843607 0.04772316657569901 0.01706266578870367 0.02135671145969539 0.01459994668170236 0.008282085304213798 0.016557406277942523 0.003448455292332 0.01817378858511185 0.0012897790715786655 0.012404724673791846 0.00037538605111922307 0.005731659958439703 5.90272346589635e-05 0.001858191186521656 1.1426241191121112e-05 0.001 7.218767769637134e-07 0.001 4.569489378498858e-08 0.001 3.041992633359367e-09 0.001 1
239 73.8105 240.287 0.0 0.001 0.0 0.001 0.0 0.001 0.0 0.001 0.0 0.001 0.0 0.0024487929588679637 0.0 0.006418839034987915 0.00019557522811414514 0.012012858834716358 0.001160445000984373 0.016152400806760874 0.0042094928232052865 0.014305128958407172 0.013829437378842327 0.010385419999733985 0.03430957113989506 0.014292565214248678 0.06910337944451436 0.010834556693399916 0.11049285539396353 0.007582669464232555 0.14694046721100842 0.01231989432898474 0.16383342459036926 0.01745464665833371 0.15708324366392162 0.01591745109903514 0.12853770397081707 0.009882146409850127 0.08912497107779445 0.008066494631270689 0.0514238452801295 0.013833245316357306 0.0226428834087081 0.012057559466179533 0.006978919149739567 0.010815665108192542 0.0001337852379929866 0.01654079026793754 0.0 0.014033588405891126 0.0 0.00840276216042645 0.0 0.003626445344189045 0.0 0.0012185952158944007 0.0 0.001 0.0 0.001 0.0 0.001 1
240 120.072 233.4024 2.189260553835922e-09 0.001 3.3412785185970925e-08 0.001 3.84415342086515e-07 0.001 3.3885236204603306e-06 0.001 2.7331488712567895e-05 0.001 0.00014854576986796702 0.001 0.0006233329556208436 0.0031426528873333874 0.0023259499014524772 0.007496855369495722 0.006558706658149422 0.013211730795816808 0.014538619463317495 0.015443610581736366 0.02569027088703831 0.011126827746478964 0.03788172359946421 0.011239802969235513 0.053347111538727614 0.013846147172096337 0.07637155710841953 0.008436239744232299 0.11350574679803402 0.00933595546780748 0.15327804304924442 0.015001118993557619 0.1698069333334218 0.019422696106969548 0.14729889244593472 0.012130094706050379 0.09932740875744939 0.007913107319233122 0.05294204902399826 0.011843737016904322 0.023890925507396743 0.011802726651359643 0.011130031851857246 0.009893269420097158 0.005987657829128114 0.01556488317828525 0.0032920186711925064 0.0147596930795587 0.0014313166303306752 0.009661336289697143 0.0004453598169318049 0.004417947161048432 0.00011773961529834838 0.0015192362064323003 2.425032501913731e-05 0.001 4.150317456755131e-06 0.001 5.181155275240227e-07 0.001 1
241 127.0822 238.3572 1.0388336223460259e-09 0.001 1.822518083301664e-08 0.001 1.3408645293585568e-07 0.001 8.51694077877182e-07 0.001 5.906763006677753e-06 0.001 2.811108861674835e-05 0.0011719639000145584 0.00010181858889057136 0.0035471239640611895 0.0005067972149921526 0.008187436359426287 0.0021192246517587124 0.014065961874756821 0.006485489523205111 0.016329600169672352 0.015547585717075967 0.012869452444214263 0.03100065475217618 0.012240358205824827 0.05458025325449656 0.013997325177205151 0.08537440785080065 0.010565043168956387 0.12036090285467088 0.01048040976397429 0.1514952354613816 0.015573202671715067 0.16629043811643532 0.01891699727499739 0.1534400724921201 0.013810368253892924 0.11393260046973622 0.010610461011629532 0.06617786410944924 0.012505844661795568 0.026944091438916292 0.013645863214329118 0.005607540607725687 0.010526968319295319 0.0 0.015449979483209787 0.0 0.01636912910997724 0.0 0.0113523840043326 0.0 0.0054801469793449055 0.0 0.002067366738756772 0.0 0.001 0.0 0.001 0.0 0.001 1
242 51.5097 233.7747 3.934070023538597e-09 0.001 7.717442048768358e-08 0.001 8.722825836439964e-07 0.001 7.419695435117885e-06 0.001 5.608237891238739e-05 0.001 0.0003103500144434206 0.002439809207480512 0.0011265352317410564 0.00603492879330271 0.003512483110986419 0.011686505420042912 0.007771598764976609 0.016107090941745034 0.015144304951206595 0.014811174254168946 0.02318925201636155 0.011977370052451131 0.03593318941176324 0.013884369061712894 0.06131677689700647 0.01244826738746627 0.10504259046782817 0.011198577725029635 0.1507861105152532 0.016085424069888263 0.16919979301281113 0.020383215979915645 0.14512056203652374 0.015741535818131716 0.10062437877432094 0.010868189580569274 0.0635257958454992 0.011185184283613366 0.043395789553707424 0.014117283497506593 0.03169223123474674 0.012191525388078647 0.02221868386591983 0.014997758913020881 0.012597549743881324 0.016219195186338613 0.005344938856772733 0.011696488445182191 0.0016556565954106738 0.006060209744006703 0.00035687739943845005 0.002368572571320701 6.103874724538271e-05 0.001 8.206415883429766e-06 0.001 7.966450471169905e-07 0.001 5.4425803611744215e-08 0.001 1
