data/processed/NGC5845-h6/hist_kins_s.ecsv
# %ECSV 1.0
# ---
# datatype:
# - {name: binID_dynamite, datatype: int64}
# - {name: v, datatype: float32}
# - {name: sigma, datatype: float32}
# - {name: losvd_0, datatype: float64}
# - {name: dlosvd_0, datatype: float64}
# - {name: losvd_1, datatype: float64}
# - {name: dlosvd_1, datatype: float64}
# - {name: losvd_2, datatype: float64}
# - {name: dlosvd_2, datatype: float64}
# - {name: losvd_3, datatype: float64}
# - {name: dlosvd_3, datatype: float64}
# - {name: losvd_4, datatype: float64}
# - {name: dlosvd_4, datatype: float64}
# - {name: losvd_5, datatype: float64}
# - {name: dlosvd_5, datatype: float64}
# - {name: losvd_6, datatype: float64}
# - {name: dlosvd_6, datatype: float64}
# - {name: losvd_7, datatype: float64}
# - {name: dlosvd_7, datatype: float64}
# - {name: losvd_8, datatype: float64}
# - {name: dlosvd_8, datatype: float64}
# - {name: losvd_9, datatype: float64}
# - {name: dlosvd_9, datatype: float64}
# - {name: losvd_10, datatype: float64}
# - {name: dlosvd_10, datatype: float64}
# - {name: losvd_11, datatype: float64}
# - {name: dlosvd_11, datatype: float64}
# - {name: losvd_12, datatype: float64}
# - {name: dlosvd_12, datatype: float64}
# - {name: losvd_13, datatype: float64}
# - {name: dlosvd_13, datatype: float64}
# - {name: losvd_14, datatype: float64}
# - {name: dlosvd_14, datatype: float64}
# - {name: losvd_15, datatype: float64}
# - {name: dlosvd_15, datatype: float64}
# - {name: losvd_16, datatype: float64}
# - {name: dlosvd_16, datatype: float64}
# - {name: losvd_17, datatype: float64}
# - {name: dlosvd_17, datatype: float64}
# - {name: losvd_18, datatype: float64}
# - {name: dlosvd_18, datatype: float64}
# - {name: losvd_19, datatype: float64}
# - {name: dlosvd_19, datatype: float64}
# - {name: losvd_20, datatype: float64}
# - {name: dlosvd_20, datatype: float64}
# - {name: losvd_21, datatype: float64}
# - {name: dlosvd_21, datatype: float64}
# - {name: losvd_22, datatype: float64}
# - {name: dlosvd_22, datatype: float64}
# - {name: losvd_23, datatype: float64}
# - {name: dlosvd_23, datatype: float64}
# - {name: losvd_24, datatype: float64}
# - {name: dlosvd_24, datatype: float64}
# - {name: losvd_25, datatype: float64}
# - {name: dlosvd_25, datatype: float64}
# - {name: losvd_26, datatype: float64}
# - {name: dlosvd_26, datatype: float64}
# - {name: losvd_27, datatype: float64}
# - {name: dlosvd_27, datatype: float64}
# - {name: losvd_28, datatype: float64}
# - {name: dlosvd_28, datatype: float64}
# - {name: losvd_29, datatype: float64}
# - {name: dlosvd_29, datatype: float64}
# - {name: is_good, datatype: int64}
# meta: !!omap
# - {dv: 100.0}
# - vcent: [-1450.0, -1350.0, -1250.0, -1150.0, -1050.0, -950.0, -850.0, -750.0, -650.0, -550.0, -450.0, -350.0, -250.0, -150.0, -50.0,
#     50.0, 150.0, 250.0, 350.0, 450.0, 550.0, 650.0, 750.0, 850.0, 950.0, 1050.0, 1150.0, 1250.0, 1350.0, 1450.0]
# - {nbins: 364}
# - {nvbins: 30}
# - PSF:
#     sigma: [0.746761475444327, 4.616470105622174]
#     weight: [0.9731804457762667, 0.026819554223733277]
# schema: astropy-2.0
binID_dynamite v sigma losvd_0 dlosvd_0 losvd_1 dlosvd_1 losvd_2 dlosvd_2 losvd_3 dlosvd_3 losvd_4 dlosvd_4 losvd_5 dlosvd_5 losvd_6 dlosvd_6 losvd_7 dlosvd_7 losvd_8 dlosvd_8 losvd_9 dlosvd_9 losvd_10 dlosvd_10 losvd_11 dlosvd_11 losvd_12 dlosvd_12 losvd_13 dlosvd_13 losvd_14 dlosvd_14 losvd_15 dlosvd_15 losvd_16 dlosvd_16 losvd_17 dlosvd_17 losvd_18 dlosvd_18 losvd_19 dlosvd_19 losvd_20 dlosvd_20 losvd_21 dlosvd_21 losvd_22 dlosvd_22 losvd_23 dlosvd_23 losvd_24 dlosvd_24 losvd_25 dlosvd_25 losvd_26 dlosvd_26 losvd_27 dlosvd_27 losvd_28 dlosvd_28 losvd_29 dlosvd_29 is_good
[from data line 37]
38 -112.3686 172.58261 0.0 100000.0 0.0 100000.0 0.0 100000.0 0.0 100000.0 0.0 100000.0 0.0 100000.0 0.0 100000.0 0.0 100000.0 0.0 100000.0 0.0 100000.0 0.0 100000.0 0.0 100000.0 0.0 100000.0 0.0 100000.0 0.0 100000.0 0.0 100000.0 0.0 100000.0 0.0 100000.0 0.0 100000.0 0.0 100000.0 0.0 100000.0 0.0 100000.0 0.0 100000.0 0.0 100000.0 0.0 100000.0 0.0 100000.0 0.0 100000.0 0.0 100000.0 0.0 100000.0 0.0 100000.0 0
39 -101.2827 191.2977 0.0 100000.0 0.0 100000.0 0.0 100000.0 0.0 100000.0 0.0 100000.0 0.0 100000.0 0.0 100000.0 0.0 100000.0 0.0 100000.0 0.0 100000.0 0.0 100000.0 0.0 100000.0 0.0 100000.0 0.0 100000.0 0.0 100000.0 0.0 100000.0 0.0 100000.0 0.0 100000.0 0.0 100000.0 0.0 100000.0 0.0 100000.0 0.0 100000.0 0.0 100000.0 0.0 100000.0 0.0 100000.0 0.0 100000.0 0.0 100000.0 0.0 100000.0 0.0 100000.0 0.0 100000.0 0
40 -81.2176 193.53294 0.0 100000.0 0.0 100000.0 0.0 100000.0 0.0 100000.0 0.0 100000.0 0.0 100000.0 0.0 100000.0 0.0 100000.0 0.0 100000.0 0.0 100000.0 0.0 100000.0 0.0 100000.0 0.0 100000.0 0.0 100000.0 0.0 100000.0 0.0 100000.0 0.0 100000.0 0.0 100000.0 0.0 100000.0 0.0 100000.0 0.0 100000.0 0.0 100000.0 0.0 100000.0 0.0 100000.0 0.0 100000.0 0.0 100000.0 0.0 100000.0 0.0 100000.0 0.0 100000.0 0.0 100000.0 0
41 -64.1198 191.73251 0.0 100000.0 0.0 100000.0 0.0 100000.0 0.0 100000.0 0.0 100000.0 0.0 100000.0 0.0 100000.0 0.0 100000.0 0.0 100000.0 0.0 100000.0 0.0 100000.0 0.0 100000.0 0.0 100000.0 0.0 100000.0 0.0 100000.0 0.0 100000.0 0.0 100000.0 0.0 100000.0 0.0 100000.0 0.0 100000.0 0.0 100000.0 0.0 100000.0 0.0 100000.0 0.0 100000.0 0.0 100000.0 0.0 100000.0 0.0 100000.0 0.0 100000.0 0.0 100000.0 0.0 100000.0 0
42 -44.5867 188.97343 0.0 100000.0 0.0 100000.0 0.0 100000.0 0.0 100000.0 0.0 100000.0 0.0 100000.0 0.0 100000.0 0.0 100000.0 0.0 100000.0 0.0 100000.0 0.0 100000.0 0.0 100000.0 0.0 100000.0 0.0 100000.0 0.0 100000.0 0.0 100000.0 0.0 100000.0 0.0 100000.0 0.0 100000.0 0.0 100000.0 0.0 100000.0 0.0 100000.0 0.0 100000.0 0.0 100000.0 0.0 100000.0 0.0 100000.0 0.0 100000.0 0.0 100000.0 0.0 100000.0 0.0 100000.0 0
43 -20.3866 176.44514 0.0 100000.0 0.0 100000.0 0.0 100000.0 0.0 100000.0 0.0 100000.0 0.0 100000.0 0.0 100000.0 0.0 100000.0 0.0 100000.0 0.0 100000.0 0.0 100000.0 0.0 100000.0 0.0 100000.0 0.0 100000.0 0.0 100000.0 0.0 100000.0 0.0 100000.0 0.0 100000.0 0.0 100000.0 0.0 100000.0 0.0 100000.0 0.0 100000.0 0.0 100000.0 0.0 100000.0 0.0 100000.0 0.0 100000.0 0.0 100000.0 0.0 100000.0 0.0 100000.0 0.0 100000.0 0
44 6.1304 156.87787 0.0 100000.0 0.0 100000.0 0.0 100000.0 0.0 100000.0 0.0 100000.0 0.0 100000.0 0.0 100000.0 0.0 100000.0 0.0 100000.0 0.0 100000.0 0.0 100000.0 0.0 100000.0 0.0 100000.0 0.0 100000.0 0.0 100000.0 0.0 100000.0 0.0 100000.0 0.0 100000.0 0.0 100000.0 0.0 100000.0 0.0 100000.0 0.0 100000.0 0.0 100000.0 0.0 100000.0 0.0 100000.0 0.0 100000.0 0.0 100000.0 0.0 100000.0 0.0 100000.0 0.0 100000.0 0
45 12.6564 158.78203 0.0 0.001 2.2882470101579412e-15 0.001 2.9253527261513523e-13 0.001 3.351989258189175e-11 0.001 1.8316094118615405e-09 0.001 4.856444990792422e-08 0.001 1.236827441624114e-06 0.001 1.7179983612300065e-05 0.001 0.00010113299309488712 0.0046165307557431545 0.0007699744687423466 0.015152370625404081 0.004499016267917932 0.022732992543931456 0.021861224826243957 0.012012767734065965 0.07108462246396881 0.01821069971045936 0.1507643855482764 0.007633596406230875 0.2249035702001763 0.0196101065927259 0.24388300983337272 0.022298601259886572 0.17927879503611024 0.00829597032049778 0.08135142984393241 0.018495854531248176 0.01962541596384572 0.011223549598720396 0.001761461717768352 0.023670053451048348 2.6401420561469046e-05 0.018933460647444028 6.185097491047643e-05 0.006530574941318708 5.714710550356485e-06 0.0012480600533294013 3.1183175155436757e-06 0.001 3.948115764287795e-07 0.001 1.309421800672974e-08 0.001 2.619140299008598e-10 0.001 4.340652084377383e-12 0.001 3.4784095465918365e-14 0.001 2.1573179340250226e-16 0.001 1
46 27.943 159.07541 0.0 0.001 0.0 0.001 0.0 0.001 0.0 0.001 0.0 0.001 0.0 0.001 0.0 0.001 0.0 0.001 0.0 0.0037158151475473224 0.00022352349108659624 0.012804120874033062 0.005691493270985705 0.021871337320442046 0.02250811044259874 0.01485572336535269 0.06277067969236656 0.019004789457400525 0.13071138417851935 0.009392492956910296 0.21338897329641368 0.018111122684944442 0.24696293437673358 0.02555822686227875 0.18632318666501255 0.010814271493530689 0.09144612001971913 0.01577877385635123 0.030698588965533572 0.013968906256888802 0.007976932059400789 0.020431854409683075 0.001155800943709472 0.021260700005203616 0.00014227259792037728 0.008800380343477587 0.0 0.0018911938405663813 0.0 0.001 0.0 0.001 0.0 0.001 0.0 0.001 0.0 0.001 0.0 0.001 0.0 0.001 1
47 -121.4409 131.94781 0.0 0.001 0.0 0.001 0.0 0.001 0.0 0.001 0.0 0.001 0.0 0.001 0.0 0.001 0.0 0.0013672749177334697 0.0 0.00903554836376216 0.0 0.027701650275534687 0.0 0.0282701613077501 0.06041309991041997 0.03011874435049198 0.2100825558211762 0.024281756512618977 0.2895448740682891 0.037181582887209574 0.25570399614394274 0.028407652919398535 0.14765549248827423 0.02374167361630454 0.03659998156789783 0.023293795514029984 0.0 0.029177673704837787 0.0 0.018194844016626018 0.0 0.004175695717365884 0.0 0.001 0.0 0.001 0.0 0.001 0.0 0.001 0.0 0.001 0.0 0.001 0.0 0.001 0.0 0.001 0.0 0.001 0.0 0.001 1
48 -116.9232 137.756 0.0 0.001 0.0 0.001 0.0 0.001 0.0 0.001 5.49893580042064e-11 0.001 3.827517055046657e-08 0.001 2.5601542014366195e-06 0.001 8.875617666679143e-05 0.0017173236177404636 0.0012281473009797276 0.009607127349896613 0.007569656050039439 0.02342275052888915 0.02242175924622081 0.016806183371273074 0.057784001158107 0.01892888746072817 0.16548238744184568 0.010767839447853478 0.2792352386459834 0.02551876225186761 0.23040630184408784 0.019481240720548784 0.1207190186303579 0.011737386559016162 0.06993693252302768 0.017212853866978742 0.03453069142918375 0.021435937149235036 0.009461116853790225 0.01930638086425337 0.0010755035683479497 0.005510239563560728 5.698889389105219e-05 0.001 8.967211327795939e-07 0.001 4.996666741435478e-09 0.001 3.530991683546168e-11 0.001 0.0 0.001 0.0 0.001 0.0 0.001 0.0 0.001 0.0 0.001 0.0 0.001 1
49 -107.4016 134.17026 0.0 0.001 0.0 0.001 0.0 0.001 0.0 0.001 0.0 0.001 0.0 0.001 0.0 0.001 0.0 0.001 0.00012971060569183775 0.007099698167116802 0.0023348184067652463 0.02312928975008161 0.01233058550043569 0.02032292962756239 0.0502817700180719 0.020106118467646997 0.16159087904985786 0.012327816448840637 0.28032414142983375 0.025541978711139085 0.2527593530674705 0.021279466281408935 0.1383724362371038 0.01268310224881325 0.06569678876636184 0.01904543793974745 0.028078470462106025 0.022635881309508745 0.007185263606866207 0.019598242134525688 0.0008602245039518811 0.00537589548353571 5.428371820969873e-05 0.001 1.2594702580577008e-06 0.001 1.5119244125492067e-08 0.001 3.770390833854753e-11 0.001 6.765418387214168e-14 0.001 0.0 0.001 0.0 0.001 0.0 0.001 0.0 0.001 0.0 0.001 1
50 -102.8873 141.23885 0.0 0.001 0.0 0.001 2.363280297137238e-15 0.001 3.2476568518779433e-12 0.001 4.873261096779632e-10 0.001 5.966109894920981e-08 0.001 2.6599703752915747e-06 0.001 4.155398634941227e-05 0.0018033270896613647 0.00092047500593936 0.009900218148453349 0.006800474974272411 0.02365025482716668 0.02681280286938715 0.017928397926319273 0.06810744666274911 0.01896460235799844 0.15272782329331627 0.009311833815556267 0.25666196759342164 0.02437129295253622 0.25819539317420975 0.023546898562850374 0.1482122893043996 0.009676530008061526 0.05528899328805007 0.0182556981522952 0.019264837440035983 0.017374395742827498 0.005813393253040799 0.02260597981416964 0.0010322062348969764 0.009417139477818212 0.00011152532729730935 0.0016599831159024234 5.9439421614344965e-06 0.001 1.5152343935173017e-07 0.001 1.993705667774601e-09 0.001 1.1246422845745618e-11 0.001 3.0822507141588944e-14 0.001 9.674254695788974e-17 0.001 0.0 0.001 0.0 0.001 0.0 0.001 1
51 -106.4244 160.80089 1.6118342460155706e-14 0.001 1.828596922831618e-12 0.001 1.252944029672453e-10 0.001 4.318920802921502e-09 0.001 1.616431332890235e-07 0.001 3.2228670996355617e-06 0.001 3.887536595920811e-05 0.0012350447746948033 0.00015573579974542312 0.0062366531938527455 0.0010465911848263944 0.017614067331021742 0.007058402237061909 0.022285424151517866 0.027883890068049567 0.012552193589648979 0.0822908122767434 0.017099748483184553 0.165377852796856 0.007954515291526534 0.23381674680866218 0.02292642893522498 0.23212450034989796 0.019903353838251314 0.1574570638518777 0.007593335438099563 0.06900551091308542 0.01861227540985189 0.018940907954801092 0.01148516179852521 0.0038007257160939238 0.024026377263053986 0.0006939821158310476 0.016745808292613178 0.0002565436479021751 0.0056782034624838365 4.4218481116568564e-05 0.0010354552413901132 4.014568442121517e-06 0.001 2.2980536562971287e-07 0.001 6.9873911929560175e-09 0.001 1.1252035491315977e-10 0.001 1.4677443385993946e-12 0.001 1.0154502865365772e-14 0.001 1.0262622284726577e-16 0.001 0.0 0.001 1
52 -106.9678 170.74554 0.0 100000.0 0.0 100000.0 0.0 100000.0 0.0 100000.0 0.0 100000.0 0.0 100000.0 0.0 100000.0 0.0 100000.0 0.0 100000.0 0.0 100000.0 0.0 100000.0 0.0 100000.0 0.0 100000.0 0.0 100000.0 0.0 100000.0 0.0 100000.0 0.0 100000.0 0.0 100000.0 0.0 100000.0 0.0 100000.0 0.0 100000.0 0.0 100000.0 0.0 100000.0 0.0 100000.0 0.0 100000.0 0.0 100000.0 0.0 100000.0 0.0 100000.0 0.0 100000.0 0.0 100000.0 0
53 -118.0107 189.82068 0.0 100000.0 0.0 100000.0 0.0 100000.0 0.0 100000.0 0.0 100000.0 0.0 100000.0 0.0 100000.0 0.0 100000.0 0.0 100000.0 0.0 100000.0 0.0 100000.0 0.0 100000.0 0.0 100000.0 0.0 100000.0 0.0 100000.0 0.0 100000.0 0.0 100000.0 0.0 100000.0 0.0 100000.0 0.0 100000.0 0.0 100000.0 0.0 100000.0 0.0 100000.0 0.0 100000.0 0.0 100000.0 0.0 100000.0 0.0 100000.0 0.0 100000.0 0.0 100000.0 0.0 100000.0 0
54 -122.5698 204.66661 0.0 100000.0 0.0 100000.0 0.0 100000.0 0.0 100000.0 0.0 100000.0 0.0 100000.0 0.0 100000.0 0.0 100000.0 0.0 100000.0 0.0 100000.0 0.0 100000.0 0.0 100000.0 0.0 100000.0 0.0 100000.0 0.0 100000.0 0.0 100000.0 0.0 100000.0 0.0 100000.0 0.0 100000.0 0.0 100000.0 0.0 100000.0 0.0 100000.0 0.0 100000.0 0.0 100000.0 0.0 100000.0 0.0 100000.0 0.0 100000.0 0.0 100000.0 0.0 100000.0 0.0 100000.0 0
55 -104.2928 220.62137 0.0 100000.0 0.0 100000.0 0.0 100000.0 0.0 100000.0 0.0 100000.0 0.0 100000.0 0.0 100000.0 0.0 100000.0 0.0 100000.0 0.0 100000.0 0.0 100000.0 0.0 100000.0 0.0 100000.0 0.0 100000.0 0.0 100000.0 0.0 100000.0 0.0 100000.0 0.0 100000.0 0.0 100000.0 0.0 100000.0 0.0 100000.0 0.0 100000.0 0.0 100000.0 0.0 100000.0 0.0 100000.0 0.0 100000.0 0.0 100000.0 0.0 100000.0 0.0 100000.0 0.0 100000.0 0
56 -70.6887 217.06364 0.0 100000.0 0.0 100000.0 0.0 100000.0 0.0 100000.0 0.0 100000.0 0.0 100000.0 0.0 100000.0 0.0 100000.0 0.0 100000.0 0.0 100000.0 0.0 100000.0 0.0 100000.0 0.0 100000.0 0.0 100000.0 0.0 100000.0 0.0 100000.0 0.0 100000.0 0.0 100000.0 0.0 100000.0 0.0 100000.0 0.0 100000.0 0.0 100000.0 0.0 100000.0 0.0 100000.0 0.0 100000.0 0.0 100000.0 0.0 100000.0 0.0 100000.0 0.0 100000.0 0.0 100000.0 0
57 -43.5648 206.58737 0.0 100000.0 0.0 100000.0 0.0 100000.0 0.0 100000.0 0.0 100000.0 0.0 100000.0 0.0 100000.0 0.0 100000.0 0.0 100000.0 0.0 100000.0 0.0 100000.0 0.0 100000.0 0.0 100000.0 0.0 100000.0 0.0 100000.0 0.0 100000.0 0.0 100000.0 0.0 100000.0 0.0 100000.0 0.0 100000.0 0.0 100000.0 0.0 100000.0 0.0 100000.0 0.0 100000.0 0.0 100000.0 0.0 100000.0 0.0 100000.0 0.0 100000.0 0.0 100000.0 0.0 100000.0 0
58 -15.8207 197.69525 0.0 100000.0 0.0 100000.0 0.0 100000.0 0.0 100000.0 0.0 100000.0 0.0 100000.0 0.0 100000.0 0.0 100000.0 0.0 100000.0 0.0 100000.0 0.0 100000.0 0.0 100000.0 0.0 100000.0 0.0 100000.0 0.0 100000.0 0.0 100000.0 0.0 100000.0 0.0 100000.0 0.0 100000.0 0.0 100000.0 0.0 100000.0 0.0 100000.0 0.0 100000.0 0.0 100000.0 0.0 100000.0 0.0 100000.0 0.0 100000.0 0.0 100000.0 0.0 100000.0 0.0 100000.0 0
59 10.8085 170.70743 0.0 100000.0 0.0 100000.0 0.0 100000.0 0.0 100000.0 0.0 100000.0 0.0 100000.0 0.0 100000.0 0.0 100000.0 0.0 100000.0 0.0 100000.0 0.0 100000.0 0.0 100000.0 0.0 100000.0 0.0 100000.0 0.0 100000.0 0.0 100000.0 0.0 100000.0 0.0 100000.0 0.0 100000.0 0.0 100000.0 0.0 100000.0 0.0 100000.0 0.0 100000.0 0.0 100000.0 0.0 100000.0 0.0 100000.0 0.0 100000.0 0.0 100000.0 0.0 100000.0 0.0 100000.0 0
60 23.0299 161.28378 0.0 100000.0 0.0 100000.0 0.0 100000.0 0.0 100000.0 0.0 100000.0 0.0 100000.0 0.0 100000.0 0.0 100000.0 0.0 100000.0 0.0 100000.0 0.0 100000.0 0.0 100000.0 0.0 100000.0 0.0 100000.0 0.0 100000.0 0.0 100000.0 0.0 100000.0 0.0 100000.0 0.0 100000.0 0.0 100000.0 0.0 100000.0 0.0 100000.0 0.0 100000.0 0.0 100000.0 0.0 100000.0 0.0 100000.0 0.0 100000.0 0.0 100000.0 0.0 100000.0 0.0 100000.0 0
61 44.3057 144.4866 0.0 0.001 0.0 0.001 0.0 0.001 1.939238627738769e-15 0.001 1.2298069542053584e-12 0.001 4.579780605305727e-10 0.001 3.833839047961663e-08 0.001 2.0588044491932777e-06 0.001 5.786106267086846e-05 0.001 0.0008193920873929176 0.005959566300730805 0.006693293738753937 0.019257968258451486 0.02702130170569642 0.02449605411423678 0.06173163010923374 0.017549041232367626 0.1124626244149848 0.018083090696925305 0.1982111049774738 0.016637638018757353 0.270904386266978 0.029838396012379115 0.2177785942387749 0.017145052691766874 0.09076911716774011 0.0194232912460097 0.013548596628251117 0.016223107733172384 0.0 0.025823918041520642 0.0 0.017787116011952812 0.0 0.004954907599254707 0.0 0.001 0.0 0.001 0.0 0.001 0.0 0.001 0.0 0.001 0.0 0.001 0.0 0.001 0.0 0.001 1
62 43.7382 149.19806 0.0 0.001 0.0 0.001 0.0 0.001 0.0 0.001 0.0 0.001 0.0 0.001 0.0 0.001 0.0 0.001 0.0 0.0015253039201624614 0.0 0.008493850352615295 0.0 0.02355588566031387 0.0 0.023987198316515076 0.03818858444980582 0.0194206918513073 0.13205252445240528 0.016849626686521846 0.2204016021422866 0.016503600208322172 0.2578125168724236 0.03023228441607856 0.22428200935678086 0.015228494757194372 0.11409496603042966 0.019099433093017003 0.013167796695868142 0.016713291425320027 0.0 0.026765532251382017 0.0 0.02219224246040231 0.0 0.007128176359356248 0.0 0.001214559824450184 0.0 0.001 0.0 0.001 0.0 0.001 0.0 0.001 0.0 0.001 0.0 0.001 0.0 0.001 1
63 -106.5327 123.776306 0.0 0.001 0.0 0.001 0.0 0.001 0.0 0.001 0.0 0.001 0.0 0.001 0.0 0.001 0.0 0.001 0.0 0.003867214740486935 0.0 0.018144737280338632 0.004088689552495174 0.02898962063556031 0.04330059287249691 0.023336226156846378 0.16979001783972256 0.019595058119013423 0.30077351101532906 0.032030334705762525 0.2829784389414009 0.0293457048995254 0.1525502572503127 0.020612746373101717 0.041543649604230515 0.02218128259905334 0.0049748429240120936 0.029075690383890795 0.0 0.016160242839736022 0.0 0.0030012104583060856 0.0 0.001 0.0 0.001 0.0 0.001 0.0 0.001 0.0 0.001 0.0 0.001 0.0 0.001 0.0 0.001 0.0 0.001 0.0 0.001 1
64 -92.9377 132.1428 0.0 0.001 0.0 0.001 0.0 0.001 0.0 0.001 2.941459967166319e-15 0.001 6.920508389782106e-12 0.001 1.6215255410483712e-08 0.001 3.874550437488085e-06 0.001 0.00018249556440168695 0.00518065199558536 0.0023639099461260984 0.01886444328930209 0.014034964312760674 0.02650544290041633 0.04875627858221648 0.021231702752262886 0.14359859976879175 0.021220999161425266 0.26803613463237286 0.029285371244708258 0.27514605628157623 0.03191003325612311 0.15839978295500398 0.01929106864218777 0.062026064170813834 0.022042150115693902 0.02189646161624596 0.024310951620145883 0.005116527826601216 0.020321578207292676 0.0004305996471581222 0.0059627500588241115 8.174365400631751e-06 0.001 5.941831164937516e-08 0.001 1.3940133421676194e-10 0.001 2.0109987609956098e-13 0.001 0.0 0.001 0.0 0.001 0.0 0.001 0.0 0.001 0.0 0.001 0.0 0.001 1
