data/processed/NGC5845-h6/hist_kins.ecsv
# %ECSV 1.0
# ---
# datatype:
# - {name: binID_dynamite, datatype: int64}
# - {name: v, datatype: float32}
# - {name: sigma, datatype: float32}
# - {name: losvd_0, datatype: float64}
# - {name: dlosvd_0, datatype: float64}
# - {name: losvd_1, datatype: float64}
# - {name: dlosvd_1, datatype: float64}
# - {name: losvd_2, datatype: float64}
# - {name: dlosvd_2, datatype: float64}
# - {name: losvd_3, datatype: float64}
# - {name: dlosvd_3, datatype: float64}
# - {name: losvd_4, datatype: float64}
# - {name: dlosvd_4, datatype: float64}
# - {name: losvd_5, datatype: float64}
# - {name: dlosvd_5, datatype: float64}
# - {name: losvd_6, datatype: float64}
# - {name: dlosvd_6, datatype: float64}
# - {name: losvd_7, datatype: float64}
# - {name: dlosvd_7, datatype: float64}
# - {name: losvd_8, datatype: float64}
# - {name: dlosvd_8, datatype: float64}
# - {name: losvd_9, datatype: float64}
# - {name: dlosvd_9, datatype: float64}
# - {name: losvd_10, datatype: float64}
# - {name: dlosvd_10, datatype: float64}
# - {name: losvd_11, datatype: float64}
# - {name: dlosvd_11, datatype: float64}
# - {name: losvd_12, datatype: float64}
# - {name: dlosvd_12, datatype: float64}
# - {name: losvd_13, datatype: float64}
# - {name: dlosvd_13, datatype: float64}
# - {name: losvd_14, datatype: float64}
# - {name: dlosvd_14, datatype: float64}
# - {name: losvd_15, datatype: float64}
# - {name: dlosvd_15, datatype: float64}
# - {name: losvd_16, datatype: float64}
# - {name: dlosvd_16, datatype: float64}
# - {name: losvd_17, datatype: float64}
# - {name: dlosvd_17, datatype: float64}
# - {name: losvd_18, datatype: float64}
# - {name: dlosvd_18, datatype: float64}
# - {name: losvd_19, datatype: float64}
# - {name: dlosvd_19, datatype: float64}
# - {name: losvd_20, datatype: float64}
# - {name: dlosvd_20, datatype: float64}
# - {name: losvd_21, datatype: float64}
# - {name: dlosvd_21, datatype: float64}
# - {name: losvd_22, datatype: float64}
# - {name: dlosvd_22, datatype: float64}
# - {name: losvd_23, datatype: float64}
# - {name: dlosvd_23, datatype: float64}
# - {name: losvd_24, datatype: float64}
# - {name: dlosvd_24, datatype: float64}
# - {name: losvd_25, datatype: float64}
# - {name: dlosvd_25, datatype: float64}
# - {name: losvd_26, datatype: float64}
# - {name: dlosvd_26, datatype: float64}
# - {name: losvd_27, datatype: float64}
# - {name: dlosvd_27, datatype: float64}
# - {name: losvd_28, datatype: float64}
# - {name: dlosvd_28, datatype: float64}
# - {name: losvd_29, datatype: float64}
# - {name: dlosvd_29, datatype: float64}
# - {name: is_good, datatype: int64}
# meta: !!omap
# - {dv: 100.0}
# - vcent: [-1450.0, -1350.0, -1250.0, -1150.0, -1050.0, -950.0, -850.0, -750.0, -650.0, -550.0, -450.0, -350.0, -250.0, -150.0, -50.0,
#     50.0, 150.0, 250.0, 350.0, 450.0, 550.0, 650.0, 750.0, 850.0, 950.0, 1050.0, 1150.0, 1250.0, 1350.0, 1450.0]
# - {nbins: 684}
# - {nvbins: 30}
# - PSF:
#     sigma:
#     - [0.4278574033096264, 1.4696945928287308]
#     - [0.746761475444327, 4.616470105622174]
#     weight:
#     - [0.7699515885757993, 0.23004841142420074]
#     - [0.9731804457762667, 0.026819554223733277]
# - aperture_exprs: [_o, _s]
# schema: astropy-2.0
binID_dynamite v sigma losvd_0 dlosvd_0 losvd_1 dlosvd_1 losvd_2 dlosvd_2 losvd_3 dlosvd_3 losvd_4 dlosvd_4 losvd_5 dlosvd_5 losvd_6 dlosvd_6 losvd_7 dlosvd_7 losvd_8 dlosvd_8 losvd_9 dlosvd_9 losvd_10 dlosvd_10 losvd_11 dlosvd_11 losvd_12 dlosvd_12 losvd_13 dlosvd_13 losvd_14 dlosvd_14 losvd_15 dlosvd_15 losvd_16 dlosvd_16 losvd_17 dlosvd_17 losvd_18 dlosvd_18 losvd_19 dlosvd_19 losvd_20 dlosvd_20 losvd_21 dlosvd_21 losvd_22 dlosvd_22 losvd_23 dlosvd_23 losvd_24 dlosvd_24 losvd_25 dlosvd_25 losvd_26 dlosvd_26 losvd_27 dlosvd_27 losvd_28 dlosvd_28 losvd_29 dlosvd_29 is_good
[from data line 14]
15 -18.1171 256.0014 3.67178493018671e-07 0.001 1.6565288140514298e-06 0.001 0.0 0.001 0.0 0.001469186105816055 0.0 0.0037991082397282735 0.0 0.008149139509327472 0.0 0.013421896495813566 0.0 0.014975827592097968 0.0 0.01055396553773421 0.008192827815234966 0.008814384855721434 0.03034670570403021 0.013068013307551717 0.06667511105381282 0.009973721811000098 0.10986665790665665 0.0073795046491927085 0.14371867960473994 0.011527369820113487 0.1553448505767084 0.01697163729865625 0.14429702148899853 0.015198661123348625 0.11829974195083832 0.00939234280129634 0.08861161100841304 0.007014910703955574 0.060507996649266364 0.011173897362480343 0.036980901080304274 0.011908820386779335 0.020844928592518547 0.008714370489454564 0.010502667327778393 0.01218768566627127 0.004004337295534001 0.013935660553940531 0.0012988786340727603 0.011064000640723385 0.00036048492572825116 0.006207542315300102 0.00011394270576778078 0.0026602063822607214 2.563144232402266e-05 0.001 3.8721004724819175e-06 0.001 9.309579682132079e-07 0.001 1.974715250264358e-07 0.001 1
16 35.3549 269.5646 1.3915109001773112e-06 0.001 6.050054884406272e-06 0.001 2.6762063416855797e-05 0.001 0.00011727113130775618 0.0015042187930012002 0.0003505953637108117 0.0038114174675023776 0.0009033937532487717 0.007721371565031063 0.001977733353048072 0.012215055542934162 0.00447680556931556 0.014259731993678162 0.00962449744247358 0.010829103123475374 0.017498334348120075 0.007739110926785094 0.031734640318043225 0.011836327136450647 0.05383308446916651 0.010600194754491997 0.08228545836408344 0.005379248281474125 0.11283642952163105 0.007215190935351903 0.1367929647722253 0.014045644956798588 0.1463403386695576 0.01715431277675321 0.13563215585282182 0.011899984390824743 0.10847485389727932 0.005942439327383212 0.07404342146944022 0.006237965065858421 0.042309586854566414 0.011587942189132571 0.02169273685275728 0.010526784395799842 0.009643934861016857 0.007381464731553699 0.004570403280672534 0.012626510722499587 0.0025751927705091283 0.014760940707461534 0.0012699795786164716 0.01182860964580221 0.0006225430042133886 0.006732494523785996 0.000255297426028275 0.0029911976589184906 8.02932683448801e-05 0.0010935868227465303 1.8965729756856234e-05 0.001 4.884448843368446e-06 0.001 1
17 -81.4054 222.8471 7.403337014043313e-09 0.001 1.3260067066905283e-07 0.001 2.2044991440829805e-06 0.001 2.2262139732418156e-05 0.001 0.00013136048551992558 0.0020189547757320124 0.0006667587162006354 0.005890022438324104 0.002434147193140821 0.01222842138612091 0.006132416535569855 0.016879015717659138 0.01320366426572466 0.013293281530274391 0.02380389715800638 0.009750307849055801 0.04299970019857493 0.014306505165036773 0.07737113145594207 0.009067483765727066 0.12592149816279008 0.008797556634239402 0.1697165959192518 0.016988618646904444 0.1747560269771371 0.019276466257096683 0.14003741886624876 0.011195054135818477 0.09207596327829785 0.007844440720850047 0.0562101666770468 0.013122093165850966 0.034853090247607736 0.012784885788328317 0.022231581767609553 0.010816613998271347 0.011321496400943305 0.01680447156129922 0.004353459817351032 0.01455939930418841 0.0013411120734696752 0.008044868098975245 0.0003423007711957363 0.003168597379304486 6.0045879640114755e-05 0.001 1.0248168752443554e-05 0.001 1.2138863691167475e-06 0.001 9.349094405938754e-08 0.001 4.763515500326875e-09 0.001 2.002657516505964e-10 0.001 1
18 -55.7366 247.7253 5.706739039332586e-07 0.001 4.424608026081871e-06 0.001 2.6968397672726885e-05 0.001 0.0001024404567828565 0.0013854532555568535 0.0003924508757946599 0.003842528986975924 0.0011591974202073284 0.008236262488754392 0.002676526771742885 0.013533051893132534 0.0054631523616105165 0.015508610636589435 0.010117283302461368 0.010898338172049361 0.018676425744616754 0.009844262315677385 0.03682236706180023 0.012354117197483213 0.07112079190801564 0.00939904925687901 0.11539232918800622 0.009220924429067322 0.1524800211003746 0.013711243446823132 0.15940275346906108 0.01776918242902062 0.13640081737764523 0.013011273502280978 0.09876969334061694 0.008680053841150635 0.06687210510990346 0.009298633067648068 0.04648825669400895 0.012516613789549463 0.03356877555415945 0.010048784336271445 0.02260561846994297 0.01087438113925821 0.013043470471725837 0.014559289508204287 0.005825431160543148 0.012310813085459435 0.001885849951590021 0.0073420854616886265 0.0005405738249880071 0.0033791545439224033 0.00013142925860260005 0.0011825282508216737 2.5760664026620037e-05 0.001 3.998439091667372e-06 0.001 4.762961957299368e-07 0.001 4.0046882401938564e-08 0.001 1
19 -112.525 248.7144 0.0 0.001 0.0 0.001 0.0 0.001 0.0 0.003018409368788333 0.0 0.0071923275411973275 0.0 0.01314668008049502 0.0 0.016716444904006714 0.0 0.0137847593763365 0.0008065587697098179 0.00745261190559268 0.020386294841552206 0.01251747506550948 0.05832363323505692 0.011032375806852304 0.10714720922409543 0.005197695562761201 0.1476564201818027 0.010374734881916453 0.1610107306281332 0.01771625584607167 0.1438691700322705 0.015584664570191961 0.11296862199431515 0.008495598034385765 0.08392682028893839 0.005253796537522677 0.061641985881355645 0.011769049708856654 0.04496810657899665 0.012609234827110537 0.029065998287720468 0.008360888820130065 0.01628106285477641 0.013752137166507987 0.007834235116761665 0.015093488907350126 0.0029961046128008633 0.0110953241818843 0.000860400312819363 0.005673780676767935 0.0002177126950336861 0.0022779572840025144 3.394096013247819e-05 0.001 4.704735598278339e-06 0.001 2.887681302298355e-07 0.001 0.0 0.001 0.0 0.001 1
20 -99.181 251.8516 8.198664175390806e-07 0.001 8.362107936213994e-07 0.001 5.995827727212014e-06 0.001 0.0 0.0029609782430319942 0.0 0.006874776817870862 0.0 0.012311365614217886 0.0 0.015386255825552355 0.0 0.012291343587877108 0.005559219156089509 0.007405757460947019 0.021961844254616093 0.011780521874464794 0.05540270983625073 0.010436816810707593 0.09965163435260647 0.005603061725433747 0.13958764223312947 0.009520958617440234 0.15769159497124363 0.01576209518328628 0.14935446612666764 0.016376355532328316 0.12228865575100005 0.009159409802779926 0.09052306262710816 0.005505739632409426 0.06390141778004337 0.010192340573052003 0.04234359875526866 0.012090780895971893 0.026313140122062387 0.008139040878281281 0.014821477516111053 0.012412972504159897 0.006796327725636093 0.014927493148332324 0.002664571678497156 0.011840908262693964 0.0008253242559753009 0.0066028539278099735 0.0002337832706660626 0.002825176656580831 6.058923326464685e-05 0.001 9.497018522063956e-06 0.001 1.4858711758210974e-06 0.001 2.712753213958743e-07 0.001 3.428380572710443e-08 0.001 1
21 -118.3944 229.5167 9.597312156030108e-08 0.001 0.0 0.001 0.0 0.001 0.0 0.0013757617142625732 0.0 0.004260680882481662 0.0 0.010014397265677752 0.0 0.016735697709869587 0.0006994498275734482 0.017073169653654383 0.0057220265882830055 0.009108198598033515 0.02160552224884662 0.012358337897155413 0.056462301013374384 0.012384252551102488 0.10607020379220171 0.005554978298423802 0.15225028179641426 0.010904403517493763 0.17321769665968073 0.019031960548208077 0.1589524860717849 0.016742446514111414 0.12253221062776644 0.008059781785035587 0.0843964074326232 0.007241165968210929 0.05431225941884292 0.014327842237182593 0.032568058733318174 0.010393507027489552 0.01831224959659904 0.011499657640743663 0.008166791775391662 0.016833776367969677 0.003276235399606042 0.013925981179882316 0.0010818187822260103 0.007307023925527208 0.0002882046855507104 0.0028202080573157145 7.258165374310842e-05 0.001 1.125013096776614e-05 0.001 1.6622285587751037e-06 0.001 1.87632216238008e-07 0.001 1.6754939353846932e-08 0.001 1.1763700284547723e-09 0.001 1
22 -129.9921 238.6582 0.0 0.001 0.0 0.001 0.0 0.001 0.0 0.0024332570110731097 0.0 0.006310985637365478 0.0 0.01218845705245434 0.0 0.01681344292805187 0.0 0.014253416604876149 0.0 0.009226209096502418 0.018156841766696147 0.014137474106624862 0.06093884362093524 0.012653999936856269 0.11648251577950362 0.008148720835279663 0.15961138382311765 0.0133428094227587 0.16684982811508328 0.01939805489801029 0.14164405155051327 0.015811376558634307 0.10631000676301391 0.008847093930709295 0.07915255300887519 0.008096896178519782 0.06081338605391813 0.013756116424934895 0.04320539088784918 0.011889092783319535 0.026505756969301488 0.011138442775145448 0.013434338354919015 0.015737040958621037 0.005146615325163664 0.013882672714355324 0.0014321643608673172 0.008176337613131333 0.00026674434970054713 0.0035956347865436955 4.510424647115134e-05 0.0011816355807053364 4.354001691724507e-06 0.001 1.2102237956616345e-07 0.001 0.0 0.001 0.0 0.001 0.0 0.001 1
23 -34.5317 254.8518 0.0 0.001 0.0 0.001 0.0 0.001 0.0 0.0017336502394963594 0.0 0.004609269923136562 0.0 0.009562244668558949 0.0 0.015031876982526619 0.0 0.016269940617524976 0.0 0.010803164830585982 0.0072956074912582675 0.009233760379878986 0.036304853629265596 0.013549973754019133 0.07781047688680823 0.008795907046577643 0.119971311081577 0.006854042679760912 0.14807969961386647 0.012243125977939667 0.15409147275502777 0.01733279604730055 0.14137587041141755 0.014241783113312784 0.11644579783578192 0.007934702077271115 0.08716438003227718 0.006768656815678981 0.05814124519537158 0.012353142216413503 0.03283123944065131 0.011473279704006968 0.015349486807678192 0.009084330592761442 0.004549901088003735 0.01383654876612833 0.0005886577310150633 0.01492876968563645 0.0 0.01034922202765945 0.0 0.0054678605332149615 0.0 0.0022407150161064273 0.0 0.001 0.0 0.001 0.0 0.001 0.0 0.001 1
24 10.6635 262.1397 0.0 0.001 0.0 0.001 0.0 0.001 0.0 0.001426987348192133 9.6596476307322e-06 0.003776254632479592 0.00043509500523539624 0.007864532567013444 0.0016527634443401704 0.013072697119672416 0.004538154187525672 0.01504943540105715 0.010821123865688715 0.011492619988761282 0.021507328932752923 0.00819721927792869 0.03854356567959767 0.012535970199642683 0.06219120955027732 0.010486992304715063 0.09063736885522991 0.006730093579523151 0.12039745868694707 0.00943974241509641 0.14345088435158393 0.0147338445340318 0.15176100570317902 0.016649565311757278 0.13717888256483268 0.01138976078627485 0.10459201033926203 0.006687920845169851 0.0663235979260293 0.01012105753997299 0.03289801863238928 0.012608074614733537 0.011485984658176662 0.00861599485147042 0.0015758879693215004 0.010953234791030714 0.0 0.014985065242265318 0.0 0.013306178266544106 0.0 0.008505334987265778 0.0 0.004226011840492925 0.0 0.0016658298359151762 0.0 0.001 0.0 0.001 0.0 0.001 1
25 -14.5815 269.5163 1.2609443892955508e-06 0.001 7.4306170451478635e-06 0.001 3.524235883703795e-05 0.001 0.00011404017439756547 0.0023649818460710703 0.0004554418773324896 0.0054310968728201806 0.001185807518489473 0.010188575953625784 0.0028084359472544634 0.014178972718582941 0.006072923927677096 0.01366397793280213 0.012043887013442282 0.009544547885937065 0.02435686956251592 0.010457116904209824 0.04314192647932849 0.012401758608030496 0.06928770607915656 0.008533205943932969 0.09926214430852998 0.007117601736163583 0.12742425731259358 0.011271728379484605 0.14470629708940028 0.01565234121181827 0.1441865381644715 0.01484337078615608 0.12591038893378548 0.009676815352265437 0.09411005745279803 0.007222423951713554 0.05960063033687502 0.009987996723086017 0.030250418441521622 0.012442752056555427 0.011628637600754863 0.008698868040688947 0.002885425070467882 0.010777069427165473 0.00042567142158282466 0.014759613298668085 9.85613673532235e-05 0.01335950776782872 0.0 0.00876446814145471 0.0 0.004477535651404363 0.0 0.0018174965923630137 0.0 0.001 0.0 0.001 0.0 0.001 1
26 44.9095 256.1745 0.0 0.001 0.0 0.001 1.1972559875584284e-06 0.001 7.590090760708123e-06 0.001 2.2579580114172284e-05 0.0022272365520853744 0.0001475507305184612 0.00557925846639944 0.0005058160195305269 0.010571479548486036 0.002255429726468588 0.0152671331425084 0.0069230186911002 0.014513107609396973 0.01637635865334126 0.0086341953247427 0.031015492571374974 0.010887069660574051 0.053279294307811115 0.012811349664747635 0.08066166286897679 0.007063272638591203 0.11155453654042397 0.007347448152174099 0.13954530070818782 0.013280820009084343 0.1542164787359654 0.017520070593531126 0.14771940992736743 0.013436653265279846 0.11910713944840254 0.006704958843635089 0.0791205632605941 0.007932659618708197 0.04131360227580062 0.012429828076996333 0.014678840972852707 0.009481186660447406 0.0015481376344211365 0.00940251054104196 0.0 0.014906491069340567 0.0 0.014575878835493172 0.0 0.009848422613652114 0.0 0.004908369973354712 0.0 0.001957725527163643 0.0 0.001 0.0 0.001 0.0 0.001 1
27 -67.7097 233.5264 4.4497242975515466e-08 0.001 2.904958116746278e-07 0.001 1.9893734445535125e-06 0.001 1.610632546796216e-05 0.001 0.00012697643874196677 0.0027303971592707536 0.0003744477102913244 0.006867654188264858 0.0010848394466357323 0.01279095784217742 0.0023207319330961376 0.016482459716943933 0.007150601687982628 0.011523819567351724 0.017275970058175296 0.009163474197812809 0.038902648211683225 0.013023142300674754 0.07608565063349967 0.008038534226906015 0.12395369498539369 0.0074023448885167376 0.16154777372087992 0.01459823471547217 0.16756382360591332 0.018030436926528795 0.13927434575828831 0.011236827201627983 0.09785768228149447 0.005736575810519368 0.06452969834310181 0.010475616716217679 0.04315404649050576 0.01252058522197607 0.02842264687364766 0.008867314733828992 0.016817633241007206 0.01372271831572392 0.008541943801333026 0.015819934394370513 0.0034996695037639892 0.010623974713856895 0.0011211262404597264 0.0051067212934159745 0.00030812135469927214 0.001798549394152975 5.795271998908841e-05 0.001 8.357917414204386e-06 0.001 1.073057317564103e-06 0.001 1.0504780488863236e-07 0.001 8.244913282635323e-09 0.001 1
28 -22.061 234.8736 2.5743206206836827e-09 0.001 2.9466803647095957e-08 0.001 1.3127037984015887e-06 0.001 1.0631370146450713e-05 0.001 8.986880433918482e-05 0.0017928166768041815 0.00041822914210996295 0.00506519370200085 0.001258339714488917 0.010695077551005832 0.0028330445509841045 0.015457591623420783 0.007088063089614979 0.014943254961059506 0.015373960300212623 0.010386970932972757 0.029896948029058217 0.013247635706462325 0.05984398597758176 0.011720339624867317 0.10077280797192312 0.008407742606577687 0.1448071343599624 0.012130905809752443 0.16769962656977147 0.0186266630672339 0.15731008538509716 0.016498580084197606 0.12039591343371123 0.010112517496196717 0.08055147846537544 0.008985245612622858 0.050052716776159425 0.013725824017870758 0.030223610943302264 0.0110564285522515 0.017406779635073706 0.011767339968752712 0.009112821711899494 0.015908358795756042 0.0034539594596806936 0.01379222003449712 0.0010940079377926319 0.007921981400831665 0.00025538498293338637 0.003345095397586286 4.2218460900773176e-05 0.0011080376162482 6.433137482572963e-06 0.001 5.379185850237557e-07 0.001 6.150002067890112e-08 0.001 5.626869545464779e-09 0.001 1
