data/processed/NGC5845-h6/hist_kins_o.ecsv
# %ECSV 1.0
# ---
# datatype:
# - {name: binID_dynamite, datatype: int64}
# - {name: v, datatype: float32}
# - {name: sigma, datatype: float32}
# - {name: losvd_0, datatype: float64}
# - {name: dlosvd_0, datatype: float64}
# - {name: losvd_1, datatype: float64}
# - {name: dlosvd_1, datatype: float64}
# - {name: losvd_2, datatype: float64}
# - {name: dlosvd_2, datatype: float64}
# - {name: losvd_3, datatype: float64}
# - {name: dlosvd_3, datatype: float64}
# - {name: losvd_4, datatype: float64}
# - {name: dlosvd_4, datatype: float64}
# - {name: losvd_5, datatype: float64}
# - {name: dlosvd_5, datatype: float64}
# - {name: losvd_6, datatype: float64}
# - {name: dlosvd_6, datatype: float64}
# - {name: losvd_7, datatype: float64}
# - {name: dlosvd_7, datatype: float64}
# - {name: losvd_8, datatype: float64}
# - {name: dlosvd_8, datatype: float64}
# - {name: losvd_9, datatype: float64}
# - {name: dlosvd_9, datatype: float64}
# - {name: losvd_10, datatype: float64}
# - {name: dlosvd_10, datatype: float64}
# - {name: losvd_11, datatype: float64}
# - {name: dlosvd_11, datatype: float64}
# - {name: losvd_12, datatype: float64}
# - {name: dlosvd_12, datatype: float64}
# - {name: losvd_13, datatype: float64}
# - {name: dlosvd_13, datatype: float64}
# - {name: losvd_14, datatype: float64}
# - {name: dlosvd_14, datatype: float64}
# - {name: losvd_15, datatype: float64}
# - {name: dlosvd_15, datatype: float64}
# - {name: losvd_16, datatype: float64}
# - {name: dlosvd_16, datatype: float64}
# - {name: losvd_17, datatype: float64}
# - {name: dlosvd_17, datatype: float64}
# - {name: losvd_18, datatype: float64}
# - {name: dlosvd_18, datatype: float64}
# - {name: losvd_19, datatype: float64}
# - {name: dlosvd_19, datatype: float64}
# - {name: losvd_20, datatype: float64}
# - {name: dlosvd_20, datatype: float64}
# - {name: losvd_21, datatype: float64}
# - {name: dlosvd_21, datatype: float64}
# - {name: losvd_22, datatype: float64}
# - {name: dlosvd_22, datatype: float64}
# - {name: losvd_23, datatype: float64}
# - {name: dlosvd_23, datatype: float64}
# - {name: losvd_24, datatype: float64}
# - {name: dlosvd_24, datatype: float64}
# - {name: losvd_25, datatype: float64}
# - {name: dlosvd_25, datatype: float64}
# - {name: losvd_26, datatype: float64}
# - {name: dlosvd_26, datatype: float64}
# - {name: losvd_27, datatype: float64}
# - {name: dlosvd_27, datatype: float64}
# - {name: losvd_28, datatype: float64}
# - {name: dlosvd_28, datatype: float64}
# - {name: losvd_29, datatype: float64}
# - {name: dlosvd_29, datatype: float64}
# - {name: is_good, datatype: int64}
# meta: !!omap
# - {dv: 100.0}
# - vcent: [-1450.0, -1350.0, -1250.0, -1150.0, -1050.0, -950.0, -850.0, -750.0, -650.0, -550.0, -450.0, -350.0, -250.0, -150.0, -50.0,
#     50.0, 150.0, 250.0, 350.0, 450.0, 550.0, 650.0, 750.0, 850.0, 950.0, 1050.0, 1150.0, 1250.0, 1350.0, 1450.0]
# - {nbins: 320}
# - {nvbins: 30}
# - PSF:
#     sigma: [0.4278574033096264, 1.4696945928287308]
#     weight: [0.7699515885757993, 0.23004841142420074]
# schema: astropy-2.0
binID_dynamite v sigma losvd_0 dlosvd_0 losvd_1 dlosvd_1 losvd_2 dlosvd_2 losvd_3 dlosvd_3 losvd_4 dlosvd_4 losvd_5 dlosvd_5 losvd_6 dlosvd_6 losvd_7 dlosvd_7 losvd_8 dlosvd_8 losvd_9 dlosvd_9 losvd_10 dlosvd_10 losvd_11 dlosvd_11 losvd_12 dlosvd_12 losvd_13 dlosvd_13 losvd_14 dlosvd_14 losvd_15 dlosvd_15 losvd_16 dlosvd_16 losvd_17 dlosvd_17 losvd_18 dlosvd_18 losvd_19 dlosvd_19 losvd_20 dlosvd_20 losvd_21 dlosvd_21 losvd_22 dlosvd_22 losvd_23 dlosvd_23 losvd_24 dlosvd_24 losvd_25 dlosvd_25 losvd_26 dlosvd_26 losvd_27 dlosvd_27 losvd_28 dlosvd_28 losvd_29 dlosvd_29 is_good
[from data line 279]
280 37.7642 200.3653 2.896073472491367e-13 0.001 0.0 0.001 0.0 0.001 0.0 0.001 0.0 0.001 0.0 0.001 0.0 0.0019620624081808364 0.0 0.006718112609922777 0.0 0.015569708100111008 0.0 0.023000736711899502 0.002073274822199049 0.019142165396788154 0.024535877295231316 0.016373380300672695 0.07396839016857187 0.018452954060881228 0.1363774702800074 0.01787267593038521 0.18458649027593624 0.019665659056930324 0.19470850048346028 0.022408221163521702 0.16827891086850474 0.019047029161314163 0.11834323957901585 0.017498264232871284 0.06573940581820427 0.01816671031457581 0.025851977151197598 0.016669388344383182 0.005536462986356712 0.02069662513315043 0.0 0.01994398409914317 0.0 0.01254522336741952 0.0 0.004957489846208168 0.0 0.0013338175907596172 0.0 0.001 0.0 0.001 0.0 0.001 2.6865631824432986e-10 0.001 2.368763069209231e-12 0.001 1
281 -9.1575 184.6306 0.0 0.001 0.0 0.001 0.0 0.001 0.0 0.001 0.0 0.001 0.0 0.001 0.0 0.0016094103563174707 0.0 0.006609991515676768 0.0 0.01679607421846567 0.0 0.026189807546316737 0.009970487830620893 0.022712087250959145 0.04966289565782979 0.022916097392710298 0.10899019523483328 0.021710532538374135 0.16081270509746723 0.023196154033429922 0.19396119277866938 0.02523304746206334 0.2091759540155063 0.026287036404818817 0.17442171404636722 0.025067623041063455 0.08629085493143879 0.026775107394911124 0.006714000407266968 0.02552310310553374 0.0 0.02642580287512229 0.0 0.025428941076846526 0.0 0.01508211064637249 0.0 0.0052629812330705844 0.0 0.0012520820311336324 0.0 0.001 0.0 0.001 0.0 0.001 0.0 0.001 0.0 0.001 0.0 0.001 1
282 20.9629 193.4794 1.5255394479401664e-14 0.001 1.7545556234391127e-12 0.001 1.2740943606343034e-10 0.001 7.3309382163715105e-09 0.001 2.9085710358049044e-07 0.001 5.775193553031651e-06 0.001 6.702676793982347e-05 0.001584813160931527 0.0006120489757953249 0.00565585859690487 0.002806908063843218 0.013629391747183492 0.008923022293503153 0.02035757554680636 0.020629257360150064 0.01774993601558673 0.038790761214792184 0.01670152087197959 0.07158799758655711 0.01681252649434334 0.1285356098014017 0.017474513255502533 0.18777622742995734 0.022628184132386167 0.20157458861345653 0.024841671920090472 0.15693886217363529 0.01809719003133657 0.09272440470062238 0.01673719859351331 0.04847017707827685 0.017793343621418916 0.025023181028313184 0.016486715694605546 0.011363486634262973 0.02041527883495771 0.003333761020490595 0.016656301296039535 0.00073906870230681 0.008537316192283087 9.157599793900482e-05 0.0028429737901031296 5.552494666384004e-06 0.001 3.8904286759379727e-07 0.001 1.9479848317461875e-08 0.001 2.8381690234844182e-11 0.001 2.1794192304966006e-13 0.001 4.679414913435563e-16 0.001 1
283 0.9877 179.1304 0.0 0.001 0.0 0.001 2.405317531271343e-14 0.001 8.3628386508663e-12 0.001 2.2455265999691064e-09 0.001 1.9130421268609767e-07 0.001 9.600206004699001e-06 0.001 0.00016842797908964838 0.003944345398873574 0.0017031142032797979 0.010776231732024789 0.007487833946643464 0.02007238733388845 0.01951149962899486 0.025350455207453177 0.039795090965530536 0.023255921876349908 0.07730156434470102 0.02162356461184904 0.14339829430855391 0.024881174210967957 0.20939512614853556 0.031222375696744062 0.2103106900015951 0.03137878019268406 0.14492335375518123 0.02410088588687019 0.07843134615948716 0.02173262184184936 0.03957522119831312 0.022656566705831237 0.019206964980975537 0.024294640944224344 0.007179788645944497 0.020331860360251065 0.0014566193737675665 0.01110550532006701 0.0001393406679849384 0.0037561335387419617 5.8417546933408075e-06 0.001 8.625404960036117e-08 0.001 1.9035999726389924e-09 0.001 1.488706982617737e-11 0.001 6.114308776795316e-14 0.001 1.0993588219753771e-16 0.001 0.0 0.001 1
284 93.6312 224.3046 2.6089267743602352e-11 0.001 7.873792426002717e-10 0.001 1.3182922881567478e-08 0.001 1.7601302777946282e-07 0.001 2.4771530877455516e-06 0.001 1.7318843846318616e-05 0.001 9.06917462736165e-05 0.00284898146934841 0.000324004431499993 0.007459586645568493 0.0018338954959921082 0.014246052878336513 0.006336404228058875 0.016934318923428983 0.015668616396854917 0.01317357553147484 0.03227847054211391 0.01324635373430305 0.06142896190142919 0.014519026407859927 0.09797887535505143 0.009985252062200328 0.1377523437065414 0.012438500178303447 0.1691990346130492 0.019636346984415617 0.174775448193719 0.0193106817796955 0.146971930936088 0.013209447427735346 0.096008323943889 0.011493431242146857 0.045554571255837124 0.016470566284561894 0.012763735106191651 0.013135126705079249 0.001014706141057255 0.014899943002719927 0.0 0.017796724731571602 0.0 0.01351130043234129 0.0 0.006863148431648024 0.0 0.0024892091058441833 0.0 0.001 0.0 0.001 0.0 0.001 0.0 0.001 1
285 -17.421 172.3705 0.0 0.001 0.0 0.001 0.0 0.001 0.0 0.001 2.4281004381158507e-10 0.001 4.681573040791989e-08 0.001 2.2538978517771062e-06 0.001 0.00010356418509460299 0.0033725726590186703 0.0011911667997184245 0.010652279911686775 0.007700318736484214 0.022606915246053145 0.023876247863215898 0.027181209672813407 0.05209377368489165 0.024421967799123055 0.09530347882304074 0.021709329422037682 0.1569411753922806 0.02422023311468703 0.21911402609288913 0.029082393812677493 0.22017874584178318 0.03005801352532221 0.14694683225835958 0.025396829607893343 0.061109249636965124 0.025062008100451113 0.014150435577577777 0.025752882587588996 0.0012884818459272618 0.02654718866894154 0.0 0.019047354955502253 0.0 0.008311449524498296 0.0 0.002103697070865937 2.0230537962658366e-07 0.001 0.0 0.001 0.0 0.001 0.0 0.001 0.0 0.001 0.0 0.001 0.0 0.001 1
286 100.0055 185.4603 0.0 0.001 0.0 0.001 0.0 0.001 0.0 0.001 0.0 0.001 0.0 0.001 0.0 0.001 0.0 0.0014395790103148576 0.0 0.005585166601631081 0.0 0.013869925609353843 0.0 0.021251457598114983 0.0014524568082622937 0.02087183769862397 0.02645212436299323 0.01996422572126609 0.08418396534079012 0.01928885255660017 0.1603800415426895 0.01846453505420037 0.2123772555040995 0.02731132126406567 0.19765118696852607 0.025754440281122767 0.14106176682553412 0.01777073771608692 0.0881773064645388 0.01711382893555472 0.05163556482641929 0.020114789209647276 0.025500954478619 0.020341006676024984 0.009157932028346721 0.02128850550234924 0.0018507655862075988 0.013570573263271782 0.00011867926297371363 0.005372901409046003 0.0 0.001426132558085034 0.0 0.001 0.0 0.001 0.0 0.001 0.0 0.001 0.0 0.001 1
287 75.2354 197.8105 0.0 0.001 0.0 0.001 0.0 0.001 0.0 0.001 0.0 0.001 0.0 0.001 0.0 0.001 0.0 0.0037637623281286175 0.0 0.010322297565961626 0.0 0.018322646374730286 0.0029702399294822997 0.018703267659327193 0.017489903294163552 0.014423355041871172 0.0561129574237403 0.017882653945866224 0.11269541844475309 0.0129146536565303 0.16668945830885631 0.016111894728092074 0.1964555780233095 0.02336246710229503 0.18842475209297566 0.01929701747561234 0.14594652926113666 0.012955703125449483 0.08287446972359538 0.016481252048704848 0.028643332540149974 0.016686397068148492 0.0016973609578373181 0.016247007475123712 0.0 0.020539404033081736 0.0 0.015672382583500653 0.0 0.006996317984916747 0.0 0.0020455424906949 0.0 0.001 0.0 0.001 0.0 0.001 0.0 0.001 0.0 0.001 1
288 90.3868 195.2817 0.0 0.001 0.0 0.001 0.0 0.001 0.0 0.001 0.0 0.001 0.0 0.001 0.0 0.001 0.0 0.0028860648901744635 0.0 0.008651619842347733 0.0 0.01842838736530461 0.0 0.024445912456731764 0.013026946851864151 0.021478323805028357 0.05139750806662987 0.021671059256944746 0.1076206318416465 0.020165717398602415 0.15920130788729098 0.021741189046961415 0.19168009803825756 0.024044462328423208 0.19656457263680552 0.024500937294393385 0.16206399465947843 0.023267834791429548 0.09221208499645181 0.021457754653876608 0.026232855021575224 0.021867639623940782 0.0 0.02287242202029275 0.0 0.024999863813008758 0.0 0.01703428603348754 0.0 0.007399114509843648 0.0 0.002261582372143353 0.0 0.001 0.0 0.001 0.0 0.001 0.0 0.001 0.0 0.001 1
289 111.0308 180.4782 0.0 0.001 0.0 0.001 0.0 0.001 0.0 0.001 0.0 0.001 0.0 0.001 0.0 0.001 0.0 0.001 0.0 0.0035838144253383638 0.0 0.010328071860957251 0.0 0.019680693825189173 0.0036621771932155013 0.023065656903929393 0.023846554648877496 0.02365033567199346 0.0750757933946834 0.022269671432363965 0.14931133187105786 0.022627002134472093 0.21097951270548546 0.02947093868516952 0.21213039441989825 0.030126196556552104 0.15617229948360797 0.02270404473098958 0.09369380282381495 0.019809725697667827 0.047180532669563825 0.022683369677217152 0.02078137115758624 0.02266632300291957 0.006131556961038248 0.022610833100209535 0.0009625725935181364 0.013865531241847681 7.210007765259505e-05 0.005300793162890408 0.0 0.0013293530488763879 0.0 0.001 0.0 0.001 0.0 0.001 0.0 0.001 0.0 0.001 1
290 139.6982 198.5935 0.0 0.001 0.0 0.001 0.0 0.001 0.0 0.001 0.0 0.001 0.0 0.001 0.0 0.001 0.0 0.0016833755916134605 0.0 0.005836501850230608 0.0 0.014116731348242312 0.002252586693995275 0.020434568825087512 0.013008844489229615 0.018540001171140998 0.03853090183375495 0.016865383581619153 0.08062400322375393 0.017146898393897 0.12746399767936964 0.014814723825955382 0.17023970846854525 0.01875377802093807 0.19674647709641235 0.024441758822640686 0.18427095790756617 0.018467986546418916 0.1254315556454907 0.01656015006961977 0.05382863925926069 0.019441428532954278 0.007602075598791543 0.01650601517954954 0.0 0.02133667901951758 0.0 0.0215589057109726 0.0 0.012660023826588164 0.0 0.0050358473180881665 0.0 0.0013205114746883831 0.0 0.001 2.2574144864001653e-07 0.001 2.464240098569678e-08 0.001 1.7199801019485864e-09 0.001 1
291 -39.015 181.6886 0.0 0.001 0.0 0.001 0.0 0.001 0.0 0.001 0.0 0.001 0.0 0.001 0.0 0.002182291085656738 0.0 0.007469617813988843 0.0 0.017639858118726176 0.0 0.026233533837144322 0.006054595149971561 0.02746819931566164 0.0480695736173105 0.025855365666620965 0.12066827824156766 0.029261738577330082 0.19074171179466218 0.02784684104331127 0.215607233233802 0.029556758227897995 0.19100077071714208 0.02785685685576149 0.1340245855741551 0.026474799900734217 0.06861898609510815 0.02616198558926512 0.022748411733037238 0.024784607430313927 0.0024658538432436147 0.02686607480365677 0.0 0.020158075299160926 0.0 0.009618293638957713 0.0 0.0030127395792781276 0.0 0.001 0.0 0.001 0.0 0.001 0.0 0.001 0.0 0.001 0.0 0.001 0.0 0.001 1
292 114.185 201.9023 0.0 0.001 0.0 0.001 3.0096178566160444e-11 0.001 1.7213772718520352e-09 0.001 7.263686951112905e-08 0.001 1.369078584636479e-07 0.001 2.279860425757495e-06 0.001 5.275696584979704e-05 0.002930956268922224 0.0004364987308831063 0.008769237944253268 0.002903285138589215 0.01718579519692541 0.009541859983214475 0.021991535943337595 0.02489548266832124 0.017464065855736753 0.050776972418535744 0.01738356779233549 0.08590795875044731 0.016624541815255474 0.13302396366292504 0.016655164622208403 0.1795295172769532 0.020288590625447966 0.19588976624890203 0.022735699299919226 0.164583897910622 0.017608421549568 0.10140799377191217 0.016447792540280656 0.042261990272716606 0.01852337987285512 0.00878556504350099 0.016645469349711825 0.0 0.02009603472937411 0.0 0.019104790951114642 0.0 0.010970355366813223 0.0 0.004010735044317816 0.0 0.001082344845334018 0.0 0.001 0.0 0.001 0.0 0.001 0.0 0.001 1
293 -91.5219 166.0718 0.0 0.001 0.0 0.001 0.0 0.001 0.0 0.001 0.0 0.001 0.0 0.001 0.0 0.002186199418873557 0.0 0.008317625452148793 0.0 0.02076636629195875 0.0013994465351961215 0.034481831911408634 0.02514140671665755 0.04003046219938468 0.08019155286388202 0.036804643501817225 0.1592337876798486 0.04170435669913901 0.2179404200942176 0.04177589822993777 0.22928518824739516 0.04152112046773637 0.17840665500761194 0.04348809238354978 0.08812688575203809 0.04048787341007018 0.020274657103152953 0.038840135590195765 0.0 0.03596630789637807 0.0 0.023770641685718984 0.0 0.010490019281651558 0.0 0.002941331808692896 0.0 0.001 0.0 0.001 0.0 0.001 0.0 0.001 0.0 0.001 0.0 0.001 0.0 0.001 0.0 0.001 1
294 -106.4068 170.0611 0.0 0.001 0.0 0.001 0.0 0.001 0.0 0.001 0.0 0.001 0.0 0.001 0.0 0.003104056804549787 0.0 0.011364486154925725 0.0 0.02544180746255183 0.0 0.03161884819323827 0.012591115187258218 0.02898422861605679 0.10320954473901549 0.02809465294698798 0.18619100790376536 0.02940425165065573 0.21245990460382846 0.031669512830829916 0.2142731624557568 0.03159587911510035 0.18318014727110518 0.028705151211029317 0.08809511783927047 0.030976546360485864 0.0 0.030704625430685098 0.0 0.03181928230463152 0.0 0.024728083808413917 0.0 0.010229569150403158 0.0 0.0026778656793369966 0.0 0.001 0.0 0.001 0.0 0.001 0.0 0.001 0.0 0.001 0.0 0.001 0.0 0.001 0.0 0.001 1
295 17.5807 175.3271 0.0 0.001 0.0 0.001 0.0 0.001 0.0 0.001 0.0 0.001 0.0 0.001 0.0 0.001 0.0 0.002762878908445847 0.0 0.009555658486364504 0.0 0.020922329894556103 0.0 0.027144519362139415 0.016144892572760416 0.028017947946540757 0.07852109933079914 0.026980479678396233 0.15772479160273994 0.026208833867744086 0.20982651768398383 0.029604297808074526 0.2183073157886088 0.030839522433399297 0.18282598898026267 0.02716130086091638 0.10647101323188563 0.026412788760667202 0.030178380808959602 0.02957558656804865 0.0 0.02734015969009037 0.0 0.024400813360737995 0.0 0.014056421952638431 0.0 0.0045975661935550504 0.0 0.001017839241019087 0.0 0.001 0.0 0.001 0.0 0.001 0.0 0.001 0.0 0.001 0.0 0.001 1
296 52.0594 209.1466 0.0 0.001 0.0 0.001 0.0 0.001 0.0 0.001 0.0 0.001 1.4278417322467141e-06 0.001 9.656045131554412e-06 0.0024545161094890666 8.333048039992972e-05 0.006966165061601975 0.0003818207434189002 0.01492837402229773 0.0024913252893990516 0.020179723032162023 0.01180899667805671 0.017308464040936618 0.031494994173025016 0.016341641534298144 0.069827633538041 0.016933530320812434 0.11999035935974903 0.014671701450166948 0.1668322325835613 0.019148218540244344 0.1887481237957702 0.022987472381140045 0.17197136829924428 0.018602132632695334 0.1253660200720684 0.015824583471000964 0.06993400688180308 0.017723662989905478 0.029216535194267926 0.016900227339961264 0.01002841164176006 0.016675133848067455 0.0018137573825713683 0.019382992829387755 0.0 0.015243534681704179 0.0 0.007410057650273379 0.0 0.002556362819939764 0.0 0.001 0.0 0.001 0.0 0.001 0.0 0.001 0.0 0.001 1
297 76.1066 190.1332 0.0 0.001 0.0 0.001 0.0 0.001 0.0 0.001 0.0 0.001 0.0 0.001 2.7507452891974533e-07 0.001 1.4653939790603557e-07 0.002680382813524696 0.00011050087568280957 0.008344169765935787 0.0013249037385301894 0.017618081489091074 0.006354754635709821 0.02291792264928052 0.023317455358931607 0.02059136014175492 0.05427203204748101 0.021055335541851718 0.10361327242882186 0.016915994495958653 0.163856803443798 0.01956927677308859 0.20482143336140185 0.026513108407255515 0.19730734631308766 0.023745501966948315 0.14043646868049842 0.01786442763498825 0.07340015648544665 0.019212123604780754 0.025830798617773508 0.021499495331524593 0.005353652398909898 0.021314599392140123 0.0 0.02088280031526913 0.0 0.012218807105455712 0.0 0.004849722980028525 0.0 0.0012821794529175878 0.0 0.001 0.0 0.001 0.0 0.001 0.0 0.001 0.0 0.001 1
298 55.7548 178.1365 0.0 0.001 0.0 0.001 1.2156961357111121e-16 0.001 5.193459087425505e-14 0.001 0.0 0.001 0.0 0.001 2.9243826198043653e-08 0.001 1.0948233178746849e-05 0.001982133899948381 0.0001855519654648323 0.007221146292924934 0.0013715036568191824 0.017055360118529338 0.009177966732522821 0.02535542714654554 0.02940953433743313 0.023156819770249575 0.06587253231078144 0.023724215074211772 0.1168131948291181 0.02051334803651917 0.17454755152030046 0.02242977881850633 0.21666603064220724 0.028589079827609637 0.20716804404073053 0.025373918836078854 0.13098571504415696 0.02255897815192239 0.04681111692918894 0.024125043385646715 0.000980280514219325 0.021515048861796955 0.0 0.024240222128691903 0.0 0.01869449419647179 0.0 0.007619421206851563 0.0 0.0021535186352895828 0.0 0.001 0.0 0.001 0.0 0.001 0.0 0.001 0.0 0.001 0.0 0.001 1
