data/processed/NGC5845-h6/hist_kins_s.ecsv
# %ECSV 1.0
# ---
# datatype:
# - {name: binID_dynamite, datatype: int64}
# - {name: v, datatype: float32}
# - {name: sigma, datatype: float32}
# - {name: losvd_0, datatype: float64}
# - {name: dlosvd_0, datatype: float64}
# - {name: losvd_1, datatype: float64}
# - {name: dlosvd_1, datatype: float64}
# - {name: losvd_2, datatype: float64}
# - {name: dlosvd_2, datatype: float64}
# - {name: losvd_3, datatype: float64}
# - {name: dlosvd_3, datatype: float64}
# - {name: losvd_4, datatype: float64}
# - {name: dlosvd_4, datatype: float64}
# - {name: losvd_5, datatype: float64}
# - {name: dlosvd_5, datatype: float64}
# - {name: losvd_6, datatype: float64}
# - {name: dlosvd_6, datatype: float64}
# - {name: losvd_7, datatype: float64}
# - {name: dlosvd_7, datatype: float64}
# - {name: losvd_8, datatype: float64}
# - {name: dlosvd_8, datatype: float64}
# - {name: losvd_9, datatype: float64}
# - {name: dlosvd_9, datatype: float64}
# - {name: losvd_10, datatype: float64}
# - {name: dlosvd_10, datatype: float64}
# - {name: losvd_11, datatype: float64}
# - {name: dlosvd_11, datatype: float64}
# - {name: losvd_12, datatype: float64}
# - {name: dlosvd_12, datatype: float64}
# - {name: losvd_13, datatype: float64}
# - {name: dlosvd_13, datatype: float64}
# - {name: losvd_14, datatype: float64}
# - {name: dlosvd_14, datatype: float64}
# - {name: losvd_15, datatype: float64}
# - {name: dlosvd_15, datatype: float64}
# - {name: losvd_16, datatype: float64}
# - {name: dlosvd_16, datatype: float64}
# - {name: losvd_17, datatype: float64}
# - {name: dlosvd_17, datatype: float64}
# - {name: losvd_18, datatype: float64}
# - {name: dlosvd_18, datatype: float64}
# - {name: losvd_19, datatype: float64}
# - {name: dlosvd_19, datatype: float64}
# - {name: losvd_20, datatype: float64}
# - {name: dlosvd_20, datatype: float64}
# - {name: losvd_21, datatype: float64}
# - {name: dlosvd_21, datatype: float64}
# - {name: losvd_22, datatype: float64}
# - {name: dlosvd_22, datatype: float64}
# - {name: losvd_23, datatype: float64}
# - {name: dlosvd_23, datatype: float64}
# - {name: losvd_24, datatype: float64}
# - {name: dlosvd_24, datatype: float64}
# - {name: losvd_25, datatype: float64}
# - {name: dlosvd_25, datatype: float64}
# - {name: losvd_26, datatype: float64}
# - {name: dlosvd_26, datatype: float64}
# - {name: losvd_27, datatype: float64}
# - {name: dlosvd_27, datatype: float64}
# - {name: losvd_28, datatype: float64}
# - {name: dlosvd_28, datatype: float64}
# - {name: losvd_29, datatype: float64}
# - {name: dlosvd_29, datatype: float64}
# - {name: is_good, datatype: int64}
# meta: !!omap
# - {dv: 100.0}
# - vcent: [-1450.0, -1350.0, -1250.0, -1150.0, -1050.0, -950.0, -850.0, -750.0, -650.0, -550.0, -450.0, -350.0, -250.0, -150.0, -50.0,
#     50.0, 150.0, 250.0, 350.0, 450.0, 550.0, 650.0, 750.0, 850.0, 950.0, 1050.0, 1150.0, 1250.0, 1350.0, 1450.0]
# - {nbins: 364}
# - {nvbins: 30}
# - PSF:
#     sigma: [0.746761475444327, 4.616470105622174]
#     weight: [0.9731804457762667, 0.026819554223733277]
# schema: astropy-2.0
binID_dynamite v sigma losvd_0 dlosvd_0 losvd_1 dlosvd_1 losvd_2 dlosvd_2 losvd_3 dlosvd_3 losvd_4 dlosvd_4 losvd_5 dlosvd_5 losvd_6 dlosvd_6 losvd_7 dlosvd_7 losvd_8 dlosvd_8 losvd_9 dlosvd_9 losvd_10 dlosvd_10 losvd_11 dlosvd_11 losvd_12 dlosvd_12 losvd_13 dlosvd_13 losvd_14 dlosvd_14 losvd_15 dlosvd_15 losvd_16 dlosvd_16 losvd_17 dlosvd_17 losvd_18 dlosvd_18 losvd_19 dlosvd_19 losvd_20 dlosvd_20 losvd_21 dlosvd_21 losvd_22 dlosvd_22 losvd_23 dlosvd_23 losvd_24 dlosvd_24 losvd_25 dlosvd_25 losvd_26 dlosvd_26 losvd_27 dlosvd_27 losvd_28 dlosvd_28 losvd_29 dlosvd_29 is_good
[from data line 145]
146 -35.8447 128.10147 0.0 0.001 0.0 0.001 0.0 0.001 0.0 0.001 0.0 0.001 1.8913347004656735e-15 0.001 1.5633908006031413e-11 0.001 1.2285444831777444e-08 0.001 3.59462405310832e-06 0.0012982802405079625 0.00021286318689704584 0.008310085486006905 0.0036662446314301295 0.02436325818119321 0.02053181064576141 0.02932747408413039 0.07240649940663745 0.026645628267910112 0.20005207533200525 0.030491387255318872 0.30665575313966437 0.04665664524926119 0.23063007315669828 0.03105358652145651 0.10798327330589423 0.025562276990827554 0.0450236510363055 0.027227287026753977 0.01165947977315997 0.027965108393523824 0.0011642767808733771 0.011923510994175827 1.0378830032667105e-05 0.0022848989374382542 1.3844754755661637e-08 0.001 4.751824485234834e-12 0.001 0.0 0.001 0.0 0.001 0.0 0.001 0.0 0.001 0.0 0.001 0.0 0.001 0.0 0.001 1
147 -19.0714 170.77242 0.0 100000.0 0.0 100000.0 0.0 100000.0 0.0 100000.0 0.0 100000.0 0.0 100000.0 0.0 100000.0 0.0 100000.0 0.0 100000.0 0.0 100000.0 0.0 100000.0 0.0 100000.0 0.0 100000.0 0.0 100000.0 0.0 100000.0 0.0 100000.0 0.0 100000.0 0.0 100000.0 0.0 100000.0 0.0 100000.0 0.0 100000.0 0.0 100000.0 0.0 100000.0 0.0 100000.0 0.0 100000.0 0.0 100000.0 0.0 100000.0 0.0 100000.0 0.0 100000.0 0.0 100000.0 0
148 -17.0378 186.15164 0.0 100000.0 0.0 100000.0 0.0 100000.0 0.0 100000.0 0.0 100000.0 0.0 100000.0 0.0 100000.0 0.0 100000.0 0.0 100000.0 0.0 100000.0 0.0 100000.0 0.0 100000.0 0.0 100000.0 0.0 100000.0 0.0 100000.0 0.0 100000.0 0.0 100000.0 0.0 100000.0 0.0 100000.0 0.0 100000.0 0.0 100000.0 0.0 100000.0 0.0 100000.0 0.0 100000.0 0.0 100000.0 0.0 100000.0 0.0 100000.0 0.0 100000.0 0.0 100000.0 0.0 100000.0 0
149 1.7545 190.15036 0.0 100000.0 0.0 100000.0 0.0 100000.0 0.0 100000.0 0.0 100000.0 0.0 100000.0 0.0 100000.0 0.0 100000.0 0.0 100000.0 0.0 100000.0 0.0 100000.0 0.0 100000.0 0.0 100000.0 0.0 100000.0 0.0 100000.0 0.0 100000.0 0.0 100000.0 0.0 100000.0 0.0 100000.0 0.0 100000.0 0.0 100000.0 0.0 100000.0 0.0 100000.0 0.0 100000.0 0.0 100000.0 0.0 100000.0 0.0 100000.0 0.0 100000.0 0.0 100000.0 0.0 100000.0 0
150 28.2561 205.0675 0.0 100000.0 0.0 100000.0 0.0 100000.0 0.0 100000.0 0.0 100000.0 0.0 100000.0 0.0 100000.0 0.0 100000.0 0.0 100000.0 0.0 100000.0 0.0 100000.0 0.0 100000.0 0.0 100000.0 0.0 100000.0 0.0 100000.0 0.0 100000.0 0.0 100000.0 0.0 100000.0 0.0 100000.0 0.0 100000.0 0.0 100000.0 0.0 100000.0 0.0 100000.0 0.0 100000.0 0.0 100000.0 0.0 100000.0 0.0 100000.0 0.0 100000.0 0.0 100000.0 0.0 100000.0 0
151 62.8015 212.9191 0.0 100000.0 0.0 100000.0 0.0 100000.0 0.0 100000.0 0.0 100000.0 0.0 100000.0 0.0 100000.0 0.0 100000.0 0.0 100000.0 0.0 100000.0 0.0 100000.0 0.0 100000.0 0.0 100000.0 0.0 100000.0 0.0 100000.0 0.0 100000.0 0.0 100000.0 0.0 100000.0 0.0 100000.0 0.0 100000.0 0.0 100000.0 0.0 100000.0 0.0 100000.0 0.0 100000.0 0.0 100000.0 0.0 100000.0 0.0 100000.0 0.0 100000.0 0.0 100000.0 0.0 100000.0 0
152 93.1045 206.39922 0.0 100000.0 0.0 100000.0 0.0 100000.0 0.0 100000.0 0.0 100000.0 0.0 100000.0 0.0 100000.0 0.0 100000.0 0.0 100000.0 0.0 100000.0 0.0 100000.0 0.0 100000.0 0.0 100000.0 0.0 100000.0 0.0 100000.0 0.0 100000.0 0.0 100000.0 0.0 100000.0 0.0 100000.0 0.0 100000.0 0.0 100000.0 0.0 100000.0 0.0 100000.0 0.0 100000.0 0.0 100000.0 0.0 100000.0 0.0 100000.0 0.0 100000.0 0.0 100000.0 0.0 100000.0 0
153 110.5596 199.14531 0.0 100000.0 0.0 100000.0 0.0 100000.0 0.0 100000.0 0.0 100000.0 0.0 100000.0 0.0 100000.0 0.0 100000.0 0.0 100000.0 0.0 100000.0 0.0 100000.0 0.0 100000.0 0.0 100000.0 0.0 100000.0 0.0 100000.0 0.0 100000.0 0.0 100000.0 0.0 100000.0 0.0 100000.0 0.0 100000.0 0.0 100000.0 0.0 100000.0 0.0 100000.0 0.0 100000.0 0.0 100000.0 0.0 100000.0 0.0 100000.0 0.0 100000.0 0.0 100000.0 0.0 100000.0 0
154 113.9777 188.66493 0.0 100000.0 0.0 100000.0 0.0 100000.0 0.0 100000.0 0.0 100000.0 0.0 100000.0 0.0 100000.0 0.0 100000.0 0.0 100000.0 0.0 100000.0 0.0 100000.0 0.0 100000.0 0.0 100000.0 0.0 100000.0 0.0 100000.0 0.0 100000.0 0.0 100000.0 0.0 100000.0 0.0 100000.0 0.0 100000.0 0.0 100000.0 0.0 100000.0 0.0 100000.0 0.0 100000.0 0.0 100000.0 0.0 100000.0 0.0 100000.0 0.0 100000.0 0.0 100000.0 0.0 100000.0 0
155 103.1243 179.27846 0.0 100000.0 0.0 100000.0 0.0 100000.0 0.0 100000.0 0.0 100000.0 0.0 100000.0 0.0 100000.0 0.0 100000.0 0.0 100000.0 0.0 100000.0 0.0 100000.0 0.0 100000.0 0.0 100000.0 0.0 100000.0 0.0 100000.0 0.0 100000.0 0.0 100000.0 0.0 100000.0 0.0 100000.0 0.0 100000.0 0.0 100000.0 0.0 100000.0 0.0 100000.0 0.0 100000.0 0.0 100000.0 0.0 100000.0 0.0 100000.0 0.0 100000.0 0.0 100000.0 0.0 100000.0 0
156 91.2556 164.13852 0.0 0.001 1.0696777314439942e-15 0.001 1.8547095028661749e-13 0.001 1.9422709599932862e-11 0.001 1.054019260336095e-09 0.001 2.69810061495379e-08 0.001 5.876832475046851e-07 0.001 9.89600806223202e-06 0.001 8.101049644257712e-05 0.001824948437691729 0.0006690565048044293 0.00832773297229963 0.0020814495017103486 0.019858410168302344 0.008555716981161348 0.020705785887410833 0.030050299754080922 0.011002056433250439 0.08347649993963543 0.016601240030286186 0.16668684989836882 0.006634838205579155 0.23191341512632893 0.022769657312190036 0.22417898299498762 0.020084437388543222 0.151852261194069 0.005501300716293636 0.07164458078598364 0.017684723540260083 0.023442701201155824 0.01032116223415942 0.004529737392215975 0.02161573361302776 0.0008223086283377619 0.01771492349555629 0.0 0.0065272067478384654 1.7707182653335238e-06 0.001345805555646625 2.6448551036429003e-06 0.001 1.951427407176915e-07 0.001 6.794767935719228e-09 0.001 3.369669698851966e-10 0.001 6.863621278818479e-12 0.001 6.500108844403182e-14 0.001 1
157 89.1343 148.73428 0.0 0.001 0.0 0.001 0.0 0.001 0.0 0.001 0.0 0.001 0.0 0.001 3.974198781205754e-09 0.001 1.4921625408781296e-07 0.001 8.403702250358173e-06 0.001 0.00011812064265803234 0.0036436750731884656 0.0010890423145744948 0.014097589210881757 0.005957143008999286 0.02489368183741496 0.02316916819419785 0.013658236088739919 0.07132234683239351 0.01898429488475482 0.1675585220904198 0.00943064742240772 0.2549336600470485 0.022855724162772068 0.2362931260838006 0.020879370887813983 0.14093221046052684 0.0096170783330249 0.06481892594454078 0.019103411316730618 0.025544588657224147 0.015147953944643596 0.007170702676631525 0.023207456664632864 0.0010543256594161305 0.011071349589717182 2.9560494865267476e-05 0.0024562242829670724 0.0 0.001 0.0 0.001 0.0 0.001 0.0 0.001 0.0 0.001 0.0 0.001 0.0 0.001 1
158 84.8162 142.12747 0.0 0.001 0.0 0.001 0.0 0.001 0.0 0.001 1.0522182919414119e-16 0.001 8.727529819421298e-14 0.001 7.851091697477279e-11 0.001 2.18375319898198e-08 0.001 2.3435797356687945e-06 0.001 5.647086840037255e-05 0.0024103308245097483 0.0009939866552373764 0.011335636165687047 0.00464182910777683 0.024702836875710336 0.017126153342472455 0.020857721548345157 0.060635676454286136 0.022264480284678045 0.17254065307601762 0.019697885116780958 0.27295464060798424 0.03390550770821463 0.23349172803303161 0.02643353145726675 0.1311741717143164 0.018759495676264976 0.0672532544816718 0.01855189323217976 0.030383802991607586 0.02458445564368647 0.007910060715243104 0.020973344811073987 0.0008038218674751387 0.0074710842333766455 3.0301217350344333e-05 0.0013237361822256983 1.0772391982289936e-06 0.001 6.123762674492773e-09 0.001 8.297359197285079e-12 0.001 4.934123232285851e-15 0.001 0.0 0.001 0.0 0.001 0.0 0.001 1
159 108.3784 139.27325 0.0 0.001 0.0 0.001 0.0 0.001 0.0 0.001 4.735748676681276e-15 0.001 1.6911405719276597e-12 0.001 7.659517327593336e-10 0.001 6.600983349534542e-08 0.001 3.2783758727415345e-06 0.001 0.00010099627128676114 0.0011966812138804036 0.0011784986961114153 0.007537881045754154 0.008379089285525164 0.021918702066650843 0.02967492038583152 0.0201796997677466 0.05827138983705973 0.018904991636876783 0.12717763305886073 0.012141595930333343 0.2466868816757827 0.02215174882101585 0.2613791952941388 0.02469698608105758 0.14357899667794946 0.01103474980105143 0.06671624865364152 0.020110501845792782 0.03941811426337299 0.01736673309684159 0.014203827753848389 0.024209824862798837 0.002916465588940338 0.009874254647938032 0.0003007304138893502 0.001723854728602325 1.337375595584931e-05 0.001 2.900554198147054e-07 0.001 3.164403089715559e-09 0.001 1.4600374600254917e-11 0.001 2.8303826182930396e-14 0.001 0.0 0.001 0.0 0.001 1
160 -34.0164 118.14253 0.0 0.001 0.0 0.001 0.0 0.001 0.0 0.001 0.0 0.001 0.0 0.001 0.0 0.001 0.0 0.001 0.0 0.001 0.0 0.004726497984012342 0.0 0.019693813054316004 0.0049091361749264055 0.03282569265854053 0.05788729788771738 0.03215382296301321 0.20814044576416704 0.033266379080888045 0.33005290074139443 0.05349027664976602 0.24881679711964813 0.03396648440346256 0.11043551194215233 0.030347665842678978 0.03550588925731391 0.034358426276860414 0.004221634439685663 0.02771639715811601 3.038667299479139e-05 0.008771545283037942 0.0 0.001205245199229718 0.0 0.001 0.0 0.001 0.0 0.001 0.0 0.001 0.0 0.001 0.0 0.001 0.0 0.001 0.0 0.001 0.0 0.001 1
161 -19.3042 156.37628 0.0 0.001 0.0 0.001 0.0 0.001 0.0 0.001 0.0 0.001 0.0 0.001 0.0 0.001 0.0 0.0013340947742669165 0.0 0.007141638220615168 0.0 0.020320379031944863 0.0 0.02538856357842609 0.016603748214724278 0.01334003277678093 0.09345722660121226 0.020605151412109383 0.1920130378541345 0.010953164421088055 0.24501856543816267 0.024975629421880002 0.2294849784656656 0.02045782048917648 0.1554766971059523 0.010386568227035639 0.061371223482765885 0.02073063141162483 0.006574522837382521 0.01526790302465185 0.0 0.02511280372196123 0.0 0.014165306650693581 0.0 0.003822091381770083 0.0 0.001 0.0 0.001 0.0 0.001 0.0 0.001 0.0 0.001 0.0 0.001 0.0 0.001 0.0 0.001 1
162 -7.2073 179.58087 0.0 100000.0 0.0 100000.0 0.0 100000.0 0.0 100000.0 0.0 100000.0 0.0 100000.0 0.0 100000.0 0.0 100000.0 0.0 100000.0 0.0 100000.0 0.0 100000.0 0.0 100000.0 0.0 100000.0 0.0 100000.0 0.0 100000.0 0.0 100000.0 0.0 100000.0 0.0 100000.0 0.0 100000.0 0.0 100000.0 0.0 100000.0 0.0 100000.0 0.0 100000.0 0.0 100000.0 0.0 100000.0 0.0 100000.0 0.0 100000.0 0.0 100000.0 0.0 100000.0 0.0 100000.0 0
163 21.0288 173.26607 0.0 100000.0 0.0 100000.0 0.0 100000.0 0.0 100000.0 0.0 100000.0 0.0 100000.0 0.0 100000.0 0.0 100000.0 0.0 100000.0 0.0 100000.0 0.0 100000.0 0.0 100000.0 0.0 100000.0 0.0 100000.0 0.0 100000.0 0.0 100000.0 0.0 100000.0 0.0 100000.0 0.0 100000.0 0.0 100000.0 0.0 100000.0 0.0 100000.0 0.0 100000.0 0.0 100000.0 0.0 100000.0 0.0 100000.0 0.0 100000.0 0.0 100000.0 0.0 100000.0 0.0 100000.0 0
164 35.9055 170.88959 0.0 100000.0 0.0 100000.0 0.0 100000.0 0.0 100000.0 0.0 100000.0 0.0 100000.0 0.0 100000.0 0.0 100000.0 0.0 100000.0 0.0 100000.0 0.0 100000.0 0.0 100000.0 0.0 100000.0 0.0 100000.0 0.0 100000.0 0.0 100000.0 0.0 100000.0 0.0 100000.0 0.0 100000.0 0.0 100000.0 0.0 100000.0 0.0 100000.0 0.0 100000.0 0.0 100000.0 0.0 100000.0 0.0 100000.0 0.0 100000.0 0.0 100000.0 0.0 100000.0 0.0 100000.0 0
165 60.2423 186.9168 0.0 100000.0 0.0 100000.0 0.0 100000.0 0.0 100000.0 0.0 100000.0 0.0 100000.0 0.0 100000.0 0.0 100000.0 0.0 100000.0 0.0 100000.0 0.0 100000.0 0.0 100000.0 0.0 100000.0 0.0 100000.0 0.0 100000.0 0.0 100000.0 0.0 100000.0 0.0 100000.0 0.0 100000.0 0.0 100000.0 0.0 100000.0 0.0 100000.0 0.0 100000.0 0.0 100000.0 0.0 100000.0 0.0 100000.0 0.0 100000.0 0.0 100000.0 0.0 100000.0 0.0 100000.0 0
166 78.8964 177.80678 0.0 100000.0 0.0 100000.0 0.0 100000.0 0.0 100000.0 0.0 100000.0 0.0 100000.0 0.0 100000.0 0.0 100000.0 0.0 100000.0 0.0 100000.0 0.0 100000.0 0.0 100000.0 0.0 100000.0 0.0 100000.0 0.0 100000.0 0.0 100000.0 0.0 100000.0 0.0 100000.0 0.0 100000.0 0.0 100000.0 0.0 100000.0 0.0 100000.0 0.0 100000.0 0.0 100000.0 0.0 100000.0 0.0 100000.0 0.0 100000.0 0.0 100000.0 0.0 100000.0 0.0 100000.0 0
167 94.175 178.30144 0.0 100000.0 0.0 100000.0 0.0 100000.0 0.0 100000.0 0.0 100000.0 0.0 100000.0 0.0 100000.0 0.0 100000.0 0.0 100000.0 0.0 100000.0 0.0 100000.0 0.0 100000.0 0.0 100000.0 0.0 100000.0 0.0 100000.0 0.0 100000.0 0.0 100000.0 0.0 100000.0 0.0 100000.0 0.0 100000.0 0.0 100000.0 0.0 100000.0 0.0 100000.0 0.0 100000.0 0.0 100000.0 0.0 100000.0 0.0 100000.0 0.0 100000.0 0.0 100000.0 0.0 100000.0 0
168 100.4794 171.59099 0.0 100000.0 0.0 100000.0 0.0 100000.0 0.0 100000.0 0.0 100000.0 0.0 100000.0 0.0 100000.0 0.0 100000.0 0.0 100000.0 0.0 100000.0 0.0 100000.0 0.0 100000.0 0.0 100000.0 0.0 100000.0 0.0 100000.0 0.0 100000.0 0.0 100000.0 0.0 100000.0 0.0 100000.0 0.0 100000.0 0.0 100000.0 0.0 100000.0 0.0 100000.0 0.0 100000.0 0.0 100000.0 0.0 100000.0 0.0 100000.0 0.0 100000.0 0.0 100000.0 0.0 100000.0 0
169 99.4509 163.29588 0.0 0.001 7.480001176335189e-16 0.001 8.642764057132867e-14 0.001 1.023953568152286e-11 0.001 6.494902588688533e-10 0.001 2.089442202450112e-08 0.001 4.846759927754039e-07 0.001 6.3573794406759554e-06 0.001 5.5410030616269434e-05 0.0014736545539606617 0.0002711109083980844 0.00711596100701606 0.00164129443902196 0.019274025403279983 0.009306942943530374 0.022109300082177406 0.03075002881962513 0.011536688963259163 0.08309768435463594 0.018534670384496667 0.15954681673039486 0.005900633496958546 0.22543335447864932 0.021347101123655315 0.23359974421578658 0.020715615772664314 0.16715956934860549 0.005914176591849632 0.07404477055418797 0.018854721821749527 0.015086405309010467 0.011159465608199413 0.0 0.022934147613969388 0.0 0.019711469434348972 0.0 0.007262940087193289 0.0 0.001478530713587529 0.0 0.001 0.0 0.001 4.112234569106746e-09 0.001 1.3859601241965167e-10 0.001 6.96561610483388e-12 0.001 6.889611968133135e-14 0.001 1
170 103.8037 153.79411 0.0 0.001 0.0 0.001 0.0 0.001 0.0 0.001 0.0 0.001 0.0 0.001 0.0 0.001 0.0 0.001 0.0 0.001 0.0 0.0039574079063480205 0.00013011667309045276 0.014659427970902732 0.006389291777261003 0.02423112001485554 0.03126898856478174 0.013596774617657237 0.08268794192191932 0.02001627842609406 0.1535326059343088 0.009809340165888622 0.23073265391456868 0.02225607170642363 0.25299900982794055 0.02501799302101984 0.1755441572646697 0.010517308381460366 0.0635316756628903 0.020637261119029797 0.0031835584585693244 0.01358288703512401 0.0 0.026927612130100944 0.0 0.016679063652620712 0.0 0.004644305383256711 0.0 0.001 0.0 0.001 0.0 0.001 0.0 0.001 0.0 0.001 0.0 0.001 0.0 0.001 1
171 98.735 147.83873 0.0 0.001 0.0 0.001 0.0 0.001 4.050624461874706e-15 0.001 9.825914919833831e-13 0.001 1.6708245896475994e-10 0.001 1.8822998706839027e-08 0.001 8.5263300927019e-07 0.001 2.31097332634593e-05 0.001 0.0003053257703327909 0.0028524090788045074 0.0018816434959766212 0.012087276370718878 0.006882774606761202 0.02395307961527495 0.023582391824116398 0.015517789396982912 0.0696536392951571 0.020234442960665653 0.16049020308685605 0.01036490754491283 0.24708979746609833 0.02439181518124213 0.2516662701673253 0.0240608866619427 0.16147767060934726 0.011227977892904667 0.06062300241252084 0.020253698928057912 0.013540685153693199 0.01550475151431847 0.0020359955104160303 0.023841588786654787 0.0006515841003489712 0.01163239977380527 8.848370767872543e-05 0.0027529939426356245 6.171389447639928e-06 0.001 3.7346426033267405e-07 0.001 6.5161300052341685e-09 0.001 6.568615849255566e-11 0.001 5.052966720866963e-13 0.001 1.375474711851021e-15 0.001 0.0 0.001 1
