data/processed/NGC5845-h6/hist_kins_o.ecsv
# %ECSV 1.0
# ---
# datatype:
# - {name: binID_dynamite, datatype: int64}
# - {name: v, datatype: float32}
# - {name: sigma, datatype: float32}
# - {name: losvd_0, datatype: float64}
# - {name: dlosvd_0, datatype: float64}
# - {name: losvd_1, datatype: float64}
# - {name: dlosvd_1, datatype: float64}
# - {name: losvd_2, datatype: float64}
# - {name: dlosvd_2, datatype: float64}
# - {name: losvd_3, datatype: float64}
# - {name: dlosvd_3, datatype: float64}
# - {name: losvd_4, datatype: float64}
# - {name: dlosvd_4, datatype: float64}
# - {name: losvd_5, datatype: float64}
# - {name: dlosvd_5, datatype: float64}
# - {name: losvd_6, datatype: float64}
# - {name: dlosvd_6, datatype: float64}
# - {name: losvd_7, datatype: float64}
# - {name: dlosvd_7, datatype: float64}
# - {name: losvd_8, datatype: float64}
# - {name: dlosvd_8, datatype: float64}
# - {name: losvd_9, datatype: float64}
# - {name: dlosvd_9, datatype: float64}
# - {name: losvd_10, datatype: float64}
# - {name: dlosvd_10, datatype: float64}
# - {name: losvd_11, datatype: float64}
# - {name: dlosvd_11, datatype: float64}
# - {name: losvd_12, datatype: float64}
# - {name: dlosvd_12, datatype: float64}
# - {name: losvd_13, datatype: float64}
# - {name: dlosvd_13, datatype: float64}
# - {name: losvd_14, datatype: float64}
# - {name: dlosvd_14, datatype: float64}
# - {name: losvd_15, datatype: float64}
# - {name: dlosvd_15, datatype: float64}
# - {name: losvd_16, datatype: float64}
# - {name: dlosvd_16, datatype: float64}
# - {name: losvd_17, datatype: float64}
# - {name: dlosvd_17, datatype: float64}
# - {name: losvd_18, datatype: float64}
# - {name: dlosvd_18, datatype: float64}
# - {name: losvd_19, datatype: float64}
# - {name: dlosvd_19, datatype: float64}
# - {name: losvd_20, datatype: float64}
# - {name: dlosvd_20, datatype: float64}
# - {name: losvd_21, datatype: float64}
# - {name: dlosvd_21, datatype: float64}
# - {name: losvd_22, datatype: float64}
# - {name: dlosvd_22, datatype: float64}
# - {name: losvd_23, datatype: float64}
# - {name: dlosvd_23, datatype: float64}
# - {name: losvd_24, datatype: float64}
# - {name: dlosvd_24, datatype: float64}
# - {name: losvd_25, datatype: float64}
# - {name: dlosvd_25, datatype: float64}
# - {name: losvd_26, datatype: float64}
# - {name: dlosvd_26, datatype: float64}
# - {name: losvd_27, datatype: float64}
# - {name: dlosvd_27, datatype: float64}
# - {name: losvd_28, datatype: float64}
# - {name: dlosvd_28, datatype: float64}
# - {name: losvd_29, datatype: float64}
# - {name: dlosvd_29, datatype: float64}
# - {name: is_good, datatype: int64}
# meta: !!omap
# - {dv: 100.0}
# - vcent: [-1450.0, -1350.0, -1250.0, -1150.0, -1050.0, -950.0, -850.0, -750.0, -650.0, -550.0, -450.0, -350.0, -250.0, -150.0, -50.0,
#     50.0, 150.0, 250.0, 350.0, 450.0, 550.0, 650.0, 750.0, 850.0, 950.0, 1050.0, 1150.0, 1250.0, 1350.0, 1450.0]
# - {nbins: 320}
# - {nvbins: 30}
# - PSF:
#     sigma: [0.4278574033096264, 1.4696945928287308]
#     weight: [0.7699515885757993, 0.23004841142420074]
# schema: astropy-2.0
binID_dynamite v sigma losvd_0 dlosvd_0 losvd_1 dlosvd_1 losvd_2 dlosvd_2 losvd_3 dlosvd_3 losvd_4 dlosvd_4 losvd_5 dlosvd_5 losvd_6 dlosvd_6 losvd_7 dlosvd_7 losvd_8 dlosvd_8 losvd_9 dlosvd_9 losvd_10 dlosvd_10 losvd_11 dlosvd_11 losvd_12 dlosvd_12 losvd_13 dlosvd_13 losvd_14 dlosvd_14 losvd_15 dlosvd_15 losvd_16 dlosvd_16 losvd_17 dlosvd_17 losvd_18 dlosvd_18 losvd_19 dlosvd_19 losvd_20 dlosvd_20 losvd_21 dlosvd_21 losvd_22 dlosvd_22 losvd_23 dlosvd_23 losvd_24 dlosvd_24 losvd_25 dlosvd_25 losvd_26 dlosvd_26 losvd_27 dlosvd_27 losvd_28 dlosvd_28 losvd_29 dlosvd_29 is_good
[from data line 78]
79 -126.0053 220.2693 0.0 0.001 0.0 0.001 0.0 0.001 0.0 0.001 0.0 0.00342488637632992 0.0 0.008785153101547644 0.0 0.0165512224896802 0.0 0.019810742970766956 0.0 0.012599178981016675 0.009223052061296103 0.014230972489886333 0.05889666814089493 0.014823213861080868 0.12292012516310027 0.010641588211390697 0.16812188676730055 0.01496061012092248 0.17655863679953443 0.02172784702415677 0.1577773800149577 0.01745529955958329 0.12709410572524027 0.010901935817456 0.09097190487431643 0.012069391084970987 0.05390474566707247 0.01706346019566089 0.024851348529762108 0.011970090489562667 0.008327828299231546 0.01717931068665589 0.0013523179572931668 0.018871085982615166 0.0 0.012886204409728982 0.0 0.005642366819573153 0.0 0.0018041636692494732 0.0 0.001 0.0 0.001 0.0 0.001 0.0 0.001 0.0 0.001 0.0 0.001 1
80 -150.559 208.694 4.2451359362937625e-09 0.001 9.783264119044228e-08 0.001 1.53469522730329e-06 0.001 1.099963602649335e-05 0.001 2.762741686379611e-05 0.002717574712499651 0.00013274460697754693 0.007825335878696946 0.0 0.015989491062733542 0.00010245362927222351 0.01991381962453663 0.004705471488731581 0.015203007593850185 0.022188807112293898 0.015098572148163417 0.0640794532100496 0.01628220436767231 0.12464573039761365 0.012794219675171858 0.17662931615573044 0.017547593867682204 0.18891564292313756 0.02301889162098858 0.1605266238229644 0.01639809159658509 0.11432400624122964 0.012385381737929406 0.07178313783540374 0.01585768757397946 0.039878076847421395 0.0158953354128324 0.020649046562712877 0.015596307507167721 0.007929550223577197 0.019217430775384098 0.0027343757606386986 0.014894503481030304 0.0005975700117737872 0.007248026462834599 0.00012392134619770617 0.002484944741008127 1.2298639018030207e-05 0.001 1.4013715697475959e-06 0.001 1.0372287151931909e-07 0.001 4.080516485598973e-09 0.001 1.788814310591021e-10 0.001 5.405450789826013e-12 0.001 1.1618183085992039e-13 0.001 1
81 -157.5025 204.4448 4.777409216188436e-09 0.001 1.115075674993957e-07 0.001 2.2919158681459137e-06 0.001 2.591035773816442e-05 0.001 0.0002198585336453032 0.0022979700005480554 0.001138382995335634 0.006638058988588928 0.0034621849714607127 0.013404170962334334 0.007555378034260513 0.01778767004561148 0.013580769491078242 0.01675406661989926 0.02428612358176803 0.01608423710229142 0.053877403166274984 0.01671586118216754 0.11382434366768181 0.017720278554211842 0.17692069447363154 0.020310450340641287 0.18880483399670583 0.02472576647749497 0.1443188225953609 0.017234367390397465 0.09013761023517462 0.016086038927269314 0.06205116971346812 0.015424671760274837 0.05053191113933707 0.014837683097313887 0.03767865732831964 0.016589160218179026 0.021394916650275576 0.01820290793658615 0.007737938924740825 0.012562937287250013 0.0020463444975961343 0.0060069735374058755 0.0003584609735840379 0.0020211761720471087 4.219395381502133e-05 0.001 3.4803767681814723e-06 0.001 1.964018858435721e-07 0.001 5.6140577554332805e-09 0.001 1.2281215754310796e-10 0.001 2.3521000073279054e-12 0.001 2.6204061959085678e-14 0.001 1
82 -51.5001 191.6773 0.0 0.001 0.0 0.001 0.0 0.001 0.0 0.001 0.0 0.001 0.0 0.00105267126195553 0.0 0.004317167668255233 0.0 0.01198272637395679 0.0 0.021908797244060536 0.0 0.02322137724561652 0.014765760924562844 0.0197419043711928 0.06831474689844977 0.02165996421756842 0.1354505879709548 0.017131208781114363 0.18413556457915972 0.02143405157716602 0.2008895631378924 0.025235992890384445 0.1852428254469148 0.019697441561569967 0.1331907153844506 0.01807334183628076 0.06446983932482632 0.020575996148869832 0.013540396332788834 0.019445171926336137 0.0 0.022606165873265333 0.0 0.020856849301524635 0.0 0.011398441920468835 0.0 0.003830008596585102 0.0 0.001 0.0 0.001 0.0 0.001 0.0 0.001 0.0 0.001 0.0 0.001 0.0 0.001 1
83 -92.556 190.5094 0.0 0.001 0.0 0.001 0.0 0.001 0.0 0.001 0.0 0.001 0.0 0.0017434971914126744 0.0 0.006319371169780217 0.0 0.015384229611939576 0.0 0.022210772227914243 0.0 0.017862478536410428 0.025184774776298543 0.019812763212618267 0.09068723918195411 0.01860140603853158 0.16356419536394756 0.0175320423304961 0.2017148185636826 0.024251447178709085 0.1951458862862816 0.02326550956434896 0.1599528976767909 0.017026447521775137 0.10555385614024321 0.016863630505915966 0.04766152120327983 0.020315550417975062 0.010534810807521593 0.0177051859453262 0.0 0.022192318357289242 0.0 0.016417940365895493 0.0 0.007170523009011829 0.0 0.002142347222100578 0.0 0.001 0.0 0.001 0.0 0.001 0.0 0.001 0.0 0.001 0.0 0.001 0.0 0.001 1
84 -139.6971 225.6311 0.0 0.001 0.0 0.001 0.0 0.001 0.0 0.0013899168081803323 0.0 0.004343538824921398 0.0 0.009984515968840405 0.0 0.016011800674714707 0.0021340352571850227 0.01607388929996185 0.010095924753407249 0.0095952337429201 0.02958491487091947 0.012885960617053842 0.06671918721092246 0.012021921379532612 0.11425839708834185 0.00680559898025046 0.15843276180800508 0.013077854199749966 0.17610350180516332 0.019020427364463882 0.15704029366461733 0.014715489900149564 0.11664522963378039 0.0074041517888244965 0.07533102362734315 0.010218179519528532 0.045515638669581075 0.013940087697669096 0.026084236931469714 0.009665935301285079 0.013982313847211911 0.014420184381315959 0.005871477473359383 0.016716797669900994 0.0017643065642048562 0.011212894765756765 0.00038788784399416764 0.005306033085841449 4.724572572566233e-05 0.0018200932505012019 1.6232247680134757e-06 0.001 0.0 0.001 0.0 0.001 0.0 0.001 0.0 0.001 0.0 0.001 1
85 -134.4716 218.3788 0.0 0.001 0.0 0.001 0.0 0.001 0.0 0.001 0.0 0.0033109490432888136 0.0 0.00895672278603131 0.0 0.016560873230068385 0.0 0.019038815935217914 0.0 0.011760735155801368 0.014513305698854692 0.013281775111049674 0.06484149152217483 0.015091548181054255 0.1268776956208868 0.007728620499523692 0.16983928414081348 0.013907042415029186 0.17779702583908896 0.019903972576236217 0.15954719745306176 0.0158929976233408 0.12816874251933474 0.00843973417019786 0.08804814693601613 0.011364300156165692 0.04802313199353142 0.015662144925973478 0.018343290548435788 0.009951992614692685 0.004000687727801506 0.01716355704122311 0.0 0.017400002085003374 0.0 0.010621312788757125 0.0 0.004384550829326723 0.0 0.0013350404844792098 0.0 0.001 0.0 0.001 0.0 0.001 0.0 0.001 0.0 0.001 0.0 0.001 1
86 -125.202 200.5039 0.0 0.001 0.0 0.001 0.0 0.001 0.0 0.001 0.0 0.0011352565615031225 0.0 0.004478588068140634 0.0 0.011899990695929414 0.0 0.020453749821382206 0.0 0.019200189024140512 0.0069211956339146055 0.013315500530330034 0.04893771571203315 0.018057508016695305 0.115777869126737 0.012131366777750174 0.1746718948015259 0.015121464983662083 0.19556422074972027 0.023094670263512862 0.1775805788523535 0.018795029849599923 0.13616849062774183 0.012170038168467137 0.08684172921109086 0.015096010757656868 0.0411439391252885 0.017706642135519125 0.013663287054204267 0.015145157860049378 0.002729079104797633 0.02028689764626152 0.0 0.016077672525652432 0.0 0.00738627554310336 0.0 0.0023213664654563593 0.0 0.001 0.0 0.001 0.0 0.001 0.0 0.001 0.0 0.001 5.703956042364826e-13 0.001 2.213597380369814e-14 0.001 1
87 -88.4484 207.1608 0.0 0.001 0.0 0.001 0.0 0.001 0.0 0.001 0.0 0.0010380743122819633 0.0 0.003903079278354519 0.0 0.010394526237662058 0.0 0.018659866791058136 0.0 0.02041386423683769 0.0 0.014787950374245056 0.03275223553565537 0.019588713804774074 0.10029037642932921 0.015485852103038732 0.16000663478336852 0.015075418081433728 0.18485690638208424 0.021861073109539678 0.17783747605635694 0.02177179342761082 0.15402661696437195 0.015361797051392095 0.11319172168342018 0.013815455638479135 0.05961497727985828 0.019421510941375852 0.017423054885555265 0.014911784570912771 0.0 0.02006379806435668 0.0 0.021599966078530573 0.0 0.013282565641412725 0.0 0.005302939063687803 0.0 0.0015323740853657461 0.0 0.001 0.0 0.001 0.0 0.001 0.0 0.001 0.0 0.001 0.0 0.001 1
88 -36.9018 199.704 0.0 0.001 0.0 0.001 0.0 0.001 0.0 0.001 0.0 0.001 0.0 0.0014904043733711435 0.0 0.00538302426930528 0.0 0.014102537568804916 0.0 0.023930735923574812 0.0 0.021779224167439673 0.013792964362765383 0.016564171453341756 0.06603699294634034 0.02144313158555188 0.13046596414755385 0.017142105603122973 0.17209136469039982 0.01837270458249403 0.1874886450415155 0.02328750156008169 0.1841987906668589 0.021533301329879406 0.14833246574312176 0.016952771434808958 0.08100796663841507 0.019354188835380343 0.01658484576302927 0.017335041526557855 0.0 0.018725406495864773 0.0 0.023845104699971687 0.0 0.016366670070196487 0.0 0.007108577232608728 0.0 0.00204679186262262 0.0 0.001 0.0 0.001 0.0 0.001 0.0 0.001 0.0 0.001 0.0 0.001 1
89 -15.5521 192.1703 0.0 0.001 0.0 0.001 0.0 0.001 0.0 0.001 0.0 0.001 0.0 0.001 0.0 0.0025656660381448123 0.0 0.008590711182292673 0.0 0.01906161705775547 0.003283545351547392 0.02345330744503621 0.02056711426464237 0.01912876879751696 0.05518938239776482 0.021381779471494708 0.10681997458086694 0.01750511740729835 0.15725298447974678 0.019578269366498244 0.19546254313286146 0.024625057748155932 0.20030154840371228 0.025548407866364947 0.15659787599332547 0.01930174800395379 0.08358230326570698 0.021092423540348945 0.020942728129825554 0.021897777407977718 0.0 0.02100495535953245 0.0 0.022678261228622074 0.0 0.014514554515412347 0.0 0.006069882694892536 0.0 0.001684954701233554 0.0 0.001 0.0 0.001 0.0 0.001 0.0 0.001 0.0 0.001 0.0 0.001 1
90 -31.9505 202.7086 0.0 0.001 0.0 0.001 0.0 0.001 0.0 0.001 0.0 0.001 0.0 0.0015167966650709702 0.0 0.005530836168738545 0.0 0.013858234533285173 0.0 0.022043177474253547 0.0004978632760355541 0.021189086286677816 0.025599285661641352 0.01773032768583129 0.07245762780906048 0.020359594132968367 0.12323687172740097 0.018501911020410627 0.15793766732543676 0.018792195892589528 0.18142521400733508 0.022829314283969282 0.18910907258894108 0.021463260121111438 0.15647076681651986 0.020453446826707022 0.08249324483666207 0.02213940207071085 0.01077238595096667 0.01999721838639356 0.0 0.01920465529262501 0.0 0.02548534093958598 0.0 0.018468828375441903 0.0 0.008368613802757616 0.0 0.002591772714838152 0.0 0.001 0.0 0.001 0.0 0.001 0.0 0.001 0.0 0.001 0.0 0.001 1
91 18.3007 203.5297 4.823437091932477e-12 0.001 3.255324815125805e-11 0.001 0.0 0.001 0.0 0.001 0.0 0.001 0.0 0.001 0.0 0.0028407059592881717 0.0 0.008305919234870486 0.0 0.016025949034736725 0.0 0.02029113540319108 0.0061351063435696775 0.015139706369961911 0.033065260105942955 0.017120795537861146 0.08658637947397639 0.014490171224012229 0.14631724937459986 0.012668528617767336 0.18741181021366782 0.01951675105650176 0.1886152564016358 0.021365377720895806 0.15776021655661085 0.015033333899197587 0.10813477225654192 0.011513427571345651 0.057814792321956375 0.01837506243998027 0.021598317668943438 0.014273421410275287 0.005561751064563735 0.0180108808951103 0.0009987085277741274 0.018895109184598753 0.0 0.011032138716915395 0.0 0.004416282407058644 0.0 0.001207862540235801 2.0121370270274784e-07 0.001 1.7527276273772675e-07 0.001 3.15855202756106e-09 0.001 0.0 0.001 7.822551116364219e-12 0.001 1
92 22.1759 202.2934 0.0 0.001 6.336758631380167e-14 0.001 0.0 0.001 0.0 0.001 0.0 0.001 0.0 0.001 0.0 0.002560797953901215 0.0 0.00759764718023715 0.0 0.016482373081253027 0.0 0.020970095341383277 0.002757029092908498 0.018703234699264236 0.02643253700777378 0.017307571522936382 0.07927599108683937 0.020480623866840644 0.14481530703630732 0.02018275787310135 0.18897176965418302 0.02161082162256614 0.18861587009132486 0.02289623220698149 0.1524732320017551 0.01895444336408579 0.1034457380790467 0.019346076178592228 0.060653706825034744 0.017521707000730198 0.03143782443146358 0.01625432545824488 0.014897116301901742 0.021279773714617412 0.004477532319121046 0.01964328652285892 0.0013943631526144125 0.011425527620261063 0.0003087734513700603 0.004393293597330074 3.908489135862599e-05 0.001179509372815104 3.8832073051324e-06 0.001 2.2729347766164018e-07 0.001 1.3558015437730407e-08 0.001 5.072172650338559e-10 0.001 1.0918235621342137e-11 0.001 1
93 0.4117 190.9581 0.0 0.001 0.0 0.001 0.0 0.001 0.0 0.001 0.0 0.001 0.0 0.001 0.0 0.0019379764257939336 0.0 0.006929001192244336 0.0 0.016545862579520974 0.0 0.023590573207547698 0.0005969895625531611 0.022251002950852715 0.03125845776290478 0.02063760524041756 0.09461792610683417 0.019990863937655923 0.16544686365922373 0.02012330254926531 0.20321967967079124 0.02392509153734855 0.19563773244850652 0.024119932789914325 0.15602179683720588 0.019978687029104894 0.09888518219273958 0.018420727163852887 0.044166640106076634 0.020127088789379983 0.010148731653164305 0.019976777262401463 0.0 0.021917122588983238 0.0 0.0146396850892491 0.0 0.006315328272533727 0.0 0.0018136233889329651 0.0 0.001 0.0 0.001 0.0 0.001 0.0 0.001 0.0 0.001 0.0 0.001 1
94 51.2066 240.4606 0.0 0.001 0.0 0.001 0.0 0.001 0.0 0.001 4.658753583092954e-06 0.001 0.0 0.0029733594114806916 0.0 0.006946765679104598 0.0 0.012565647751113272 0.0006279155055523345 0.01613231899959761 0.0042895423324952634 0.011996547719523801 0.014966432217452526 0.009411513197608943 0.03871179242852167 0.013461391465358262 0.07632916788365536 0.009077555571984482 0.11985562571526277 0.007673070735032025 0.1545675742986954 0.014019697815484747 0.16524714515217 0.018400628632032207 0.1492825602076182 0.013648300426707866 0.11551015463765917 0.007572246265630224 0.07829067674120158 0.00901605077556019 0.04551499040918412 0.01379680358957323 0.022877767378314207 0.009906649399515811 0.010135110869941509 0.012290581557864706 0.0031870434822953834 0.016195744033069018 0.0004882637588217814 0.013219391506198906 0.00011357822757581865 0.007415352040139221 0.0 0.0030620858805273632 0.0 0.001 0.0 0.001 0.0 0.001 0.0 0.001 1
95 -69.3687 194.3842 0.0 0.001 0.0 0.001 0.0 0.001 0.0 0.001 0.0 0.001 0.0 0.001565467080620833 0.0 0.005870147283931225 0.0 0.014891174192640811 0.0 0.021799687710080763 0.003192086453587562 0.01746497518333709 0.033598818502527154 0.018014117543390253 0.0895411319461853 0.017901567889062386 0.14199521348097197 0.01227930048530583 0.17561845738499893 0.021616834827092604 0.19559051159991295 0.025058998477095862 0.18777674619587478 0.018319724347816424 0.12799465551749534 0.012898536179567238 0.04469237891844593 0.022293573795805037 0.0 0.016445529686239344 0.0 0.022053941884055617 0.0 0.021422762712396355 0.0 0.011655880348976196 0.0 0.004098574729201701 0.0 0.001009064880237412 0.0 0.001 0.0 0.001 0.0 0.001 0.0 0.001 0.0 0.001 0.0 0.001 1
96 -75.6257 196.3516 0.0 0.001 0.0 0.001 0.0 0.001 0.0 0.001 0.0 0.001 0.0 0.0021045795852478737 0.0 0.007474023358591219 0.0 0.016943872448664812 0.0 0.024149087065330012 0.0 0.023261478771952122 0.024890361351428383 0.022897392520096153 0.09023722009836493 0.020440527006822994 0.1520444114332103 0.018760637779346473 0.1856633129619901 0.022744746017024642 0.19110966468999083 0.025648508920415633 0.17443477136547297 0.021611367796745537 0.12346576503669045 0.0187450091608135 0.05452537087969883 0.022718400853873406 0.003629122183153236 0.020127361671736985 0.0 0.023871437275817285 0.0 0.02102747313593719 0.0 0.011372613893819257 0.0 0.003934254549796751 0.0 0.001 0.0 0.001 0.0 0.001 0.0 0.001 0.0 0.001 0.0 0.001 0.0 0.001 1
