data/processed/NGC5845-h6/hist_kins_o.ecsv
# %ECSV 1.0
# ---
# datatype:
# - {name: binID_dynamite, datatype: int64}
# - {name: v, datatype: float32}
# - {name: sigma, datatype: float32}
# - {name: losvd_0, datatype: float64}
# - {name: dlosvd_0, datatype: float64}
# - {name: losvd_1, datatype: float64}
# - {name: dlosvd_1, datatype: float64}
# - {name: losvd_2, datatype: float64}
# - {name: dlosvd_2, datatype: float64}
# - {name: losvd_3, datatype: float64}
# - {name: dlosvd_3, datatype: float64}
# - {name: losvd_4, datatype: float64}
# - {name: dlosvd_4, datatype: float64}
# - {name: losvd_5, datatype: float64}
# - {name: dlosvd_5, datatype: float64}
# - {name: losvd_6, datatype: float64}
# - {name: dlosvd_6, datatype: float64}
# - {name: losvd_7, datatype: float64}
# - {name: dlosvd_7, datatype: float64}
# - {name: losvd_8, datatype: float64}
# - {name: dlosvd_8, datatype: float64}
# - {name: losvd_9, datatype: float64}
# - {name: dlosvd_9, datatype: float64}
# - {name: losvd_10, datatype: float64}
# - {name: dlosvd_10, datatype: float64}
# - {name: losvd_11, datatype: float64}
# - {name: dlosvd_11, datatype: float64}
# - {name: losvd_12, datatype: float64}
# - {name: dlosvd_12, datatype: float64}
# - {name: losvd_13, datatype: float64}
# - {name: dlosvd_13, datatype: float64}
# - {name: losvd_14, datatype: float64}
# - {name: dlosvd_14, datatype: float64}
# - {name: losvd_15, datatype: float64}
# - {name: dlosvd_15, datatype: float64}
# - {name: losvd_16, datatype: float64}
# - {name: dlosvd_16, datatype: float64}
# - {name: losvd_17, datatype: float64}
# - {name: dlosvd_17, datatype: float64}
# - {name: losvd_18, datatype: float64}
# - {name: dlosvd_18, datatype: float64}
# - {name: losvd_19, datatype: float64}
# - {name: dlosvd_19, datatype: float64}
# - {name: losvd_20, datatype: float64}
# - {name: dlosvd_20, datatype: float64}
# - {name: losvd_21, datatype: float64}
# - {name: dlosvd_21, datatype: float64}
# - {name: losvd_22, datatype: float64}
# - {name: dlosvd_22, datatype: float64}
# - {name: losvd_23, datatype: float64}
# - {name: dlosvd_23, datatype: float64}
# - {name: losvd_24, datatype: float64}
# - {name: dlosvd_24, datatype: float64}
# - {name: losvd_25, datatype: float64}
# - {name: dlosvd_25, datatype: float64}
# - {name: losvd_26, datatype: float64}
# - {name: dlosvd_26, datatype: float64}
# - {name: losvd_27, datatype: float64}
# - {name: dlosvd_27, datatype: float64}
# - {name: losvd_28, datatype: float64}
# - {name: dlosvd_28, datatype: float64}
# - {name: losvd_29, datatype: float64}
# - {name: dlosvd_29, datatype: float64}
# - {name: is_good, datatype: int64}
# meta: !!omap
# - {dv: 100.0}
# - vcent: [-1450.0, -1350.0, -1250.0, -1150.0, -1050.0, -950.0, -850.0, -750.0, -650.0, -550.0, -450.0, -350.0, -250.0, -150.0, -50.0,
#     50.0, 150.0, 250.0, 350.0, 450.0, 550.0, 650.0, 750.0, 850.0, 950.0, 1050.0, 1150.0, 1250.0, 1350.0, 1450.0]
# - {nbins: 320}
# - {nvbins: 30}
# - PSF:
#     sigma: [0.4278574033096264, 1.4696945928287308]
#     weight: [0.7699515885757993, 0.23004841142420074]
# schema: astropy-2.0
binID_dynamite v sigma losvd_0 dlosvd_0 losvd_1 dlosvd_1 losvd_2 dlosvd_2 losvd_3 dlosvd_3 losvd_4 dlosvd_4 losvd_5 dlosvd_5 losvd_6 dlosvd_6 losvd_7 dlosvd_7 losvd_8 dlosvd_8 losvd_9 dlosvd_9 losvd_10 dlosvd_10 losvd_11 dlosvd_11 losvd_12 dlosvd_12 losvd_13 dlosvd_13 losvd_14 dlosvd_14 losvd_15 dlosvd_15 losvd_16 dlosvd_16 losvd_17 dlosvd_17 losvd_18 dlosvd_18 losvd_19 dlosvd_19 losvd_20 dlosvd_20 losvd_21 dlosvd_21 losvd_22 dlosvd_22 losvd_23 dlosvd_23 losvd_24 dlosvd_24 losvd_25 dlosvd_25 losvd_26 dlosvd_26 losvd_27 dlosvd_27 losvd_28 dlosvd_28 losvd_29 dlosvd_29 is_good
[from data line 299]
300 -20.409 192.5884 1.561771785411864e-14 0.001 4.212979184242651e-13 0.001 0.0 0.001 0.0 0.001 0.0 0.001 0.0 0.001 0.0 0.0027764374360523406 0.0 0.008738978041089314 0.0 0.018554255979791257 0.0 0.0249020694753649 0.01278203377227249 0.024787621934422653 0.0514624462118354 0.022775595848617994 0.11174712681172702 0.022681555479946033 0.16945158270043703 0.025379465852115646 0.1998860679994231 0.026243751319643058 0.1962245722676216 0.02479338150593878 0.1515879037164503 0.024334024088933287 0.08237159673423514 0.02343889724701606 0.024091853819525222 0.024315335024067103 0.00039481596603529925 0.025561800016447804 0.0 0.02362247514313745 0.0 0.014879196549135082 0.0 0.005740103701880207 0.0 0.0015747172530184025 0.0 0.001 0.0 0.001 0.0 0.001 0.0 0.001 0.0 0.001 4.857992135209581e-16 0.001 1
301 124.8003 186.5354 0.0 0.001 0.0 0.001 0.0 0.001 0.0 0.001 0.0 0.001 0.0 0.001 0.0 0.001 0.0 0.001 3.344456721238736e-06 0.004157938571060905 9.942342075843287e-05 0.01177751977538838 0.0009305861456001763 0.02034158783931475 0.010719721871235526 0.019760355543212114 0.037204515798559955 0.01905131070771617 0.0881414130441098 0.019338386205984763 0.13954101618895537 0.015777823487372528 0.18044721940456265 0.02016856949293773 0.20756722149483214 0.02448607417427151 0.19090861992420533 0.018431465985808665 0.11566968719442107 0.017341926488786123 0.028767231056038154 0.02075234196895438 0.0 0.018010251671331506 0.0 0.024798178904825125 0.0 0.018659916618605818 0.0 0.008000290458290432 0.0 0.0022915046018980177 0.0 0.001 0.0 0.001 0.0 0.001 0.0 0.001 0.0 0.001 1
302 91.3742 184.5971 0.0 0.001 6.055540112205122e-16 0.001 2.7368996614626584e-14 0.001 6.19337705313064e-12 0.001 0.0 0.001 0.0 0.001 0.0 0.001 0.0 0.0014785592986175516 0.0 0.005920980041720589 0.0 0.014519920662991662 0.00013581112730744386 0.02334561289354644 0.00837687424911698 0.02105886297682226 0.0367308684072468 0.020333077756677746 0.09379726623907579 0.019778554050069674 0.1645320425127297 0.0210762074352233 0.20885714891413976 0.025196250307362583 0.20018151078413357 0.023443092161911747 0.14898212729063143 0.020782892664702693 0.08498068993687356 0.01974507225722387 0.03627082507486618 0.019483848316235973 0.013150660022210334 0.021553054188878325 0.003597505144214973 0.021648192778909413 0.00029100440148273354 0.012326922670210443 0.00010445916236985271 0.004484655532685669 1.1206727379505558e-05 0.0010729667898472458 0.0 0.001 0.0 0.001 0.0 0.001 0.0 0.001 0.0 0.001 1
303 97.3401 161.2691 0.0 0.001 0.0 0.001 0.0 0.001 0.0 0.001 0.0 0.001 4.542164570060059e-14 0.001 5.862390780128623e-11 0.001 1.5600302876780915e-09 0.001 0.0 0.0016134000178711085 0.0 0.006721398876855188 0.0005436911677032519 0.018494437505816246 0.0032252660185653624 0.030671966882731362 0.01892175707364251 0.03319678916399966 0.07185462587786673 0.028041537181251637 0.1638837099663098 0.03228140966175773 0.23871638490737465 0.0363287683225353 0.22581763009655023 0.03243707119006296 0.15058976941148522 0.03031667647061819 0.08069071292495639 0.027226599520860467 0.03404614016793031 0.03096174420777149 0.01037223433919307 0.02800665955724646 0.001243881831230169 0.01743218338776449 9.419459487419832e-05 0.006565908132944153 0.0 0.0014449130091430398 0.0 0.001 2.791453447022948e-12 0.001 8.224142768009883e-13 0.001 4.693445065487836e-15 0.001 0.0 0.001 0.0 0.001 1
304 95.8377 186.4873 0.0 0.001 0.0 0.001 0.0 0.001 0.0 0.001 0.0 0.001 0.0 0.001 0.0 0.001 0.0 0.0016362501998379744 0.0 0.006304375213632396 0.0 0.016125209905940484 0.0 0.02377569437966512 0.0 0.02025642122024062 0.02899970666765608 0.02095939556044224 0.10285386163320655 0.020398110070210092 0.17268455430605895 0.018563654987129766 0.20287002001736493 0.022506469572240076 0.19678518153394928 0.022046159491114645 0.16133229630826154 0.018000067029597208 0.09831372465450727 0.018719766508373287 0.03455110222274447 0.0194593351489838 0.0016095526562508104 0.019958589474135396 0.0 0.0225718555845865 0.0 0.014494413299642385 0.0 0.005759487478648953 0.0 0.001438527212556403 0.0 0.001 0.0 0.001 0.0 0.001 0.0 0.001 0.0 0.001 1
305 82.3562 185.1625 0.0 0.001 0.0 0.001 0.0 0.001 0.0 0.001 0.0 0.001 0.0 0.001 0.0 0.001 0.0 0.0019817286317093813 0.0 0.007577432653120126 0.0 0.01796435737189341 0.0 0.025639686916107983 0.0 0.022564172001988295 0.03813176428497524 0.022997110052360173 0.1151199991858781 0.020649779074782777 0.17979103203923702 0.021925745739444308 0.20278940022318392 0.02599030137364762 0.19666413853677342 0.02367750536496807 0.15859869728589743 0.021087838714733673 0.08747169511597022 0.02152459539586333 0.021433273328084656 0.021063770060448312 0.0 0.023653263835641897 0.0 0.024365821641789936 0.0 0.013485159547176263 0.0 0.004610405123533693 0.0 0.0010663226297084264 0.0 0.001 0.0 0.001 0.0 0.001 0.0 0.001 0.0 0.001 1
306 64.2261 179.3316 0.0 0.001 2.4886080992122397e-16 0.001 1.9348724260613843e-13 0.001 1.8398333957324686e-11 0.001 1.7867045509796867e-09 0.001 5.5097187964107224e-08 0.001 2.5212929744136384e-06 0.001 4.96160073000888e-05 0.0017356522716762478 0.0005945506313926639 0.006481117757342983 0.0033955610246540536 0.016472669434619967 0.011842633430992887 0.02557617422814464 0.029930059962912304 0.026114266801784723 0.06407776999596307 0.023979711910687283 0.11036236262565438 0.022750537273327986 0.16465524778051288 0.025902751689122386 0.21271344861300162 0.029395454827744985 0.2082478522904133 0.029668974754242697 0.13775411276284394 0.027311656888713343 0.05216505199027514 0.0257230775311588 0.004209154688624598 0.026802346172572808 0.0 0.02692435651407836 0.0 0.019370379914325483 0.0 0.008695284503814456 0.0 0.0025142385620167415 0.0 0.001 0.0 0.001 0.0 0.001 0.0 0.001 0.0 0.001 0.0 0.001 1
307 -105.0646 173.3907 0.0 0.001 0.0 0.001 0.0 0.001 0.0 0.001 0.0 0.001 0.0 0.001 0.0 0.0033374113190078334 0.0 0.011005514933845483 0.0 0.02301491485348723 0.002454372532484277 0.02980842304488938 0.02942330293443327 0.028859748008212643 0.08995430098294024 0.028883039992902537 0.1700536723550434 0.032225825081874895 0.2201045840425212 0.03146511679211385 0.2158477948216279 0.03165755284423005 0.16192123219203244 0.030377654493512568 0.08441041925245367 0.027988969669225875 0.025830320886463535 0.031523754009151736 0.0 0.03166356338192846 0.0 0.023403673917001766 0.0 0.010071208878533133 0.0 0.0028898754412501806 0.0 0.001 0.0 0.001 0.0 0.001 0.0 0.001 0.0 0.001 0.0 0.001 0.0 0.001 0.0 0.001 1
308 76.1614 194.9382 0.0 0.001 0.0 0.001 0.0 0.001 0.0 0.001 0.0 0.001 0.0 0.001 0.0 0.001 0.0 0.003195206067670594 0.0 0.00956566568589173 0.0 0.018952620057365983 0.0 0.023072423571804168 0.013861745779660064 0.02113436114098741 0.05632105635410286 0.021446357367097213 0.11703708864426722 0.019417103437230618 0.16732998952385467 0.02322808570099169 0.1938632489569439 0.0248781369806029 0.19287299128589291 0.022215517725068634 0.15385016314451852 0.021849176206817422 0.0837281045249409 0.023198008081770423 0.021135611785819047 0.02325630279189106 0.0 0.02233872585232334 0.0 0.02380858342927483 0.0 0.015555134986059737 0.0 0.006469683987089311 0.0 0.0018379294209683854 0.0 0.001 0.0 0.001 0.0 0.001 0.0 0.001 0.0 0.001 1
309 114.8759 169.9792 0.0 0.001 0.0 0.001 0.0 0.001 0.0 0.001 0.0 0.001 0.0 0.001 0.0 0.001 2.3050777668971346e-07 0.001 1.8268406547946656e-05 0.0020863503211574668 0.00029771755788935377 0.008590933290766302 0.0021666158479525144 0.02070317459883291 0.011160847037365747 0.027830889659749176 0.03385188590749448 0.026792617480854444 0.07817482328134143 0.02504132685585691 0.14055341734518403 0.02707237073471308 0.20909096500114407 0.027108214043270226 0.23030056007476676 0.02964801979684202 0.17676921594459677 0.02680293884679745 0.08902471903985867 0.023600649120792593 0.027244338591680076 0.02584792098731586 0.0013463954564015836 0.028568025315980308 0.0 0.02289728030643296 0.0 0.010955208851972393 0.0 0.0031532370099659627 0.0 0.001 0.0 0.001 0.0 0.001 0.0 0.001 0.0 0.001 0.0 0.001 1
310 115.035 201.5726 6.5567119402067696e-15 0.001 6.567724338721329e-13 0.001 5.527620245518636e-12 0.001 0.0 0.001 0.0 0.001 0.0 0.001 0.0 0.001 0.0 0.0028814357746535543 0.0 0.008618000539156111 0.0 0.01783234557015888 0.0 0.023220368474592485 0.006228280144775886 0.01714233010878905 0.03832081730575715 0.01862573881405222 0.09465347529282095 0.018066327634905642 0.14960380569917084 0.017590137213211093 0.1840849734092108 0.022661755527608407 0.19026892889790914 0.023971478961173284 0.16789974990824003 0.019028015227369882 0.11140235472001682 0.016949596341522086 0.04888572250894757 0.020502973342136938 0.008651892106959939 0.01859264185385094 0.0 0.02223714523182646 0.0 0.020235226088428114 0.0 0.011099871037010017 0.0 0.004106442507770865 0.0 0.0011168710328790573 0.0 0.001 0.0 0.001 0.0 0.001 0.0 0.001 1
311 19.8398 155.8437 0.0 0.001 0.0 0.001 0.0 0.001 0.0 0.001 0.0 0.001 0.0 0.001 0.0 0.001 0.0 0.001 0.0 0.004600376807586163 0.0 0.014644406211973493 0.0 0.03259201555115368 0.0011698460855744186 0.042962216921569714 0.06273816373498421 0.04510170945873854 0.1567073486883316 0.0402785548053777 0.228034236197583 0.046575814748281694 0.23814164801070772 0.044196287553665836 0.19240383560931795 0.042951400389637434 0.1011775187689915 0.040337566739286776 0.019627402904509542 0.04354836092376263 0.0 0.03640717759124659 0.0 0.023255778605358365 0.0 0.009383920622417316 0.0 0.002196774879708472 0.0 0.001 0.0 0.001 0.0 0.001 0.0 0.001 0.0 0.001 0.0 0.001 0.0 0.001 1
312 102.8742 180.1677 1.0488251232610452e-16 0.001 7.868299767761893e-15 0.001 1.0794590616396033e-12 0.001 5.465928292945446e-11 0.001 1.699660147341827e-09 0.001 1.877370950002734e-08 0.001 0.0 0.001 0.0 0.0010005937495932448 0.0 0.004494734810577017 0.0 0.013273390579776683 0.0 0.024106429852571457 0.004972199908707245 0.025835812911629633 0.03916615810269348 0.023204663766084783 0.1003876981905015 0.022110765976446553 0.1572815460097448 0.021895680633677056 0.19583103637591254 0.02540952262479658 0.2146424000335514 0.027564670398588842 0.1831378632794479 0.022566426801799017 0.09276946095340433 0.023338200905904216 0.011811616599745382 0.02506748930480621 0.0 0.024115168314857015 0.0 0.024093371974309528 0.0 0.014205772005518529 0.0 0.004827699895868351 0.0 0.0010706775832802933 0.0 0.001 0.0 0.001 0.0 0.001 1.6615879175643614e-11 0.001 5.590273607015207e-13 0.001 1
313 117.0829 177.9554 0.0 0.001 0.0 0.001 2.6878894550735847e-16 0.001 1.1888206599023115e-16 0.001 9.849188447649549e-12 0.001 1.149296693964731e-09 0.001 1.0004323174598421e-07 0.001 9.447306971567693e-07 0.001 4.058366379675373e-05 0.002998858209240235 0.0006282416381046698 0.010201884070777018 0.0035135538185269454 0.02150940110310976 0.01680009040421434 0.026987935287476547 0.04371963356912074 0.025242695647431306 0.08781079320687331 0.023119760001924644 0.13847671328964473 0.025908019833991346 0.18707478869868502 0.02510291760149111 0.220335831309129 0.028803785490923897 0.18951003996199708 0.026889824717715047 0.09758386972456343 0.027216164369924488 0.01450481478226894 0.026972546914571658 0.0 0.02682298040243137 0.0 0.02582754241976009 0.0 0.014828420122962194 0.0 0.00509236530863083 0.0 0.0011597350913069011 0.0 0.001 0.0 0.001 0.0 0.001 0.0 0.001 0.0 0.001 1
314 29.5645 156.9602 0.0 0.001 0.0 0.001 0.0 0.001 0.0 0.001 0.0 0.001 0.0 0.001 0.0 0.001 0.0 0.001 0.0 0.0037281963177435147 0.0 0.012898295525329999 0.0 0.028283730199740773 0.008081574775259635 0.03712516679859193 0.055268325437078894 0.03704886298407217 0.14172616850560327 0.03289383489336528 0.2242242541229093 0.0405464931551784 0.2475123590068439 0.04128616406023475 0.19704993898145354 0.03948950002079976 0.10055919863482371 0.03483071392235898 0.02557818053602773 0.03851893310440289 0.0 0.03458658346766816 0.0 0.02154745046676736 0.0 0.008388555067752112 0.0 0.0020208824709007423 0.0 0.001 0.0 0.001 0.0 0.001 0.0 0.001 0.0 0.001 0.0 0.001 0.0 0.001 1
315 101.505 165.3299 0.0 0.001 0.0 0.001 0.0 0.001 0.0 0.001 0.0 0.001 0.0 0.001 0.0 0.001 0.0 0.001 0.0 0.0019507161374338754 0.0 0.008445643065518989 0.0 0.021456142790922155 0.00014799636760053328 0.027968623907081873 0.027485851232418437 0.02604619065976374 0.09287500581677695 0.026333070216361602 0.1648213273163494 0.021867116781296964 0.21625205021876748 0.028490042905877644 0.23527909557356264 0.03311690647198369 0.18286796940276479 0.024498728916697632 0.07961759111501503 0.028278321567439656 0.0006531129567447585 0.029704437478543497 0.0 0.02907974758929189 0.0 0.021452695723880165 0.0 0.008522536577942344 0.0 0.0021111975450133153 0.0 0.001 0.0 0.001 0.0 0.001 0.0 0.001 0.0 0.001 0.0 0.001 1
316 95.4505 157.1134 0.0 0.001 0.0 0.001 0.0 0.001 0.0 0.001 0.0 0.001 0.0 0.001 0.0 0.001 0.0 0.001 0.0 0.0013198172913127123 0.0 0.0058525802862556976 0.0 0.017136943983748695 0.00032489505948184237 0.030560843046686825 0.016351195534455815 0.041945751171229805 0.07371225748987528 0.04052880378620454 0.1693944905821537 0.039458679666365945 0.24722160905584745 0.04743678488189325 0.23225523399735293 0.045801870505742956 0.1520980325313779 0.037567372108347555 0.07565659707362157 0.03626105693863433 0.026975427802522423 0.039415596577918446 0.005817465580188349 0.031071663780722437 0.0001916633010017404 0.01632343510213842 1.1319920342085368e-06 0.005419234676737922 8.666189381717591e-14 0.0011105112185161047 0.0 0.001 0.0 0.001 0.0 0.001 0.0 0.001 0.0 0.001 0.0 0.001 1
317 88.5042 165.0471 0.0 0.001 0.0 0.001 0.0 0.001 0.0 0.001 0.0 0.001 0.0 0.001 0.0 0.001 0.0 0.001 1.3390084572310046e-06 0.002409430619645366 0.00018687844833998452 0.008934467598262046 0.003181407719501621 0.021007466502837517 0.013827502834358215 0.02886928777823079 0.0382355194642168 0.029822341773735998 0.08628426450964584 0.026309622513110333 0.1597489330046658 0.027953594813957608 0.2302336926159839 0.03479365055368697 0.22106870012784066 0.03597316899080576 0.14257088459890688 0.026701841125026896 0.0685298933687846 0.026915446932563855 0.026920935825166806 0.030817412279159857 0.008063154371154008 0.027481902392155033 0.0011125173461263224 0.01699000330979419 3.4376756851261775e-05 0.006233888319223821 0.0 0.0015753771197459894 0.0 0.001 0.0 0.001 0.0 0.001 0.0 0.001 0.0 0.001 0.0 0.001 1
318 51.0472 169.4026 0.0 0.001 0.0 0.001 0.0 0.001 0.0 0.001 0.0 0.001 0.0 0.001 0.0 0.001 0.0 0.0013436114750875463 0.0 0.005723189785948482 0.0 0.016337381942123655 0.0 0.031770737521689976 0.0 0.037741257576908174 0.055643502434480754 0.03625885043784012 0.13753021057615764 0.034147522681707135 0.1942303984639517 0.038321662452957206 0.2201028827055957 0.036172897704231974 0.21319114897454577 0.03988340164879586 0.1406005475884973 0.0350386901859672 0.03870130925677111 0.038881463464909324 0.0 0.03572330735279593 0.0 0.031460985766317534 0.0 0.018420065004597395 0.0 0.006458904776004143 0.0 0.0013506158910391467 0.0 0.001 0.0 0.001 0.0 0.001 0.0 0.001 0.0 0.001 0.0 0.001 1
