data/processed/NGC5845-h6/hist_kins.ecsv
# %ECSV 1.0
# ---
# datatype:
# - {name: binID_dynamite, datatype: int64}
# - {name: v, datatype: float32}
# - {name: sigma, datatype: float32}
# - {name: losvd_0, datatype: float64}
# - {name: dlosvd_0, datatype: float64}
# - {name: losvd_1, datatype: float64}
# - {name: dlosvd_1, datatype: float64}
# - {name: losvd_2, datatype: float64}
# - {name: dlosvd_2, datatype: float64}
# - {name: losvd_3, datatype: float64}
# - {name: dlosvd_3, datatype: float64}
# - {name: losvd_4, datatype: float64}
# - {name: dlosvd_4, datatype: float64}
# - {name: losvd_5, datatype: float64}
# - {name: dlosvd_5, datatype: float64}
# - {name: losvd_6, datatype: float64}
# - {name: dlosvd_6, datatype: float64}
# - {name: losvd_7, datatype: float64}
# - {name: dlosvd_7, datatype: float64}
# - {name: losvd_8, datatype: float64}
# - {name: dlosvd_8, datatype: float64}
# - {name: losvd_9, datatype: float64}
# - {name: dlosvd_9, datatype: float64}
# - {name: losvd_10, datatype: float64}
# - {name: dlosvd_10, datatype: float64}
# - {name: losvd_11, datatype: float64}
# - {name: dlosvd_11, datatype: float64}
# - {name: losvd_12, datatype: float64}
# - {name: dlosvd_12, datatype: float64}
# - {name: losvd_13, datatype: float64}
# - {name: dlosvd_13, datatype: float64}
# - {name: losvd_14, datatype: float64}
# - {name: dlosvd_14, datatype: float64}
# - {name: losvd_15, datatype: float64}
# - {name: dlosvd_15, datatype: float64}
# - {name: losvd_16, datatype: float64}
# - {name: dlosvd_16, datatype: float64}
# - {name: losvd_17, datatype: float64}
# - {name: dlosvd_17, datatype: float64}
# - {name: losvd_18, datatype: float64}
# - {name: dlosvd_18, datatype: float64}
# - {name: losvd_19, datatype: float64}
# - {name: dlosvd_19, datatype: float64}
# - {name: losvd_20, datatype: float64}
# - {name: dlosvd_20, datatype: float64}
# - {name: losvd_21, datatype: float64}
# - {name: dlosvd_21, datatype: float64}
# - {name: losvd_22, datatype: float64}
# - {name: dlosvd_22, datatype: float64}
# - {name: losvd_23, datatype: float64}
# - {name: dlosvd_23, datatype: float64}
# - {name: losvd_24, datatype: float64}
# - {name: dlosvd_24, datatype: float64}
# - {name: losvd_25, datatype: float64}
# - {name: dlosvd_25, datatype: float64}
# - {name: losvd_26, datatype: float64}
# - {name: dlosvd_26, datatype: float64}
# - {name: losvd_27, datatype: float64}
# - {name: dlosvd_27, datatype: float64}
# - {name: losvd_28, datatype: float64}
# - {name: dlosvd_28, datatype: float64}
# - {name: losvd_29, datatype: float64}
# - {name: dlosvd_29, datatype: float64}
# - {name: is_good, datatype: int64}
# meta: !!omap
# - {dv: 100.0}
# - vcent: [-1450.0, -1350.0, -1250.0, -1150.0, -1050.0, -950.0, -850.0, -750.0, -650.0, -550.0, -450.0, -350.0, -250.0, -150.0, -50.0,
#     50.0, 150.0, 250.0, 350.0, 450.0, 550.0, 650.0, 750.0, 850.0, 950.0, 1050.0, 1150.0, 1250.0, 1350.0, 1450.0]
# - {nbins: 684}
# - {nvbins: 30}
# - PSF:
#     sigma:
#     - [0.4278574033096264, 1.4696945928287308]
#     - [0.746761475444327, 4.616470105622174]
#     weight:
#     - [0.7699515885757993, 0.23004841142420074]
#     - [0.9731804457762667, 0.026819554223733277]
# - aperture_exprs: [_o, _s]
# schema: astropy-2.0
binID_dynamite v sigma losvd_0 dlosvd_0 losvd_1 dlosvd_1 losvd_2 dlosvd_2 losvd_3 dlosvd_3 losvd_4 dlosvd_4 losvd_5 dlosvd_5 losvd_6 dlosvd_6 losvd_7 dlosvd_7 losvd_8 dlosvd_8 losvd_9 dlosvd_9 losvd_10 dlosvd_10 losvd_11 dlosvd_11 losvd_12 dlosvd_12 losvd_13 dlosvd_13 losvd_14 dlosvd_14 losvd_15 dlosvd_15 losvd_16 dlosvd_16 losvd_17 dlosvd_17 losvd_18 dlosvd_18 losvd_19 dlosvd_19 losvd_20 dlosvd_20 losvd_21 dlosvd_21 losvd_22 dlosvd_22 losvd_23 dlosvd_23 losvd_24 dlosvd_24 losvd_25 dlosvd_25 losvd_26 dlosvd_26 losvd_27 dlosvd_27 losvd_28 dlosvd_28 losvd_29 dlosvd_29 is_good
[from data line 162]
163 -12.2099 274.1128 1.8284869060102591e-06 0.001 4.239504047095101e-06 0.001 9.874248825762794e-06 0.001002901074320087 8.072945481451406e-06 0.002708761332084241 9.682769227282981e-05 0.006046235609664828 0.00033358437875990153 0.010525559524037215 0.0008003193896563012 0.01361802260821101 0.003652296365668217 0.012975894215868722 0.009744824148223974 0.00837121812461331 0.022233162622204636 0.00947482284808943 0.04355668440910779 0.01228912913255428 0.07173479051810604 0.007920781303172794 0.10161359817229901 0.005683878636519778 0.12656651290873344 0.010833540759421674 0.14143674186870828 0.01570657581552648 0.14155653845987123 0.014571600985251343 0.1258239872294357 0.009287269301399101 0.09736425823856744 0.005473770086261015 0.06340927808524545 0.009765888657379686 0.03342733238971901 0.012228400989282578 0.013220520078324163 0.008284570197704809 0.003385520904137416 0.009515240499424845 0.0 0.014788245293847039 0.0 0.014217794590078655 0.0 0.009816923004463053 0.0 0.005228595882240774 3.403571925035498e-06 0.0022572858751453316 8.680767120943892e-06 0.001 5.465487162960141e-06 0.001 1.6571294898100995e-06 0.001 1
164 74.7129 249.0461 1.4460260776012592e-08 0.001 1.7017624191838462e-07 0.001 1.4823899578706771e-06 0.001 9.908571305801179e-06 0.001 2.8743694467916166e-05 0.0011046116302260887 6.370301352783076e-05 0.0032108664152322606 0.00038176086381497276 0.007469914989680181 0.0020172544101597807 0.013042118256294113 0.005864073772112461 0.015646217512081242 0.014255452359422782 0.011498934137823713 0.02667236971163398 0.009177654913529619 0.045933512777643605 0.013067054511945692 0.07040404062083898 0.009414230751040017 0.10060691010389221 0.005753359566208892 0.13340880408481423 0.011620597738636447 0.15625237265906874 0.016937833638617672 0.15747090884027157 0.014936546026068934 0.13135809092904205 0.008289627956784139 0.08915477019012466 0.006694634842238187 0.046533203752884306 0.012521577427492329 0.016603495275875273 0.01061747425259138 0.0029789573426384336 0.009076110185992171 0.0 0.01512651241218683 0.0 0.015804369910411648 0.0 0.010496236968371906 0.0 0.00515877484529371 0.0 0.0019730881676421367 0.0 0.001 0.0 0.001 0.0 0.001 1
165 -47.4294 241.334 1.525221141791299e-07 0.001 1.2449219212803488e-06 0.001 8.918862512309602e-06 0.001 4.9311403676184415e-05 0.001001590930895373 0.00025359892877601785 0.003083291463691406 0.0007434549437726138 0.00747622839051512 0.0022478201595286184 0.01336405668706801 0.004926082876893615 0.016253229840222223 0.009386283468319982 0.012372306250147253 0.017937366703127976 0.009620525860278367 0.03641261362481245 0.013704398857403103 0.06877242837929083 0.009584261800859983 0.11184732022080933 0.008596460594494704 0.15007697548561427 0.01323559921499548 0.1641375512187459 0.018442429195407034 0.1444863880656644 0.014284196708762756 0.10664371525762052 0.007791283899468274 0.07067708003888527 0.008984171830130665 0.04470387405523378 0.01327894071548832 0.029688983208272436 0.00988346119015247 0.01884124861216323 0.0123845134160193 0.01060939791933009 0.015463186215473018 0.005022673225266142 0.012529920363818281 0.0018631492780269785 0.007080162573687072 0.0005226823476867017 0.003011999438830102 0.00011594110745049122 0.001 2.047477704355897e-05 0.001 2.8630721847218835e-06 0.001 3.713289447769332e-07 0.001 3.398631118571744e-08 0.001 1
166 167.0548 219.0916 6.593017426188743e-13 0.001 3.2985017980453845e-11 0.001 1.2764244483103444e-09 0.001 3.326373296496401e-08 0.001 6.23831013444104e-07 0.001 7.463226313628268e-06 0.001 6.444619315057707e-05 0.001 0.0004591410857887078 0.003103180503524931 0.0020603704010257605 0.008036311385462201 0.006896134408771885 0.014714724247773186 0.01776818307946416 0.0176566537994166 0.034084656455554314 0.012753314650236759 0.051910509559363376 0.014671823701541475 0.07046796164125592 0.013957650185249585 0.09534959521477564 0.010766659984160189 0.13543723392872908 0.013773294980005839 0.17464182482500837 0.019946509955050068 0.17914319101709725 0.01754213081862148 0.13455045939385699 0.011662779454426488 0.07168615086194097 0.013162726835020594 0.02290670045204391 0.015162086545747883 0.002564855501247393 0.011957006727075649 0.0 0.015977141543516267 0.0 0.01643099396612055 0.0 0.010089777487782066 0.0 0.004295794855755363 0.0 0.0014068184428073975 1.921659380846653e-08 0.001 4.144721358938019e-07 0.001 3.066106749091879e-08 0.001 1
167 -133.547 231.8972 2.0054814608003578e-08 0.001 1.9298236287974254e-07 0.001 1.7523070158462114e-06 0.001 2.9781421314186597e-05 0.001841425924121037 0.00014732855032246857 0.005201240183346988 0.0005650305024558622 0.011059119903488016 0.0015742916789009463 0.01628039005623385 0.004543183819434205 0.015376570242213027 0.012744632501530816 0.008902194195579615 0.03086332974403031 0.013747275687989259 0.06550136520770786 0.01134553594801415 0.11126899235916246 0.006846645484364783 0.15308774452079776 0.012668803153941366 0.17104264416443313 0.017991173733451105 0.15642378607145765 0.0150192390098388 0.12044429254591145 0.008033902751872025 0.07975369489653905 0.00930369127608427 0.04732902267944365 0.013250122609007795 0.02530142484350325 0.009612488249208294 0.01256448922726898 0.013450665821265312 0.0049086092825127246 0.016533161379747297 0.0015577985472093572 0.012698814231469926 0.0003117147798590281 0.006563765347468031 3.227637626422747e-05 0.002512341824499646 7.173553445035307e-07 0.001 1.6021906477843632e-06 0.001 2.569292494626263e-07 0.001 2.2213301966446115e-08 0.001 1.996478667459725e-09 0.001 2.5072491131286037e-10 0.001 1
168 54.8053 262.3216 6.67377463088727e-07 0.001 4.424455706381091e-06 0.001 2.4762483222893514e-05 0.001 0.00010395148349855701 0.001 0.00036487904442403577 0.0023478884031066056 0.001058055738021264 0.0054995621356423085 0.0027604366505529733 0.010320561806041652 0.006044169957973802 0.014476550330592697 0.01150974228195403 0.013759663500303755 0.019083075134566797 0.008265007504517731 0.030289837921625186 0.010199060057197513 0.047237505962598285 0.012144175900472419 0.07245903507961624 0.006648964240846038 0.10422742147343185 0.006723552702079638 0.13459761862612174 0.012217419390878295 0.1504984439480008 0.015514700178603805 0.14260679301800142 0.012968531120210361 0.11471211732916575 0.00720456226781814 0.07780327398877454 0.006596831991574695 0.04516259840860341 0.011641173286348713 0.021793260483800207 0.010344843620745288 0.010002939970517469 0.00791982616563576 0.0039408576500957375 0.012996813500458285 0.001891228205379587 0.014418194502132005 0.0010548952660996375 0.010877770625796396 0.00047873225848650325 0.006022002013413204 0.0002153806412430259 0.0026307534171116365 5.823679771936359e-05 0.001 1.2637497053891208e-05 0.001 3.0208662816117985e-06 0.001 1
169 -32.9074 264.6583 0.0 0.001 0.0 0.001 0.0 0.001 0.0 0.002472316691143262 0.0 0.005656968945432193 0.0 0.010557014736696398 0.0 0.014760496760770545 0.0017137345090117828 0.014237103100703948 0.007373724053960384 0.009084111316285538 0.020512785104860036 0.009745684987015259 0.04267116184820087 0.012504247272144619 0.07432358555562123 0.007750218535084341 0.10949260668661466 0.006214449257536447 0.13869346740749125 0.012229240998652413 0.15050559443772565 0.016886786570921963 0.14174647656093836 0.01381483236274271 0.11583912145369218 0.008056791677165609 0.08491250477398898 0.005552199306008913 0.05516824129056615 0.011308733958012834 0.03213797172594644 0.011564100663031766 0.01608908640816264 0.007553862893289655 0.006833830801723716 0.012643150887262047 0.0017557683473251918 0.015055749329849696 0.0002303390341704757 0.012051373648281476 0.0 0.006889770681655358 0.0 0.0031851766473068024 0.0 0.0011883811496277575 0.0 0.001 0.0 0.001 0.0 0.001 1
170 -146.4232 207.3834 0.0 0.001 0.0 0.001 0.0 0.001 0.0 0.001 0.0 0.002323729663081614 0.0 0.007134163147018794 0.0 0.015502248365658462 0.0 0.020460313917117126 0.0 0.015350123426313887 0.013733969661522478 0.014923250789956686 0.06770153107739653 0.016586726986785597 0.13288362208909327 0.01058038643558859 0.17933309687784252 0.017266477460423257 0.18725247357912506 0.023352079455679575 0.16443424845485968 0.016727379091832237 0.12661582022932724 0.009222258829367322 0.08055047468187689 0.015346613811578903 0.03675377140272031 0.017165861937279717 0.010740991946236027 0.014982100638404959 0.0 0.02072191698796854 0.0 0.016255935541900888 0.0 0.007892312752955929 0.0 0.0026181637297297716 0.0 0.001 0.0 0.001 0.0 0.001 0.0 0.001 0.0 0.001 0.0 0.001 0.0 0.001 1
171 -92.0844 245.4721 0.0 0.001 0.0 0.001 0.0 0.001 0.0 0.002068888151275228 0.0 0.0053662106815044915 0.0 0.010859511473598392 0.00044704370274591945 0.015580214911188633 0.001977819430948664 0.014343447984673055 0.008128822366333815 0.008048357538715321 0.0243275007723227 0.011395363307005857 0.053320452758107484 0.011834780966554683 0.0943326836913156 0.005494535815542788 0.13489697669876707 0.008588888652723184 0.159228995244836 0.015664063132517198 0.15681887694386754 0.01651649652989262 0.1308739969401031 0.009487343225198681 0.09555698799875217 0.00514430975458071 0.06259891672469958 0.01067895290520679 0.03760409805986062 0.012099878680565375 0.02106290982840534 0.008292230599984615 0.010951557234393856 0.012285493130214271 0.00512398008156538 0.0147779253942378 0.002017832708296815 0.010946234643786648 0.0005348750931422478 0.0058672007484140585 0.00014750104068619204 0.0023061687101870675 3.988317039691207e-05 0.001 7.002589804060099e-06 0.001 1.1219218402734176e-06 0.001 1.514158764376704e-07 0.001 1.358293222197572e-08 0.001 1
172 33.7394 270.6252 8.323538006361314e-07 0.001 4.127777709520301e-06 0.001 2.5841048590748116e-05 0.001 0.00010665874347287014 0.001494853456364493 0.00037568267528780675 0.003827533720652241 0.0012168159393540227 0.007627387559645604 0.0030198234839143383 0.012075967174854731 0.00613245415818089 0.014205617256478998 0.010995001982396084 0.010593268295873258 0.01956550748511051 0.007292462960500807 0.03242265329492363 0.011299499484356755 0.05167623690127899 0.01023172239236625 0.07922651563157873 0.00459292702992313 0.11129959493043272 0.007363061255521254 0.13791284706669196 0.013647468947347322 0.14668322968779227 0.016069651962258027 0.13288455129984025 0.011397728162359878 0.1032846174650221 0.0058220530017517175 0.07026773034736013 0.006137357307362035 0.04257758691973516 0.011409585536422143 0.0240945572637412 0.010004117396662637 0.013411105113222764 0.0070749531791221825 0.007172739642317212 0.012328535003791538 0.003340772879270751 0.014421898070507108 0.0014143851751542145 0.01109249292254087 0.0006186145656040991 0.006328400809852362 0.00018459783440694645 0.0029041464276555783 6.168808464459278e-05 0.001098406297514092 1.93585803866275e-05 0.001 3.871668778043513e-06 0.001 1
173 -103.0671 172.1687 0.0 0.001 0.0 0.001 0.0 0.001 0.0 0.001 0.0 0.001 0.0 0.001 0.0 0.003210965135626875 0.0 0.010814378253610058 0.0 0.022236569328878665 0.0 0.030467070639808743 0.022231884141445685 0.030206132812313886 0.08655058165043768 0.02739232446466638 0.17100047711776528 0.02994851267485832 0.22199483245979357 0.031647373902089354 0.21692125795887324 0.03243227733508619 0.15985356236941442 0.029667508239413012 0.08731318291758605 0.026988905532867796 0.030357641414573044 0.03140944762904432 0.003776579970111172 0.029204245515725112 0.0 0.021998318971267562 0.0 0.009930912064497581 0.0 0.0027539677802760737 0.0 0.001 0.0 0.001 0.0 0.001 0.0 0.001 0.0 0.001 0.0 0.001 0.0 0.001 0.0 0.001 1
174 -131.5256 210.3954 0.0 0.001 0.0 0.001 0.0 0.001 0.0 0.001 0.0 0.002287852166648174 0.0 0.0070244567108680295 0.0 0.015027686355063116 0.0 0.02104760644511911 0.0 0.016736599990582718 0.007103650272990268 0.014974037928862968 0.05791440247140493 0.017119157830080067 0.12622262113083504 0.01172757829720069 0.17481614253499766 0.016741893612795183 0.1842615609073884 0.023703669303474742 0.16484939919772196 0.01804352829909152 0.1324106034611553 0.012430725917032738 0.08997147833349187 0.014765654488398824 0.04518688507615938 0.017703025311087646 0.015105620324284568 0.013878139452934557 0.0021576362895705256 0.02051079746863807 0.0 0.018754235021948472 0.0 0.010281225930111689 0.0 0.003803428233658576 0.0 0.001009978014356348 0.0 0.001 0.0 0.001 0.0 0.001 0.0 0.001 0.0 0.001 0.0 0.001 1
175 -47.549 250.4593 4.916259172307794e-08 0.001 7.123739427012534e-07 0.001 7.271592296831656e-06 0.001 2.128539432568827e-05 0.0016077769801266283 9.314279316164209e-05 0.004336676867546708 0.00041748829753947975 0.009026993727559052 0.0009850486091379134 0.013793956376953102 0.0023394943743819093 0.014475286778052328 0.005888914982766994 0.009005408955619305 0.015635746554856046 0.009546104921615723 0.03712591883827585 0.01223845881287347 0.0730997356758133 0.007451657583450615 0.11526537585939672 0.006275696496309019 0.1489988658412542 0.01244776985696848 0.15792077800615448 0.017408073680902067 0.13949221165759657 0.013049693128501197 0.1058689843142914 0.006596920384714509 0.07322175394037193 0.006732038194279158 0.049275468521029334 0.012687225893887353 0.03290051765096702 0.010269192908295467 0.02115072571033461 0.008913475117752569 0.011503770034703974 0.014253753809667803 0.00552437021879754 0.013925408551608042 0.0021881380609970226 0.009084856183741986 0.0007916592181958027 0.004419137197644991 0.00021908104166415386 0.0016039514261949215 5.215546946765514e-05 0.001 9.83939679691405e-06 0.001 1.3424592361766574e-06 0.001 1.5394965434059265e-07 0.001 1
176 -7.722 279.3746 8.469240315222837e-06 0.001 2.998461112446305e-05 0.001 9.776313890592087e-05 0.0012704426024656955 0.00022188261719318828 0.0032647127911798845 0.0005260904457737627 0.00688699259019983 0.0009919152146140825 0.011685798813425251 0.00191558743491699 0.01490818350788179 0.00478782842909852 0.013250261560953876 0.010685628126026083 0.008482950552457236 0.023311733573472035 0.010307659086801334 0.04363881153891599 0.012424475896714672 0.07080113385808738 0.00837699210163173 0.09914163318419415 0.006319804491639727 0.1238375500369196 0.011167288969701303 0.138732889249114 0.01550112946287948 0.13936727907006988 0.015552763341646403 0.12548926339186806 0.010439092350751862 0.09870514755322021 0.0062248614823102524 0.06572817190551408 0.008871091130983454 0.03537432553301046 0.012017663622783338 0.013677344120274123 0.008910521752731108 0.0029295677273716196 0.008741603108590783 0.0 0.014177024260600336 0.0 0.014097604735790803 0.0 0.01060110055999499 0.0 0.006064948880354051 0.0 0.0028060516789415605 0.0 0.0010605030822916825 0.0 0.001 0.0 0.001 1
