data/processed/NGC5845-h6/hist_kins.ecsv
# %ECSV 1.0
# ---
# datatype:
# - {name: binID_dynamite, datatype: int64}
# - {name: v, datatype: float32}
# - {name: sigma, datatype: float32}
# - {name: losvd_0, datatype: float64}
# - {name: dlosvd_0, datatype: float64}
# - {name: losvd_1, datatype: float64}
# - {name: dlosvd_1, datatype: float64}
# - {name: losvd_2, datatype: float64}
# - {name: dlosvd_2, datatype: float64}
# - {name: losvd_3, datatype: float64}
# - {name: dlosvd_3, datatype: float64}
# - {name: losvd_4, datatype: float64}
# - {name: dlosvd_4, datatype: float64}
# - {name: losvd_5, datatype: float64}
# - {name: dlosvd_5, datatype: float64}
# - {name: losvd_6, datatype: float64}
# - {name: dlosvd_6, datatype: float64}
# - {name: losvd_7, datatype: float64}
# - {name: dlosvd_7, datatype: float64}
# - {name: losvd_8, datatype: float64}
# - {name: dlosvd_8, datatype: float64}
# - {name: losvd_9, datatype: float64}
# - {name: dlosvd_9, datatype: float64}
# - {name: losvd_10, datatype: float64}
# - {name: dlosvd_10, datatype: float64}
# - {name: losvd_11, datatype: float64}
# - {name: dlosvd_11, datatype: float64}
# - {name: losvd_12, datatype: float64}
# - {name: dlosvd_12, datatype: float64}
# - {name: losvd_13, datatype: float64}
# - {name: dlosvd_13, datatype: float64}
# - {name: losvd_14, datatype: float64}
# - {name: dlosvd_14, datatype: float64}
# - {name: losvd_15, datatype: float64}
# - {name: dlosvd_15, datatype: float64}
# - {name: losvd_16, datatype: float64}
# - {name: dlosvd_16, datatype: float64}
# - {name: losvd_17, datatype: float64}
# - {name: dlosvd_17, datatype: float64}
# - {name: losvd_18, datatype: float64}
# - {name: dlosvd_18, datatype: float64}
# - {name: losvd_19, datatype: float64}
# - {name: dlosvd_19, datatype: float64}
# - {name: losvd_20, datatype: float64}
# - {name: dlosvd_20, datatype: float64}
# - {name: losvd_21, datatype: float64}
# - {name: dlosvd_21, datatype: float64}
# - {name: losvd_22, datatype: float64}
# - {name: dlosvd_22, datatype: float64}
# - {name: losvd_23, datatype: float64}
# - {name: dlosvd_23, datatype: float64}
# - {name: losvd_24, datatype: float64}
# - {name: dlosvd_24, datatype: float64}
# - {name: losvd_25, datatype: float64}
# - {name: dlosvd_25, datatype: float64}
# - {name: losvd_26, datatype: float64}
# - {name: dlosvd_26, datatype: float64}
# - {name: losvd_27, datatype: float64}
# - {name: dlosvd_27, datatype: float64}
# - {name: losvd_28, datatype: float64}
# - {name: dlosvd_28, datatype: float64}
# - {name: losvd_29, datatype: float64}
# - {name: dlosvd_29, datatype: float64}
# - {name: is_good, datatype: int64}
# meta: !!omap
# - {dv: 100.0}
# - vcent: [-1450.0, -1350.0, -1250.0, -1150.0, -1050.0, -950.0, -850.0, -750.0, -650.0, -550.0, -450.0, -350.0, -250.0, -150.0, -50.0,
#     50.0, 150.0, 250.0, 350.0, 450.0, 550.0, 650.0, 750.0, 850.0, 950.0, 1050.0, 1150.0, 1250.0, 1350.0, 1450.0]
# - {nbins: 684}
# - {nvbins: 30}
# - PSF:
#     sigma:
#     - [0.4278574033096264, 1.4696945928287308]
#     - [0.746761475444327, 4.616470105622174]
#     weight:
#     - [0.7699515885757993, 0.23004841142420074]
#     - [0.9731804457762667, 0.026819554223733277]
# - aperture_exprs: [_o, _s]
# schema: astropy-2.0
binID_dynamite v sigma losvd_0 dlosvd_0 losvd_1 dlosvd_1 losvd_2 dlosvd_2 losvd_3 dlosvd_3 losvd_4 dlosvd_4 losvd_5 dlosvd_5 losvd_6 dlosvd_6 losvd_7 dlosvd_7 losvd_8 dlosvd_8 losvd_9 dlosvd_9 losvd_10 dlosvd_10 losvd_11 dlosvd_11 losvd_12 dlosvd_12 losvd_13 dlosvd_13 losvd_14 dlosvd_14 losvd_15 dlosvd_15 losvd_16 dlosvd_16 losvd_17 dlosvd_17 losvd_18 dlosvd_18 losvd_19 dlosvd_19 losvd_20 dlosvd_20 losvd_21 dlosvd_21 losvd_22 dlosvd_22 losvd_23 dlosvd_23 losvd_24 dlosvd_24 losvd_25 dlosvd_25 losvd_26 dlosvd_26 losvd_27 dlosvd_27 losvd_28 dlosvd_28 losvd_29 dlosvd_29 is_good
[from data line 592]
593 143.6803 131.83305 0.0 0.001 0.0 0.001 0.0 0.001 0.0 0.001 0.0 0.001 1.0129808543959968e-15 0.001 2.0894139176065025e-12 0.001 7.60915337399348e-10 0.001 1.0741009653457103e-07 0.001 9.122259499359724e-06 0.001 0.0002513687193821567 0.0024619828714206736 0.003136576094374457 0.012914422759891284 0.019351545770853948 0.027586050357997306 0.05349080096582203 0.015797094728216658 0.10586203988169249 0.019771805747466772 0.20646405509805196 0.015624847301073691 0.2949851204969846 0.03171965069000163 0.21301965787028077 0.014984505211812979 0.07656797261401228 0.02120977433944618 0.01934838706310689 0.0163195337318893 0.006295580015021331 0.02549227959435859 0.001118057900379106 0.01058989982456764 9.632193596712518e-05 0.0018517725158273927 3.2480251688573967e-06 0.001 3.693974282044199e-08 0.001 1.7616288317053241e-10 0.001 3.9444421899826283e-13 0.001 3.136408878596891e-16 0.001 0.0 0.001 0.0 0.001 1
594 -82.5416 133.85872 0.0 0.001 0.0 0.001 0.0 0.001 0.0 0.001 3.3996542411638826e-15 0.001 3.6395989297586455e-11 0.001 1.2084107831380732e-08 0.001 2.4701929716312425e-06 0.001 0.00020700665701598017 0.00530126908865945 0.0034831419832380157 0.0175282207146478 0.019925640208567057 0.02693507613256453 0.053743342804722635 0.024733237921221334 0.12674377857002694 0.023987990010241794 0.24669977898555417 0.03393476438949383 0.28127295281805725 0.04131871572534669 0.17005806902426193 0.026820111837902186 0.0670071486935499 0.02648718645954719 0.024283040809618052 0.027014075817561333 0.006118738884672407 0.023817279220815196 0.0004455595516021411 0.009169579301515983 9.25697417838666e-06 0.0017627454251093891 6.164199665573699e-08 0.001 7.941690267712655e-11 0.001 4.276386204612944e-14 0.001 0.0 0.001 0.0 0.001 0.0 0.001 0.0 0.001 0.0 0.001 0.0 0.001 1
595 -13.0671 117.372246 0.0 0.001 0.0 0.001 0.0 0.001 0.0 0.001 0.0 0.001 0.0 0.001 0.0 0.001 0.0 0.001 0.0 0.001 1.130231523816702e-12 0.0030604428631852048 0.00010855773451891615 0.016852256623387216 0.007460570850903066 0.04027092842987211 0.0584548595557599 0.04548412573505158 0.17094939638247017 0.049107949775643846 0.3141763797736216 0.061430889024088 0.2947218618549525 0.0567412652020369 0.1290160561652182 0.04824431692759733 0.024931375435036107 0.04495854002680724 0.00018094224638914372 0.03317577503741514 0.0 0.011757032539469057 0.0 0.0017786493287900603 0.0 0.001 0.0 0.001 0.0 0.001 0.0 0.001 0.0 0.001 0.0 0.001 0.0 0.001 0.0 0.001 0.0 0.001 1
596 -41.6102 138.61752 0.0 0.001 0.0 0.001 0.0 0.001 0.0 0.001 0.0 0.001 0.0 0.001 0.0 0.001 0.0 0.001 0.0 0.0037233223207756515 0.0 0.01449828221489632 0.0 0.026480960041204253 0.0048423239198752965 0.02654236767523481 0.08438764791533213 0.038139587530337776 0.22227127629372176 0.029904778904655205 0.2818578098734155 0.04636052035573261 0.21054403912518552 0.03030658356124917 0.11936160961984216 0.023886856365458155 0.055995597574579496 0.026364132077174987 0.01823480497940042 0.027976110708637435 0.0023936365478052263 0.01598223032817061 0.00011098018491445217 0.004549975413015732 2.7380156976523974e-07 0.001 1.6435833571964795e-10 0.001 0.0 0.001 0.0 0.001 0.0 0.001 0.0 0.001 0.0 0.001 0.0 0.001 0.0 0.001 1
597 49.9355 134.53586 0.0 0.001 0.0 0.001 0.0 0.001 0.0 0.001 0.0 0.001 0.0 0.001 2.4883887827927407e-12 0.001 6.629676101915581e-10 0.001 0.0 0.001 0.0 0.002800651879330834 0.0 0.013159619838377573 0.0 0.027566025640677835 0.009255336520712538 0.022323745079617898 0.09218949675900412 0.02800660590061551 0.2348401537466563 0.02636399415543901 0.28883996168300385 0.03813010890977331 0.2094896467125211 0.02317472106846613 0.11059698019625797 0.023921970902413138 0.043383815122927126 0.024308265894120003 0.010258690000754415 0.02779801514438176 0.0010951669706162868 0.014036154165639714 5.0005632789801196e-05 0.0029695712673470445 7.399808110711196e-07 0.001 5.9903145755363174e-09 0.001 1.81457628290029e-11 0.001 2.9001703085821773e-14 0.001 0.0 0.001 0.0 0.001 0.0 0.001 0.0 0.001 1
598 78.7894 152.43689 0.0 0.001 0.0 0.001 0.0 0.001 0.0 0.001 0.0 0.001 0.0 0.001 0.0 0.001 0.0 0.001 0.0 0.001 0.0 0.0055014002036808994 0.0 0.01771825588431518 0.0 0.02672347687238758 0.008848356641616895 0.019142071610902353 0.09086995785420415 0.023124326059728584 0.19923887611041652 0.015421414453725704 0.25211798731450674 0.026712944742034436 0.2306307280303348 0.021637173933774054 0.15508066108293367 0.014546986318516641 0.05890948452192891 0.023372855150669114 0.004303948444058287 0.02057449133262 0.0 0.026764435811244366 0.0 0.012387609627581234 0.0 0.002935259154626932 0.0 0.001 0.0 0.001 0.0 0.001 0.0 0.001 0.0 0.001 0.0 0.001 0.0 0.001 1
599 141.4334 128.12425 0.0 0.001 0.0 0.001 0.0 0.001 0.0 0.001 0.0 0.001 1.0544514112179358e-16 0.001 1.383425125142744e-13 0.001 1.5878981574844036e-10 0.001 4.918247911531379e-08 0.001 4.116401346400883e-06 0.001 0.00018646841930878614 0.001861352875818575 0.0027533681025272037 0.011646262035718823 0.017782268813181644 0.028180040402617047 0.06061791664088768 0.020074286955314213 0.11804188981221389 0.022761479038636394 0.209286301633549 0.020569055743428266 0.301040317248721 0.03252284645400516 0.22895415289531915 0.021739180296328514 0.061333150687502204 0.02484586371510764 0.0 0.02294712859959965 0.0 0.026284314930434413 0.0 0.009044519083872174 0.0 0.0012688861543959811 0.0 0.001 0.0 0.001 4.019489108192838e-12 0.001 1.611322967947326e-14 0.001 0.0 0.001 0.0 0.001 0.0 0.001 1
600 125.4662 122.984924 0.0 0.001 0.0 0.001 0.0 0.001 0.0 0.001 0.0 0.001 0.0 0.001 0.0 0.001 0.0 0.001 0.0 0.001 7.627941097956018e-15 0.001 1.121692942903436e-09 0.0020545617437798683 3.724227220942227e-06 0.012120719183562525 0.0015560985000481395 0.029844943252630166 0.02584325492692196 0.03845812184333795 0.11646457107824948 0.039379828314647966 0.26985688550748016 0.04300833223027886 0.3104067870191967 0.06025385863534263 0.19056160650876494 0.040816235607510756 0.07088058968199017 0.038339224616827164 0.013756314323970816 0.03715541383117088 0.0006699354867847891 0.02010480882560289 2.316174744519736e-07 0.005979860975740587 1.9247456545081363e-13 0.001 4.359724236415909e-15 0.001 0.0 0.001 0.0 0.001 0.0 0.001 0.0 0.001 0.0 0.001 0.0 0.001 1
601 94.3556 151.82002 0.0 0.001 0.0 0.001 0.0 0.001 0.0 0.001 0.0 0.001 0.0 0.001 0.0 0.001 0.0 0.001 0.0 0.001 0.0 0.004083579558309429 0.0 0.014233708833528114 0.0 0.02408127468771518 0.0 0.017516057616064458 0.0541752810250087 0.024291052385196635 0.18062436851442218 0.014083444793849653 0.25681871710573656 0.029342425421803195 0.2184667014856735 0.023153069238402935 0.14474203339706326 0.012036873038683754 0.08673081574691117 0.021061183634805462 0.04199121695542018 0.018461961966240954 0.01390322777708866 0.024300386148458517 0.0022768434525700285 0.01342740710902977 0.000254350107449318 0.00350972593989689 1.5966240628174676e-05 0.001 4.690275822231595e-07 0.001 9.103924570037418e-09 0.001 6.044086932214419e-11 0.001 8.052593330057806e-14 0.001 1.0521670592127922e-16 0.001 0.0 0.001 1
602 -121.2048 112.45069 0.0 0.001 0.0 0.001 0.0 0.001 0.0 0.001 0.0 0.001 0.0 0.001 0.0 0.001 0.0 0.001 0.0 0.0020282412764139625 0.0 0.014321945633521325 0.0 0.03304856576589731 0.020748508916961637 0.03139332995463782 0.19968504658216346 0.024366790890431977 0.3421837606623693 0.048208926935942614 0.278364606929605 0.02992631403581289 0.13119968253905 0.02936405512152644 0.0276665084880962 0.028994490502928637 0.00015188588173196507 0.027441795928958443 0.0 0.007055572761314202 0.0 0.001 0.0 0.001 2.2504668741340774e-14 0.001 0.0 0.001 0.0 0.001 0.0 0.001 0.0 0.001 0.0 0.001 0.0 0.001 0.0 0.001 0.0 0.001 1
603 -119.128 118.7845 0.0 0.001 0.0 0.001 0.0 0.001 0.0 0.001 2.7678559463586507e-16 0.001 7.642426774126432e-14 0.001 1.1754284329339399e-12 0.001 4.891984142754436e-09 0.001 0.0 0.0035620040175855325 0.0 0.01774340887705471 0.004880084967759463 0.031564540433923635 0.0471532457532582 0.03222955570113484 0.18926134192261718 0.026495421793129484 0.319470316361893 0.04364400702580892 0.27779569883097627 0.032627624515287126 0.13328961957933713 0.03133606157612525 0.02806116058189015 0.029207294735690077 8.852710903225793e-05 0.030379851891853188 0.0 0.011532252576003474 0.0 0.0016425929243894571 0.0 0.001 0.0 0.001 0.0 0.001 0.0 0.001 0.0 0.001 0.0 0.001 0.0 0.001 0.0 0.001 0.0 0.001 0.0 0.001 1
604 -137.9725 142.89375 0.0 0.001 0.0 0.001 0.0 0.001 0.0 0.001 0.0 0.001 0.0 0.001 0.0 0.001 0.0 0.0052582524914620435 0.0 0.019526267854290326 0.0 0.03150870756195549 0.0 0.022872966147301187 0.11128917895243157 0.030127338549667496 0.2293112920624414 0.02223067294067098 0.25510721689240007 0.03351093089758196 0.24208448878599728 0.023550244464436293 0.14660806883514538 0.024123108876719243 0.01559975447158433 0.025774830010917668 0.0 0.030620726200635936 0.0 0.022744226557334005 0.0 0.007050954847181581 0.0 0.0011103382869535141 0.0 0.001 0.0 0.001 0.0 0.001 0.0 0.001 0.0 0.001 0.0 0.001 0.0 0.001 0.0 0.001 0.0 0.001 1
605 51.4407 114.49294 0.0 0.001 0.0 0.001 0.0 0.001 0.0 0.001 0.0 0.001 0.0 0.001 0.0 0.001 0.0 0.001 0.0 0.001 0.0 0.001 0.0 0.005382555167766552 0.0 0.022012812188891655 0.012673206911533558 0.03788987289632312 0.08300967183103619 0.04274895312383484 0.23347701489285672 0.042748105748833184 0.3384648425552279 0.06058407821678613 0.23787073191807373 0.04462193375596103 0.08262813703154948 0.044327706687946236 0.01187639485972236 0.03708824250805394 0.0 0.02164100930923316 0.0 0.005676680977865391 0.0 0.001 0.0 0.001 0.0 0.001 0.0 0.001 0.0 0.001 0.0 0.001 0.0 0.001 0.0 0.001 0.0 0.001 1
606 -119.8831 131.17407 0.0 0.001 0.0 0.001 0.0 0.001 0.0 0.001 0.0 0.001 1.3518449037164197e-10 0.001 1.4196790078005053e-07 0.001 2.3055753222092678e-05 0.0011360384126630786 0.0007444942658208398 0.007772057252566605 0.007990938807364284 0.023832977337397795 0.034343708942351135 0.025248820418501197 0.08584284713813038 0.023259957801293536 0.17148615395079048 0.018836365654306658 0.27804868885251155 0.03438015358845707 0.27073326741098336 0.028095844070880435 0.12840911535970265 0.023726000149528123 0.022377587416037976 0.02244426325017206 0.0 0.028117245545211906 0.0 0.016334452044259862 0.0 0.003884006642191528 0.0 0.001 0.0 0.001 0.0 0.001 0.0 0.001 0.0 0.001 0.0 0.001 0.0 0.001 0.0 0.001 0.0 0.001 0.0 0.001 1
607 97.8326 145.07051 0.0 0.001 0.0 0.001 0.0 0.001 0.0 0.001 0.0 0.001 0.0 0.001 0.0 0.001 0.0 0.001 0.0 0.001 0.0 0.0026830607123730634 0.0 0.013491873928349357 0.0 0.029290653362024594 0.0 0.026187719038350814 0.07160704491272533 0.027947128932782013 0.18757130325150415 0.018929570449849567 0.2451664426421843 0.029273645607262158 0.2563534369981238 0.029596867573876473 0.18979740518490615 0.01954388401458479 0.04950436701055626 0.030116497422312552 0.0 0.025644300315584043 0.0 0.03022987570421821 0.0 0.013262639143241422 0.0 0.0028363835591514058 0.0 0.001 0.0 0.001 0.0 0.001 0.0 0.001 0.0 0.001 0.0 0.001 0.0 0.001 1
608 53.9092 143.97084 0.0 0.001 0.0 0.001 0.0 0.001 0.0 0.001 0.0 0.001 3.617269039881726e-15 0.001 5.166595518019401e-13 0.001 4.2456893572171997e-10 0.001 2.4971726809362492e-06 0.001 0.000180888891293304 0.0050105428585877215 0.0024554073503514798 0.016454386219346806 0.01431751302358594 0.02579295557590048 0.03897944904992424 0.024315859583439143 0.0956145570114712 0.02396375295608502 0.2013197520629334 0.02591060363954259 0.2727306366777444 0.03881857000163118 0.2079386730905328 0.025727953301874412 0.1027406686771497 0.022557647209473994 0.042974319600938456 0.02433162427177563 0.016867016134316477 0.026547638295433638 0.0035031549020602096 0.017806106069669068 0.00036653878266434443 0.0055612798494940364 8.90883725395304e-06 0.001 1.8274953748463642e-08 0.001 3.503549212871197e-11 0.001 2.066783092486547e-14 0.001 0.0 0.001 0.0 0.001 0.0 0.001 0.0 0.001 1
609 129.3923 130.92534 0.0 0.001 0.0 0.001 0.0 0.001 0.0 0.001 0.0 0.001 0.0 0.001 4.0375000314625877e-16 0.001 1.0054717122083055e-12 0.001 1.538219952554654e-09 0.001 5.498403189725837e-07 0.001 5.473447663896949e-05 0.0032806990488641634 0.0016492482800996237 0.014289021585494091 0.013454468979563176 0.027711900456553966 0.04995892731826191 0.024898226724476724 0.12803793381595008 0.024859208054905067 0.23729824568169747 0.027525068626415267 0.2989729502545622 0.04077723957310947 0.20941712515087013 0.02635088521177087 0.0611558146628117 0.0302686218318802 0.0 0.02812583428796943 0.0 0.02515588684954973 0.0 0.008874205824769582 0.0 0.0015098546915034193 0.0 0.001 0.0 0.001 0.0 0.001 0.0 0.001 0.0 0.001 0.0 0.001 0.0 0.001 1
610 -74.5111 99.09259 0.0 0.001 0.0 0.001 0.0 0.001 0.0 0.001 0.0 0.001 0.0 0.001 0.0 0.001 6.3047568738620335e-15 0.001 2.7461703427333556e-09 0.001 9.012667471911507e-06 0.0020058022189882187 0.002268062526455788 0.015561093834399933 0.024931552394937485 0.036369106917357924 0.0960865322998033 0.033239354542166616 0.27710365223921046 0.03293968649008282 0.3689955905302846 0.054898800401071035 0.17486024838007858 0.028635605894545627 0.04739762439559406 0.03512866961877745 0.008133555706074306 0.02765487414620325 0.00021382809317178572 0.006955217072278103 3.379989913502729e-07 0.001 2.1749641772044946e-11 0.001 2.088868147967716e-16 0.001 0.0 0.001 0.0 0.001 0.0 0.001 0.0 0.001 0.0 0.001 0.0 0.001 0.0 0.001 0.0 0.001 1
611 102.7023 122.30441 0.0 0.001 0.0 0.001 0.0 0.001 0.0 0.001 0.0 0.001 0.0 0.001 1.6993139086892943e-15 0.001 6.68243589187236e-13 0.001 1.8301497039114766e-09 0.001 5.626250720269864e-07 0.001 6.403695148780068e-05 0.0026330277046350374 0.0010484350372109875 0.014934485847245438 0.005746038618711221 0.029243365219217866 0.030226574101681145 0.020801891935355726 0.140598521409412 0.021544502850174292 0.2971218633861589 0.03149615760934757 0.2791018769027064 0.02971140227628488 0.1490750382872594 0.01803838809587692 0.06760326313761732 0.020804546130984616 0.025369476896499005 0.02916872648010867 0.003796122819958682 0.01674791827118253 0.00024264005111818393 0.0033889585151889233 5.506925244316187e-06 0.001 4.09043323043661e-08 0.001 1.1461251340366856e-10 0.001 9.82099874406402e-14 0.001 1.0025218000225764e-16 0.001 0.0 0.001 0.0 0.001 0.0 0.001 1
612 -161.5946 114.009415 0.0 0.001 0.0 0.001 0.0 0.001 0.0 0.001 0.0 0.001 6.553952877266359e-16 0.001 6.908360535704432e-11 0.001 0.0 0.001 0.0 0.005279708189997762 0.0 0.02515802361242918 0.0 0.03274777491059632 0.07105808188957234 0.03686621373149719 0.2731310307039019 0.03208821892419411 0.3276882466310819 0.043349839642559174 0.2036647765730752 0.028936647432419915 0.09285341640501155 0.031277606743507325 0.02817999801537722 0.03281877657601992 0.003341825709849232 0.018845832841890446 8.179243306021419e-05 0.003371009672278386 8.295989654216326e-07 0.001 1.970346920538639e-09 0.001 6.735052011085814e-13 0.001 9.989089059862537e-17 0.001 0.0 0.001 0.0 0.001 0.0 0.001 0.0 0.001 0.0 0.001 0.0 0.001 0.0 0.001 1
613 -128.4324 142.63379 0.0 0.001 0.0 0.001 0.0 0.001 0.0 0.001 0.0 0.001 0.0 0.001 0.0 0.001 0.0 0.0036813475635933284 0.0 0.016676172730109958 0.0 0.030514955467172717 0.0 0.0192438288384899 0.08981730423571722 0.02674267994730544 0.21872337881274587 0.017120236929464128 0.26363350795859936 0.030946223896371514 0.23961359426344686 0.024687053093845654 0.15145267194331646 0.01881669842600374 0.03675954278617425 0.022169801818434753 0.0 0.026457149996004986 0.0 0.0221191051495543 0.0 0.007197081012794054 0.0 0.001199079357999984 0.0 0.001 0.0 0.001 0.0 0.001 0.0 0.001 0.0 0.001 0.0 0.001 0.0 0.001 0.0 0.001 0.0 0.001 1
