data/processed/NGC5845-h6/hist_kins.ecsv
# %ECSV 1.0
# ---
# datatype:
# - {name: binID_dynamite, datatype: int64}
# - {name: v, datatype: float32}
# - {name: sigma, datatype: float32}
# - {name: losvd_0, datatype: float64}
# - {name: dlosvd_0, datatype: float64}
# - {name: losvd_1, datatype: float64}
# - {name: dlosvd_1, datatype: float64}
# - {name: losvd_2, datatype: float64}
# - {name: dlosvd_2, datatype: float64}
# - {name: losvd_3, datatype: float64}
# - {name: dlosvd_3, datatype: float64}
# - {name: losvd_4, datatype: float64}
# - {name: dlosvd_4, datatype: float64}
# - {name: losvd_5, datatype: float64}
# - {name: dlosvd_5, datatype: float64}
# - {name: losvd_6, datatype: float64}
# - {name: dlosvd_6, datatype: float64}
# - {name: losvd_7, datatype: float64}
# - {name: dlosvd_7, datatype: float64}
# - {name: losvd_8, datatype: float64}
# - {name: dlosvd_8, datatype: float64}
# - {name: losvd_9, datatype: float64}
# - {name: dlosvd_9, datatype: float64}
# - {name: losvd_10, datatype: float64}
# - {name: dlosvd_10, datatype: float64}
# - {name: losvd_11, datatype: float64}
# - {name: dlosvd_11, datatype: float64}
# - {name: losvd_12, datatype: float64}
# - {name: dlosvd_12, datatype: float64}
# - {name: losvd_13, datatype: float64}
# - {name: dlosvd_13, datatype: float64}
# - {name: losvd_14, datatype: float64}
# - {name: dlosvd_14, datatype: float64}
# - {name: losvd_15, datatype: float64}
# - {name: dlosvd_15, datatype: float64}
# - {name: losvd_16, datatype: float64}
# - {name: dlosvd_16, datatype: float64}
# - {name: losvd_17, datatype: float64}
# - {name: dlosvd_17, datatype: float64}
# - {name: losvd_18, datatype: float64}
# - {name: dlosvd_18, datatype: float64}
# - {name: losvd_19, datatype: float64}
# - {name: dlosvd_19, datatype: float64}
# - {name: losvd_20, datatype: float64}
# - {name: dlosvd_20, datatype: float64}
# - {name: losvd_21, datatype: float64}
# - {name: dlosvd_21, datatype: float64}
# - {name: losvd_22, datatype: float64}
# - {name: dlosvd_22, datatype: float64}
# - {name: losvd_23, datatype: float64}
# - {name: dlosvd_23, datatype: float64}
# - {name: losvd_24, datatype: float64}
# - {name: dlosvd_24, datatype: float64}
# - {name: losvd_25, datatype: float64}
# - {name: dlosvd_25, datatype: float64}
# - {name: losvd_26, datatype: float64}
# - {name: dlosvd_26, datatype: float64}
# - {name: losvd_27, datatype: float64}
# - {name: dlosvd_27, datatype: float64}
# - {name: losvd_28, datatype: float64}
# - {name: dlosvd_28, datatype: float64}
# - {name: losvd_29, datatype: float64}
# - {name: dlosvd_29, datatype: float64}
# - {name: is_good, datatype: int64}
# meta: !!omap
# - {dv: 100.0}
# - vcent: [-1450.0, -1350.0, -1250.0, -1150.0, -1050.0, -950.0, -850.0, -750.0, -650.0, -550.0, -450.0, -350.0, -250.0, -150.0, -50.0,
#     50.0, 150.0, 250.0, 350.0, 450.0, 550.0, 650.0, 750.0, 850.0, 950.0, 1050.0, 1150.0, 1250.0, 1350.0, 1450.0]
# - {nbins: 684}
# - {nvbins: 30}
# - PSF:
#     sigma:
#     - [0.4278574033096264, 1.4696945928287308]
#     - [0.746761475444327, 4.616470105622174]
#     weight:
#     - [0.7699515885757993, 0.23004841142420074]
#     - [0.9731804457762667, 0.026819554223733277]
# - aperture_exprs: [_o, _s]
# schema: astropy-2.0
binID_dynamite v sigma losvd_0 dlosvd_0 losvd_1 dlosvd_1 losvd_2 dlosvd_2 losvd_3 dlosvd_3 losvd_4 dlosvd_4 losvd_5 dlosvd_5 losvd_6 dlosvd_6 losvd_7 dlosvd_7 losvd_8 dlosvd_8 losvd_9 dlosvd_9 losvd_10 dlosvd_10 losvd_11 dlosvd_11 losvd_12 dlosvd_12 losvd_13 dlosvd_13 losvd_14 dlosvd_14 losvd_15 dlosvd_15 losvd_16 dlosvd_16 losvd_17 dlosvd_17 losvd_18 dlosvd_18 losvd_19 dlosvd_19 losvd_20 dlosvd_20 losvd_21 dlosvd_21 losvd_22 dlosvd_22 losvd_23 dlosvd_23 losvd_24 dlosvd_24 losvd_25 dlosvd_25 losvd_26 dlosvd_26 losvd_27 dlosvd_27 losvd_28 dlosvd_28 losvd_29 dlosvd_29 is_good
[from data line 146]
147 -41.2165 266.9646 0.0 0.001 0.0 0.001 0.0 0.001 0.0 0.0027636002348416884 0.0 0.006200395007173074 2.450687047191116e-05 0.010668515273125984 0.0008077299103731474 0.014083573655856964 0.0028148500508884465 0.01237530975569396 0.008363435552960891 0.007913427987190315 0.020876897298608393 0.010098368797768556 0.04273346522015655 0.011269501028110081 0.07580985990995336 0.00671009664104618 0.11164327355211544 0.006463964668957559 0.14008926608420788 0.013192251617469591 0.14857104722574352 0.016839374573846877 0.13639271335038997 0.01292565893957228 0.1092488427728163 0.007458932760244327 0.07933612203690725 0.005220501995506187 0.053375916276798205 0.010780645903136307 0.033037507044849396 0.01121162345080811 0.019593940116661296 0.007517964318367135 0.010312379830936361 0.012027380864733287 0.004530879580529 0.01477898947244968 0.0016603601223638858 0.011877813907999609 0.0005711039588173737 0.007049979464420387 0.00015976289656140927 0.0032603711384811837 3.8634146157019575e-05 0.0012270531770179921 6.0271271729800825e-06 0.001 1.2347483842248745e-06 0.001 2.4431517576260846e-07 0.001 1
148 74.8697 246.0026 3.166100135287307e-08 0.001 3.2197243087261423e-07 0.001 2.461698714227877e-06 0.001 1.7299484118958705e-05 0.001 7.635413661610875e-05 0.001 0.0003365627437328326 0.0027961034678636925 0.001226045841859859 0.006713378659758007 0.0032711327313286716 0.012237442817838663 0.008239946399905575 0.015320476348107698 0.017348488178876024 0.011836230690290056 0.028650882051867624 0.009284659788484367 0.04522750280735802 0.013260299701037932 0.06798320708558143 0.009723592473926405 0.09758297962552714 0.006623223636317746 0.13226197994148775 0.011330707937042002 0.15818206033480212 0.017986149646339863 0.15897389950288868 0.015363009593563959 0.1302494454133911 0.008506576653817745 0.08591065097431601 0.0073545025991924515 0.04418865548982933 0.012388706206038786 0.016301917912047388 0.010750487071117146 0.003968162844826879 0.009162102903826214 0.0 0.01438905473874896 0.0 0.014123691830972548 0.0 0.009451182148379339 0.0 0.004632571232334243 0.0 0.0017503128171076365 0.0 0.001 0.0 0.001 1.1167492150011619e-08 0.001 1
149 142.0927 237.1976 1.1256101954821571e-09 0.001 1.2808738163264672e-08 0.001 1.109976436367553e-07 0.001 1.0800863238590243e-06 0.001 6.158971437654931e-06 0.001 4.3595724385362646e-05 0.001 0.000226452135316736 0.0030090440456836003 0.0009689323795383511 0.0073113284286549386 0.0031481441738007627 0.013281230539505837 0.007836956879228665 0.016143343684385657 0.017186888955339118 0.01157790195432105 0.03127944684173045 0.009879287473133408 0.0523985194704638 0.014430911459680406 0.07990379642358274 0.008600528270035608 0.11179929442599586 0.007164111670734767 0.14458102242414292 0.013589073376053834 0.16499906110212387 0.01849164961688894 0.1594681549546443 0.013782409867754017 0.1229740197777805 0.006672951470234334 0.0723627844807007 0.010425248264053347 0.027544198291306467 0.01345973765254849 0.003271367570165974 0.008580945969676438 0.0 0.013408653075044921 0.0 0.01670459303242803 0.0 0.012779303405531897 0.0 0.006516316788749496 0.0 0.002510444399659741 0.0 0.001 0.0 0.001 0.0 0.001 1
150 63.1514 216.7589 0.0 0.001 0.0 0.001 0.0 0.001 0.0 0.001 0.0 0.001 0.0 0.001 0.0 0.0031675508781787627 0.0 0.008561063163003872 0.0 0.015560139507652095 0.0 0.018752307697874372 0.007137350449334684 0.013843957250194836 0.02857876740868634 0.014660385135464086 0.06912434810053508 0.015130403721424508 0.11876786489700407 0.01099435063690244 0.16131074753495445 0.015557888588768998 0.18011121067875807 0.02127438712977417 0.17000694088579937 0.018033608612827642 0.1318930155758143 0.011579554493303876 0.08075086134254639 0.013222523530024045 0.03620393474368172 0.015979951982020735 0.012594178693561251 0.012357503734450135 0.0026823461877023102 0.016810347128418703 0.00048455063520622853 0.01692986287536556 0.00024515133214599683 0.010193384353697026 8.034010945397658e-05 0.004234098706882001 2.336470226959215e-05 0.001290455939085485 4.29813723487859e-06 0.001 6.655421498696351e-07 0.001 5.755758347462155e-08 0.001 5.485578092961149e-09 0.001 1
151 -84.3031 250.3573 0.0 0.001 0.0 0.001 0.0 0.001 0.0 0.0022400735233739045 0.0 0.005615544217253765 0.0 0.010621852702618877 0.0 0.0151118678674722 0.0002193237816373063 0.013524993468323806 0.00510562695241037 0.007568700241817491 0.018764378966860014 0.01093942881736792 0.04843427119505507 0.011441540640840405 0.09015765002516221 0.0061618275648668425 0.1326766342121454 0.00799725025508427 0.1574387299066125 0.014693389668253246 0.1528410860547752 0.016396133080647066 0.12498150587776206 0.010243809863390844 0.09152714522889002 0.005033722822029477 0.06487846830101505 0.009019411692937039 0.04556048716333001 0.012709165365798664 0.030752721214528433 0.00835938715377508 0.01936903442579178 0.010794935368046162 0.010063621788369045 0.014570296914777174 0.004587045427301936 0.012331795321207532 0.0018605508071262748 0.00704351830432176 0.0005952210616250251 0.0030515894924639155 0.00014996548814529584 0.0010423736284197243 3.030547710624234e-05 0.001 5.298787043722309e-06 0.001 8.385294837793871e-07 0.001 8.932782329716896e-08 0.001 1
152 50.5791 263.1602 0.0 0.001 0.0 0.001 7.579429049868722e-07 0.001 7.74922503599842e-08 0.001 2.4907290010244884e-05 0.0026536127469842146 0.00015049720677475894 0.006102855565344607 0.0008816699721849876 0.01078315134904763 0.002726461457501489 0.014174841437208867 0.007011535737621585 0.012480088891971426 0.014983962233920406 0.007418463756961678 0.028757386298886994 0.010354124684799333 0.04886990832573415 0.011259318779486494 0.07743631161506442 0.006348643960439805 0.10960329980361551 0.006440765596656614 0.13815640340102364 0.012194929202798716 0.1508296861513518 0.016056427623516265 0.14221026071398396 0.01266407728672761 0.11424062377901237 0.006447523247897519 0.07841008125946874 0.0061211310357362145 0.04615761528672699 0.011577163182044662 0.02340718628681511 0.010089690169718196 0.010574558814231654 0.007863816815679525 0.004067497724095159 0.012848066206724157 0.0013159777961356544 0.014457686644119968 0.00017305190206673838 0.010955745772779036 0.0 0.006161798041233105 9.142164308174629e-06 0.0026731153427347414 9.90891590694393e-07 0.001 0.0 0.001 1.4845271968437655e-07 0.001 1
153 -37.2513 256.601 0.0 0.001 0.0 0.001 0.0 0.001 0.0 0.0018486838555433413 0.0 0.004778359753479724 0.0 0.009539329513569344 0.00020706206152710876 0.014717522999328842 0.0013893323819925512 0.015005147695604949 0.006095729538641916 0.009766955072967546 0.016247390240158 0.00924299590227795 0.03796111758893467 0.01272944952755432 0.07012908242718167 0.008551831543980072 0.11010875370518841 0.006354863691489354 0.1433180242216216 0.012642998186531348 0.15512834200818945 0.01651369341665164 0.14084224098508977 0.013805971950250212 0.10900380123770381 0.007818027734659373 0.07679961209920146 0.006218591245331695 0.0516282103407844 0.012152759886136205 0.03415780619404696 0.01087143926323707 0.022633765436548315 0.008427347417032525 0.013131001748340478 0.01396549546342014 0.0065598956389875986 0.014714153809280907 0.003027982154033054 0.010761442508237615 0.001112128049325646 0.005691282865678932 0.0003876085196159337 0.0023344438725337495 0.00010362635774452868 0.001 2.2890702800979606e-05 0.001 3.9777985934613e-06 0.001 6.185637486249134e-07 0.001 1
154 -133.693 222.809 4.385173693437728e-09 0.001 0.0 0.001 5.2151528171400635e-08 0.001 0.0 0.0011185357484280556 0.0 0.0036363045472028095 0.0 0.008993682723617641 0.0 0.01569789160795476 0.0 0.01672222103158264 0.004470926904853134 0.010451813095074158 0.02233254810078013 0.013219195723927026 0.0616691665729508 0.01255656133667888 0.11576428388794086 0.00696835694577444 0.16130591397130215 0.01324702362379511 0.17834602124695884 0.01980684375605421 0.15881675250942243 0.015050789292929564 0.11975524121660532 0.007811541882747637 0.08029408762860732 0.010465863271062713 0.049005157736613604 0.015218165281746857 0.026431005393864702 0.009900623502817308 0.013062601013916148 0.015001312624331823 0.005552483982998233 0.017251540932365642 0.0021840587978744818 0.011299188589996085 0.0007927695423385085 0.005329318903472432 0.00017692675317177388 0.00172826680236615 3.4471118258376184e-05 0.001 4.986874130187701e-06 0.001 4.951363374235654e-07 0.001 4.265277796364802e-08 0.001 2.343755933717472e-09 0.001 7.783989226457839e-11 0.001 1
155 16.3609 274.5546 3.744499756825781e-06 0.001 1.6159724889803804e-05 0.001 6.01103858892687e-05 0.001 0.00017888779523687846 0.002056736332491353 0.0005037407957027317 0.004837739769662714 0.0013463564534233825 0.008998936023795902 0.0027528091727403218 0.013244677128047232 0.005658466725998852 0.013563320196580592 0.011270175285198553 0.008854947274869625 0.020695050384224836 0.007932516612109398 0.036843772123758466 0.012068273429968114 0.059512385818967777 0.008948055668553247 0.08797185733668852 0.004671418562826622 0.1171320613635267 0.00884308121402215 0.13834979763925873 0.014002268007111116 0.14374050316529233 0.014778292370251134 0.1303206834385538 0.010426830084966254 0.10199171495228383 0.005338547030026446 0.06870464754850976 0.007184556006181047 0.03974506186034104 0.011701594139870621 0.01929274730936157 0.009325017687671668 0.008276493794779875 0.007662346689412815 0.00322415365032736 0.012876848868485467 0.0015570978912013258 0.014211030865864793 0.0005502489380943029 0.010812855445891183 0.0001977836391253916 0.006204113122953905 7.021857710666199e-05 0.0028371637173083353 2.455659274475926e-05 0.001070740660386252 6.3218750502618335e-06 0.001 2.391261966304474e-06 0.001 1
156 92.7837 239.761 0.0 0.001 0.0 0.001 0.0 0.001 0.0 0.001 0.0 0.001 0.0 0.0020367909538627996 0.0 0.005522712837850028 0.0 0.011065504245195347 0.0 0.016167802921122607 0.002440340040949081 0.015299822407760004 0.01058961984321206 0.008486975437264621 0.029215748500186826 0.013972065984904424 0.06111393627730858 0.012430889535323734 0.10210795381315 0.006258134547119543 0.14101706973109054 0.010498995559410002 0.16398196509650365 0.018203404222290026 0.1601521401323663 0.017608559397738782 0.13366333834330746 0.00967766361082223 0.09486578981045594 0.006436066022920135 0.0565983951856622 0.012538925592948523 0.028192416929225552 0.012442958194790256 0.01148945299876288 0.00939301673717183 0.003571926204979264 0.014976962574921374 0.0008738279023351094 0.015206174114562009 0.0001260791905046966 0.009716309995587997 0.0 0.004469088916227758 0.0 0.001594041019558957 0.0 0.001 0.0 0.001 0.0 0.001 1
157 -107.4324 230.3023 0.0 0.001 0.0 0.001 0.0 0.001 0.0 0.0011905611082789842 0.0 0.003763919677070766 0.0 0.008975308817067634 0.0 0.015079269217823411 0.0 0.016104928130661642 0.0017214259837894776 0.009957640452436268 0.015702718644242542 0.011896070136615188 0.049022642953260386 0.013315198916003853 0.09981964440345133 0.007653306733309211 0.15011570203405822 0.010965627071924652 0.17277603846152273 0.017919360045650604 0.15733931091610406 0.016900976038840207 0.12050545689639766 0.009290089702311877 0.08521471978974068 0.007390525013960897 0.059620943368051765 0.013046268092523267 0.04102178489200606 0.01164098507975377 0.025668031849330888 0.01102737450331653 0.013308125616538543 0.01632111960059431 0.005907689991163655 0.013948283630711655 0.001755008431391632 0.008037777058509405 0.00041582322904938575 0.003265337003577841 7.372957427821091e-05 0.001 9.977626884179876e-06 0.001 1.1206287456564674e-06 0.001 1.0199089026650567e-07 0.001 2.6448347695855492e-09 0.001 7.42679513388599e-11 0.001 1
158 132.8908 224.8722 0.0 0.001 0.0 0.001 0.0 0.001 0.0 0.001 0.0 0.001 0.0 0.001 0.0 0.0020299955039839133 0.00012140767416192935 0.005815581974035007 0.0013402835763915795 0.01225835826920784 0.004794550320827713 0.01772366647783429 0.013858696532205686 0.015272292733801485 0.030952399421624935 0.011095256197439798 0.05582970603658521 0.015308985992551809 0.08505176252263466 0.011092506612168325 0.11705026018113929 0.009428904587261568 0.15090427926381558 0.015005716671792554 0.17420544067262034 0.019891218869829808 0.166851565861392 0.013972317531757802 0.12275808312778606 0.00920191433289047 0.06273814408841573 0.013781888624780948 0.01354342072039931 0.013379344862142387 0.0 0.010281750005766878 0.0 0.017249857187016788 0.0 0.016105185458280852 0.0 0.009954308072638383 0.0 0.00423782998286877 0.0 0.001312911204696788 0.0 0.001 0.0 0.001 0.0 0.001 1
159 145.7017 213.8154 0.0 0.001 0.0 0.001 0.0 0.001 0.0 0.001 0.0 0.001 0.0 0.001 0.0 0.001 0.0 0.0034918053808606878 0.0003670092550899502 0.00937868511300536 0.002736121351799571 0.01691699138375385 0.010173946634628957 0.017685582347487867 0.02652151813002904 0.011734467879026055 0.05243627454280641 0.01559266654768061 0.08190345106320325 0.013928792740922694 0.11378302082319365 0.009404447870293639 0.1489747098712572 0.014721381379618911 0.18030142745545114 0.020818047201410506 0.17916737885030598 0.01599656416057496 0.132560411301509 0.010225623004298828 0.06278276590619654 0.014790398787183977 0.008291964814529507 0.013308425945617288 0.0 0.012689275616537066 0.0 0.01883590814753844 0.0 0.01608239940290707 0.0 0.008462169362672429 0.0 0.0030917124943107294 0.0 0.001 0.0 0.001 0.0 0.001 0.0 0.001 1
160 -80.8347 255.2866 1.6369063276632396e-06 0.001 1.14682542059942e-05 0.001 5.454977018576206e-05 0.001 0.00018365053503867446 0.002545001722411326 0.00041862227378415437 0.0059618557676388555 0.0010318734123572117 0.010641051320483498 0.0018003462827466583 0.014110426420470158 0.003497245350102352 0.012695647122758702 0.008454972962829899 0.007408532325666027 0.021137396873336753 0.011123702917977075 0.04719585871688221 0.010736681501471768 0.0864514501968508 0.005750326737895398 0.12770934201497972 0.007975470916551236 0.15303990171986434 0.014867163107885925 0.15071110972004237 0.015728567288400178 0.12397671768760916 0.009914042121081657 0.09048786120006956 0.005631327949607218 0.06335734169186442 0.008018085872296282 0.045067454778781345 0.012226572080817018 0.03225894589514667 0.008626586933893976 0.021547165874957093 0.009869803402705294 0.012273859046049678 0.01392864116319209 0.0060577604958372226 0.012516570180548293 0.002337934695720801 0.007442863630566352 0.0007003085996258215 0.003539912342706844 0.00018979236884504065 0.001310087151552933 3.905939605406567e-05 0.001 5.655459014170656e-06 0.001 6.559022616095848e-07 0.001 6.191862885883787e-08 0.001 1
161 96.4059 242.9412 2.9282364712473492e-08 0.001 2.4330422545097933e-07 0.001 1.845398597707305e-06 0.001 1.2863612315569527e-05 0.001 6.547490551098164e-05 0.001 0.00029496104526250956 0.002003332992905867 0.0010438047181871612 0.005413100529666032 0.0026063156185631886 0.010814784832223 0.006139061324291618 0.015430577858446037 0.012444033757633585 0.0135823706306106 0.02307808871398656 0.008077575103542041 0.0386230391074227 0.01298110609752976 0.06233268653262059 0.011106838181510426 0.09202095403158188 0.005290936911687902 0.12637395000571194 0.009211594955177309 0.15541914098808754 0.016515744175087596 0.1623880884423421 0.016739473309730107 0.13944828910398785 0.009132436049539935 0.09601948637110234 0.005755140686061859 0.05103931694036847 0.012091399246237169 0.0201485434868133 0.0112859520537068 0.006394374958080071 0.008215206974154041 0.002082708985747801 0.014280907406939356 0.0009809755403767267 0.014948881191956639 0.000676348494742765 0.010308341255519349 0.00023655345477392414 0.0050068326689647275 9.320292223585099e-05 0.001863433455060555 2.8580497653678372e-05 0.001 5.763446411548956e-06 0.001 1.2750089997962861e-06 0.001 1
