data/processed/NGC4621-mock-dyn/model_gh_kins_atlas3d_fit.ecsv
# %ECSV 1.0
# ---
# datatype:
# - {name: flux, datatype: float64}
# - {name: v, datatype: float64}
# - {name: sigma, datatype: float64}
# - {name: h3, datatype: float64}
# - {name: h4, datatype: float64}
# - {name: h5, datatype: float64}
# - {name: h6, datatype: float64}
# meta: !!omap
# - {v_sigma_option: fit}
# - {kin_set: atlas3d}
# schema: astropy-2.0
flux v sigma h3 h4 h5 h6
[from data line 877]
0.000444872127197043 -54.44217176772039 225.0769440503706 0.03685299248547072 -0.009169389162847657 0.0029012433161187895 0.0022207347651862436
0.0005080759474528363 -42.33776575907202 225.0998995965803 0.025895487337318963 -0.0029922921041392594 0.004809479895174078 -0.0017499675121649767
0.0005765546641706894 -30.25924633155379 224.4909392057708 0.017812024999950903 0.004753653614768243 0.004640213193439644 -0.00453579562288004
0.0006451056891192854 -18.67175731438494 224.53118144089436 0.014254406151279791 0.011392000282680309 0.0021537845830836943 -0.005493257619944772
0.000697227957942817 -8.720990874356376 225.88605876033083 0.01161661697097486 0.01570662240267515 0.0006173516470352817 -0.005217852519124628
0.0007027835752866981 -2.591508084308743 226.11307921694797 0.006181621018755 0.017894796847655183 0.0004897373060295115 -0.0023642750620945577
0.0006450175968066423 1.0455991933538509 223.85874642837288 -0.00183577401712084 0.018229285223577456 0.0004093434876200976 -0.00011860986355185866
0.0005553910654686572 5.318288504808344 220.29883326512734 -0.01019951589512406 0.01768849756593664 0.0005240456353951996 -0.00048435092182295037
0.000469564852264378 10.86158093435737 216.42424616468847 -0.016914232744199377 0.019890602148415603 0.0012042246320783305 -0.0025270127238397667
0.0003980832759625838 17.10932957219358 212.66350486806746 -0.020583306970314987 0.0235956101217308 -0.0009684314372097199 -0.003539083489672521
0.0003399989957329963 22.424562594160058 210.1255151509421 -0.01941044574439469 0.02318126455923019 -0.005084716212664768 -0.004287713765974841
0.00029404770867480436 27.099347051696757 210.08014343481105 -0.01824807215558171 0.015184797839218429 -0.007189817119048138 -0.005492552381932227
0.0002569709440407462 31.9128588523909 210.66878443565213 -0.018881283848519174 0.007306397389107849 -0.009605082876347272 -0.007391756459783726
0.000225217329900738 35.51103797821675 210.3464846851919 -0.02044353763271711 0.003755664106050487 -0.012212183561982401 -0.009785986970513121
0.00019863640666939084 38.547207130116895 209.7521508237086 -0.021262629083336083 0.0026045616477273787 -0.012958245844118135 -0.01217877817170706
0.00017722901270994293 41.953723189366904 210.13251303495906 -0.02566930351921949 0.0018818645909239647 -0.009855749383691501 -0.015645850896776958
0.00015937319718174533 46.695654137817606 211.5028288322372 -0.030679804760507134 -0.0010669851268528061 -0.005509028658567916 -0.016107565728673705
0.00014424995581567001 51.012358848709006 211.4863830179426 -0.03505931742523637 -0.0017292996263667103 -0.00178018453752135 -0.01957461017884747
0.0001314413037950693 55.0603991867184 209.93531855416254 -0.039061293700182145 0.0009371561775504671 0.0002911516671027689 -0.022940853123343513
0.00012030070231143311 57.469809350764976 207.39907947466293 -0.0414345617386124 0.005718250012742135 0.0040794903534766055 -0.02574993828224954
0.00010993623035398759 60.34350692991967 204.04978523854558 -0.04040022235548397 0.0068680592906443195 0.002695969560010244 -0.02471689940674559
0.00010111355061921352 62.3642962532703 201.94806628685694 -0.03862186564098815 0.008182289797788353 0.001478951237101679 -0.025062572793202197
9.321145866120239e-05 65.61880296115788 200.1386361411191 -0.03797412934876261 0.006569480126047205 0.0003729459978074999 -0.023147655765869548
8.661339780601058e-05 68.58561055556923 198.71117272485398 -0.039186160348008474 0.0035660304742905656 0.0005732126249504649 -0.01975911975586494
8.103183100123585e-05 71.49358951710276 198.98460367343074 -0.041405861912094964 -0.0007115055395553719 -0.0001052356669242516 -0.016918965872089336
7.562935165682562e-05 74.24952380072159 197.29679737724945 -0.042269154351135825 -0.002512886374181703 0.001234464775493189 -0.012331505916237419
7.088399576090612e-05 76.09866183418 196.2428491400437 -0.041692068989875264 -0.004874523482284158 0.000709931366505288 -0.009862616667996794
6.655149728261165e-05 77.2852622246834 195.0698395995068 -0.041885866078896064 -0.005794796977157676 0.001603619963891694 -0.007244527427546439
6.252075658270556e-05 78.64068052968624 192.82346134906157 -0.04035812104613018 -0.004969960300312974 0.0014777717599086658 -0.006295497814131269
5.9300669930088e-05 80.02288019531193 191.32470749509565 -0.03994779622414083 -0.0024966057433533956 0.00083742460457131 -0.006449731029909382
5.6246250412509355e-05 80.47594451626938 189.35712187525965 -0.03862103930377428 -0.0022468901806520767 0.0025355338829532023 -0.004607050236692757
5.3563773225182804e-05 82.40178787959904 186.7026955994589 -0.04286461044830444 0.0012295046438403972 0.00522842179912074 -0.005547494890663936
5.095354380817721e-05 82.96966920534959 184.9716289032673 -0.04625552692069941 0.0015191363401432494 0.00677687696138728 -0.00501161466557532
5.1465689674439204e-05 -101.76250098569803 182.31250558916926 0.06283295002776992 -0.0022987114605808718 -0.017147413388022673 -0.001090665444264637
5.412120933125082e-05 -102.18949653678426 183.82028584754454 0.061593817977940064 -0.0019034438620017555 -0.017752399143909692 -0.0009926834126733838
5.706448118824131e-05 -101.78222437376883 185.04713574880572 0.06309826069111997 -0.0008380203685995116 -0.019370378480581325 0.0006093238771358766
6.024007008088135e-05 -101.35042534599147 186.56576535466132 0.06269753004956219 -0.0011172874973890887 -0.020277834148085812 2.412776612078372e-05
6.36147425482647e-05 -101.16967461526069 187.7473485816184 0.060204517657802104 0.00018256553716734455 -0.017935005328423348 -0.00015476119496065212
6.733154532321921e-05 -101.80266867846119 189.97982705838672 0.06167644552657196 0.0008561169012631128 -0.018158012973200608 -0.001176534579754619
7.13311918287179e-05 -100.0141482539532 191.3530694131782 0.06281013385990694 0.001035428387819042 -0.019631342870083727 -0.003107368554576013
7.577369476928382e-05 -99.01522738335314 192.88580248921716 0.062384146463082574 0.002576982805352213 -0.020580061892734054 -0.0036858726180804624
8.112400026537273e-05 -97.12610495706481 194.73968982261493 0.06253691968345124 0.0018227532581391486 -0.019847706368411124 -0.004733201936670632
8.703503524014377e-05 -95.99322237063814 196.84667633134674 0.06144865954645977 0.00046322724350531484 -0.019272787393838132 -0.003809167980125863
9.378336250931508e-05 -93.62535917697485 199.07411859592125 0.0623265891349993 -0.0026411945144933285 -0.021960954407958946 -0.0037785660619398856
0.00010113553442047887 -91.76587647908141 201.2725003082743 0.06181093683440388 -0.0056262191238254135 -0.02123307749649362 -0.0014299712706911194
0.00010970960677295911 -89.71565999832725 203.61545650683257 0.06018223063869442 -0.007340220471950816 -0.02128825549241456 -0.00038694668382804485
0.0001192597611058761 -87.78640736788455 206.04984814680296 0.06057804366402158 -0.009357200113452195 -0.023691649544765644 -0.00014539943725669957
0.00013057194849651568 -86.61788547150788 208.76331254025322 0.06153897113593743 -0.009434692431107282 -0.02423312562685503 -0.0011870699810342042
0.0001437416487240426 -85.51420358781888 211.38128091969494 0.06583411991777526 -0.009502195703136483 -0.02627800745190608 -0.001389429003266531
0.00015975345241955066 -84.49078025508655 213.6542465928323 0.06834791814170926 -0.01021617060803966 -0.026498184652009333 -0.0005909949242860621
0.0001789930314064854 -83.43757566542317 215.1937027463746 0.07034907397834646 -0.011021795179099072 -0.026378480394886133 0.0018274476493243064
0.00020308459287695743 -82.4143003139909 215.81199857096584 0.07159838825725977 -0.009825230611049942 -0.021700465390647468 0.0032468218697827016
0.00023261980940019863 -81.44715140738697 216.64596224438867 0.07126434606440549 -0.007905339392325026 -0.01564325293962905 0.0026692284564987516
0.0002689481387190612 -79.33112370506826 218.51173291489727 0.06613368086262571 -0.006285188968463465 -0.00708260917885479 -0.00021931405531778892
0.0003134767226520953 -77.25206322708485 220.8623978118852 0.06118066706437687 -0.006680249342738264 -0.002518615411188694 -0.0018741201671022615
0.00036792818123630814 -74.5263823116162 223.91240837399118 0.05786014569154491 -0.011035481980485267 -0.002379566814218963 0.0012427222774965083
0.00043398991832220243 -69.75717968262897 226.56045696955078 0.05361129219006969 -0.0146571986066315 -0.0029707157654320798 0.0057422515049319325
0.0005182306455020953 -61.35666379527915 228.67756042248828 0.04732721359372819 -0.015257217652119529 -0.002720729276705384 0.007499802799511656
0.0006257694920098448 -49.815419016262 231.09183632157504 0.036203524324047484 -0.012004404070582548 -0.00044792181697359223 0.0038400105217701965
0.0007602822239726555 -35.68440755022803 232.85067989076316 0.024084246784557964 -0.006350226962569416 0.0015309000103926648 -0.0003555233092715736
0.000933318648424886 -20.093879762019284 235.0054209219254 0.015038852221108522 0.003525435564308734 0.00186958987159071 -0.004683703373252355
0.0011280165989114334 -7.061691575006122 238.96852078527863 0.008539958148859767 0.013469520245973303 0.000920812867796817 -0.006462573121474852
0.0012009851310091208 -1.333771903175621 240.5692193032831 0.003391509464489169 0.01941308094361225 0.000533389589980081 -0.005254337002638227
0.0010358685656953403 0.9546726634932255 236.07157221397728 -0.002910011099595181 0.01989107162496731 7.357680462076328e-05 -0.003963544274172504
0.000790059677353671 6.006866230883185 228.4064342520633 -0.009836057228121113 0.017187077129964912 -0.00016878504572915816 -0.004531759019196107
0.0006086048775873213 13.740513079753953 221.98367616358328 -0.014842047810262195 0.016546745899115162 -0.00016524407563472268 -0.005335794025331862
0.00048748571075399777 21.49153443041063 217.5524887235825 -0.018380473666010973 0.016857086660078426 -0.0015813591376482895 -0.005299680076220399
0.00040150380499853435 27.768686591119774 214.94754273157483 -0.02008641994948316 0.014985707421388727 -0.003586628888249498 -0.00523032076925457
0.0003378989369596249 33.68432465570299 213.9411605469356 -0.0222289885729123 0.00936440086663913 -0.005375267287007617 -0.005561167627209344
0.0002896471561214383 38.773761727636135 213.30904260469964 -0.023740795530131725 0.003598572830047062 -0.007583457157977454 -0.005410755907618475
0.00025029651341620013 42.197199463973234 212.61018853183415 -0.024554947944324484 0.0017501068506004898 -0.010708737417755928 -0.007629846280629364
0.00021767599064315317 44.76986747902729 212.02991814317693 -0.026421077798216654 0.0016863621896569365 -0.01142413072318446 -0.010574522864669566
0.00019127468840739596 48.521771408731354 212.36162944747608 -0.03169529288819739 0.0007596254144971604 -0.007402591815765939 -0.012052680823836582
0.00017107071083028737 52.9706114323238 213.44412238985558 -0.03780038896381737 -0.0021955974808431145 -0.0023133193385739565 -0.013699275133564998
0.00015384597683867262 57.08790135907438 212.65485532826764 -0.03976556865898102 -0.0006399428195732669 -0.0010650038391219337 -0.016781460173163305
0.00013928536688344038 59.893408737049114 211.051303036446 -0.04000737192494967 0.0007343244615266923 0.0002120775531664334 -0.019159729750028723
0.00012678284457069087 61.889502248678255 208.57777587039922 -0.038590444229248996 0.0035094332914173848 0.0002642943598506116 -0.02151056782630084
0.00011586997824429679 63.61882196783505 205.32502337670203 -0.03867901249476985 0.005149549146459972 0.0014865623095606248 -0.02196705530354861
0.00010617385665953598 65.85828758738968 203.3994437252115 -0.03661941923840184 0.0035341482906299224 0.0005176494662636927 -0.019845174622527065
9.769113281567986e-05 68.67367217058086 201.488418001282 -0.036363820140128865 0.0019244789774455898 -9.011473697850044e-05 -0.017211387366138114
9.059697481142934e-05 71.6491436888769 200.03300609785748 -0.03993216702522332 -0.0013039249286700598 0.001693588737162832 -0.015506141100932281
8.439107689886596e-05 74.38691093678888 199.29803913216494 -0.043325400931471275 -0.002071596173660378 0.0032835760436462666 -0.012900160024779986
7.864145175090679e-05 77.67175633192178 197.95412055682255 -0.045930587767825125 -0.004698093746431908 0.005318780765005365 -0.009417895067523645
7.338468500533842e-05 79.33736078034772 196.3645073838436 -0.046360710275498825 -0.008215822615452768 0.00704899186245376 -0.005693995126334527
6.907343803179659e-05 81.46698630416225 194.8987860647536 -0.04751729400418561 -0.005873710793822076 0.006952101812561495 -0.004748336065921849
6.487759662974616e-05 82.44792663830013 193.08152665722915 -0.04620587312915584 -0.005283276439622222 0.007427318530475905 -0.005100278670501959
6.119011784080753e-05 83.78627805829646 191.22425548477253 -0.04572644617630547 -0.0025975588259083185 0.007857100566620923 -0.004780530008733264
5.789731763037337e-05 84.08956087144641 188.66475044985273 -0.048075272857846754 -0.00102984610280713 0.01095623982707565 -0.0048906214388176675
5.493997364103489e-05 84.19483058940168 186.33724519291164 -0.04488128531229819 0.0007018992017626861 0.009052660197182873 -0.0038085877767627544
5.235162740834323e-05 85.92944261651951 184.75844229230088 -0.04712864854578759 0.0023190740867090574 0.010007199530666892 -0.005477894212450901
4.9752160522439315e-05 87.58847392776929 183.0892875003254 -0.05257436954935009 0.0013396192831275004 0.012541925593395129 -0.00463368927428641
5.337019254809957e-05 -98.30430323293274 184.2588229861117 0.06121380622304628 -0.002479471264694605 -0.01854244600176883 -0.0003758894348198935
5.6096921811969136e-05 -97.61816682161822 185.47913257071602 0.05731092922442819 -0.0031069077421671714 -0.017645433063500596 0.0010445888533954595
5.9248005689937934e-05 -97.12678618195623 186.88616265675702 0.057036341092784826 -0.0011832179668400627 -0.016751226071471895 0.00033125296826838087
6.230827098355919e-05 -97.60804115592572 188.4420009075248 0.05816810960490759 0.0001260058452773808 -0.01732783620375983 -0.0014146258027804422
6.601013261160202e-05 -97.1879160770589 190.29086089749538 0.06065113891323975 -0.0006076184440255289 -0.018191090591919694 -0.001971507813342608
7.015112419700109e-05 -95.77809490668228 192.25826880616748 0.06037479147325306 -0.0001756514860205463 -0.01997824784655477 -0.002654348669586758
7.459335481563752e-05 -94.52558320352082 193.72632226586734 0.060431681855781585 -0.00012742412258095342 -0.018115029065990766 -0.0033245222325295437
7.959883135256426e-05 -92.89396740860175 195.4943257922241 0.05919700865420379 -0.0013914439029871978 -0.017742258102263524 -0.003497063934810444
8.568249631654202e-05 -90.96154774187886 197.2398300208052 0.05889113491967138 -0.002765927062215415 -0.01783345359513283 -0.0024069671539989827
9.195994339407162e-05 -88.9595925468092 199.0919797730389 0.05734731326724915 -0.005213092806370897 -0.016091609279590878 -0.0013201304488816086
9.944781457180676e-05 -86.9206393325222 201.78371548250365 0.05487162573876278 -0.007996863429311921 -0.014547564344738622 -0.0007176888673548
0.00010786818181438796 -84.70809043221568 204.51744213749674 0.051312167943624046 -0.010754839676733666 -0.013212400673106653 0.0007432806904367155
0.00011742889117460651 -82.35357800199712 207.2696134025886 0.04878561008220165 -0.012104993812200484 -0.01226707687396127 0.0005472053593150695
0.00012831984104619675 -80.48997461266316 209.97765632483808 0.04964247113648944 -0.013161127565755685 -0.01332046493414301 0.0007943822924292253
0.00014126094393211136 -78.82857415121948 213.16456161168526 0.04937763094089509 -0.013319837429628943 -0.012768538147124038 -0.0003646411583772641
0.00015667189211874226 -77.2773663170138 215.06586991169047 0.051130530522658695 -0.013420606499984881 -0.01269634355739077 -8.532798966541312e-05
0.00017569286263530582 -75.94124191336608 216.09573662940463 0.05365558514325879 -0.01205731505025164 -0.01285940107929249 0.0006193098965510474
0.00019948197089817771 -74.33035255207406 216.6988170394065 0.0553442470973301 -0.009012748810659405 -0.00996760320279705 -0.0004702040255796563
