data/processed/NGC4621-mock-dyn/model_gh_kins_atlas3d_fit.ecsv
# %ECSV 1.0
# ---
# datatype:
# - {name: flux, datatype: float64}
# - {name: v, datatype: float64}
# - {name: sigma, datatype: float64}
# - {name: h3, datatype: float64}
# - {name: h4, datatype: float64}
# - {name: h5, datatype: float64}
# - {name: h6, datatype: float64}
# meta: !!omap
# - {v_sigma_option: fit}
# - {kin_set: atlas3d}
# schema: astropy-2.0
flux v sigma h3 h4 h5 h6
[from data line 987]
0.0002654257224368728 -71.23944365081606 218.5681415815016 0.05366521209549897 -0.00384947342849923 9.365354962299568e-05 -0.004531920433176145
0.00031217674745189015 -70.35653624994903 220.7408372675342 0.052197578365485095 -0.004705983794199815 0.0017710633176214613 -0.004901644771225848
0.0003709658837006199 -69.17765692946546 223.41908944523195 0.05018565821781772 -0.009776331664128706 0.0014839912871519709 0.00041697477788386916
0.0004475926831788492 -65.52666078862268 226.49543311938558 0.04849825959139608 -0.013577572861126144 -0.000573153973159162 0.005375988466298354
0.0005540567526622981 -59.545918981025075 229.50779845886817 0.04524990760315017 -0.014553368844442196 -0.002228781053220337 0.006993971312173735
0.000704519796736908 -50.34226810887028 233.62858132667404 0.039062642825022004 -0.014498303837769816 -0.0033279270224174707 0.005167738840536435
0.0009261913823758674 -36.4284183586299 238.4294698385577 0.027328595855398298 -0.0117894140059259 -0.0016742953646610148 0.001810879072648243
0.001294117031061442 -18.212501057512068 244.914752866892 0.014234071126880491 -0.0007603280086044242 5.3844443149877974e-05 -0.004016734439745053
0.0018405573066232073 -4.070555799811524 253.6548119767113 0.0047148219507831875 0.011601235646978663 -0.00020612122532679485 -0.006972596378064856
0.002133431292816129 -0.3341602533999289 257.66628716095295 0.0008700583486228512 0.017806025574230305 -3.0877857647007086e-05 -0.007417652543036635
0.0017400158846520894 0.9237179116548978 251.58614184917906 -0.00257123571490131 0.017419680831351234 0.0001105203178873192 -0.007026844668510204
0.0011514008328191558 8.573405895632625 239.40956393826718 -0.0095094472018751 0.012021184886986384 -0.000757581649014477 -0.006505701055382944
0.0007900476433627165 20.107819111765195 229.98277803670317 -0.014998599071219615 0.007053204097507865 -0.0021515197720798586 -0.005136191524611312
0.0005926601878759256 29.34037880101966 224.6359956219297 -0.018287810087825734 0.005377889195235521 -0.0036499808835560514 -0.004723639889040571
0.00046851950554513286 36.312172402955596 221.23102257978076 -0.02211015369665565 0.004246953334749244 -0.004347723578205203 -0.00474715530304543
0.0003836197840794727 42.18886138697725 218.9023608199188 -0.026626159421312804 0.0017739820391802427 -0.00504596591180487 -0.00409418368168889
0.00032205877783136525 46.92524963717811 216.87583465360976 -0.029474593227493937 0.0004735774888059382 -0.0068524190410375165 -0.0051136193424870515
0.00027442763920494705 49.4045414920525 215.0333290487868 -0.03052503306197616 0.0026350346314074576 -0.009985290529087445 -0.00862520367940534
0.00023577985991856984 51.529352363130705 214.3021371349502 -0.03240273652906195 0.0031113763831753416 -0.009069002509833285 -0.011318935436298513
0.0002055217702038579 54.37153304864127 214.41814061698486 -0.0354602098686033 0.0014776315621535662 -0.005916436071493641 -0.011871520973147346
0.00018116707292612852 58.327793639065995 214.1499823152535 -0.037643333893282525 -0.00021859474015330446 -0.002817067846326992 -0.012225126000684962
0.0001622077552149456 61.64956586922613 213.95374412732403 -0.03760004871910109 -0.002373311807164422 -0.0022023999606351303 -0.012525101146360379
0.00014602043327719381 63.58987961494945 212.29420300110453 -0.036060056969185815 -0.0013241307334404308 -0.0021774818458909 -0.014633307325301239
0.00013258138037887136 65.79514043808396 209.56128270168517 -0.035095459634528904 -0.0008592656521337909 -0.0012796815391228028 -0.015209326896262879
0.00012088996570523595 67.66774322021813 207.17835060064286 -0.035661475862324425 -0.001703103275948797 -0.0009487877766134589 -0.014060997428985363
0.0001107036518017286 69.85965944797036 204.83667077805785 -0.035027478754473616 -0.0020139579253212634 -0.0013688117385912237 -0.012926693165573901
0.0001017170365423691 72.76179244633902 202.71056496463586 -0.03709739784565261 -0.003550331035153826 -8.034601579187163e-05 -0.010533328210077962
9.411418504404351e-05 75.46839231414607 201.1473953904978 -0.041670241306314665 -0.004436621930145455 0.0031202679539646784 -0.009429629961881309
8.749695712899987e-05 78.90363530100188 199.37500114322037 -0.04560060043824341 -0.004815311693720036 0.005260870668193094 -0.006313688578415533
8.135372633983035e-05 81.52503708004447 197.6667293717152 -0.05031759100046295 -0.00406606350804664 0.009566197764933282 -0.00678055702075126
7.606496914883148e-05 83.99212456831937 195.93904053061334 -0.05104524274276172 -0.003684401579814862 0.009333347804208554 -0.004560207941595238
7.119953465602577e-05 85.04609428608188 195.0774582590094 -0.0519878409033087 -0.004206472489603807 0.011404343156162506 -0.004369779257425846
6.684308110866603e-05 86.62215468286051 192.92273827854225 -0.050025373015723434 -0.0030073772657236114 0.011637508043754399 -0.004184788759890734
6.289663547127863e-05 87.86772762147909 191.40696886484653 -0.05072334184831489 -0.0012117139929859648 0.013075860139147279 -0.0034277330824036803
5.9485103086514284e-05 88.28908240397553 188.79649446693688 -0.0498308640705998 -0.0013447430226653592 0.011588688127416149 -0.0033657550094242936
5.651553623588901e-05 88.22585814898581 187.64871520084188 -0.05141070534715536 1.906630041117783e-05 0.013278632079282138 -0.003967092972784776
5.349787060217558e-05 90.08020203470656 185.3148439296294 -0.05171870645570989 2.5171521413283938e-05 0.01404141798992374 -0.003036478152819179
5.1003878885298976e-05 91.0241516843952 184.25903930762706 -0.054826423787619975 -0.00038724655566197975 0.014917840744587303 -0.004113286929087607
5.230561017556683e-05 -93.68339495312233 184.74702169847475 0.05530732075426164 -0.002703142758667909 -0.017266299289240415 -0.0017702538728741224
5.491408255456859e-05 -94.02709554055916 185.95800718712977 0.05718091952945793 -0.0010907049205354591 -0.01836508584173196 -0.00180640651921491
5.769814384833139e-05 -93.04905975991134 187.56718507140724 0.052073467733921436 -0.0001713430839019249 -0.014708912853561113 -0.003071443367765676
6.100894223485598e-05 -92.88221691668271 188.49100142494817 0.05329854505135114 0.0006257046427570365 -0.014112510840281632 -0.0028575264691950764
6.472959385937096e-05 -92.44509136950316 191.04269810776017 0.05610476422628626 -0.0006284662772603407 -0.016653035310545627 -0.0026289941541536746
6.848069570229828e-05 -91.12635809111853 191.94185462041185 0.05557242953362244 0.001042151219776946 -0.01608859802931882 -0.005853127021571066
7.303543626890278e-05 -89.45256048857901 194.239778011581 0.055801280268439224 -0.00205223824948652 -0.016204986141273022 -0.00322809622026843
7.810211429487485e-05 -87.75854538049038 195.938008137241 0.053901995795839514 -0.003949493085026992 -0.014124745040784824 -0.0025504523273722334
8.362315681943651e-05 -85.78403478166881 197.46782894214874 0.054430467295620524 -0.0049270438875502545 -0.014080714542947374 -0.003452435508091562
9.014803431258991e-05 -84.0564234208194 199.49699627089348 0.052428692335940864 -0.006344343353835693 -0.012035273819791612 -0.0031921905272874543
9.71318327491158e-05 -81.07000116664435 201.8211871263072 0.04752307743065753 -0.007179345542929631 -0.007850050483239949 -0.0036312961345664812
0.0001052517406359733 -78.53777704493262 204.4112800723221 0.044094468406367424 -0.008794888858826141 -0.005455713463041887 -0.0033549305310017928
0.00011459821407792274 -75.84796619403464 206.73802552753463 0.0396061534583298 -0.009487008578766856 -0.003657306591485282 -0.0041377397997292
0.00012513984526258236 -73.46679526985993 209.41595289785442 0.03793743212208523 -0.009709768047759153 -0.0032261041235337354 -0.004770449592140583
0.00013749517230306752 -71.48977575744917 211.77535191253523 0.037797890742191316 -0.009233892772030548 -0.0014726595862902243 -0.006224882137328084
0.00015207921435046712 -69.5239334562556 214.0658420211211 0.03824981289241507 -0.008066987996723018 -0.000801673836824296 -0.006492398752592208
0.00016961935664956516 -67.28579696615607 215.3016189368945 0.04028002041397566 -0.007237926368823279 -0.0010078965551625176 -0.005804139653983287
0.0001914326280933325 -64.86226797370625 215.2849571002819 0.04110683895952414 -0.00395317599230834 0.0007273527766137258 -0.006957944221589456
0.00021815045327706016 -62.38821648193496 215.80118859128652 0.04172190383144202 -0.00020471717422024303 0.0029606625393850524 -0.009292840824823994
0.0002528412554119861 -60.189443624751675 216.9745064217001 0.039569465246812735 0.0008638487751202614 0.006760542370047635 -0.010011192095337606
0.00029629984341821556 -59.10508595341716 218.14932622257604 0.038781866412713945 -0.0002967524104235596 0.00812577700197012 -0.007685736463537308
0.0003517250748654801 -57.888158998640634 220.67448789556246 0.038342375091538074 -0.003930399845121262 0.005713921415926458 -0.0030676851706045814
0.00042547956918013096 -53.948722723646114 223.74148343749835 0.035653650581239864 -0.007203107102961089 0.003979309013519033 0.0004986990342314821
0.0005299228010603284 -48.43205119631056 226.9345122389567 0.031933286328659695 -0.007909262967588123 0.002737369260155538 0.0009625194532417165
0.0006855522563425312 -41.063780266382985 231.1741946993913 0.02811263260305838 -0.007684315887887371 0.001277196479770767 0.0004956679816797107
0.0009393586448509507 -29.437426703891205 237.28035215061712 0.02133307795971793 -0.005813421052935177 0.00046832409242689665 -0.0013664416795991453
0.0014228990578018619 -13.093159361166071 246.8899593923551 0.010986722694991829 0.003376460264475115 7.75330077118015e-05 -0.005376466890736042
0.0022326191668607677 -1.6964081599673937 259.09362227672324 0.002224931303693904 0.012957960765161966 -0.00032903855484405935 -0.0073380695348053025
0.00273718069818019 -0.009670781600915454 264.66480383057524 5.255169881988578e-05 0.016293033780235014 3.7892956891631324e-06 -0.007913119298960143
0.002232050465680225 1.6754890821839756 259.0521465347744 -0.0021687477579419643 0.012926040357280849 0.00026940203432549196 -0.007330781919030982
0.0014233589588826933 13.08675547231895 246.90774448185596 -0.010941995085106257 0.0034506032952130853 -6.0369686286125135e-05 -0.005366928318414953
0.0009392010316300848 29.424213446805044 237.2367237786998 -0.021101787170835662 -0.005613495645650951 -0.000650819325130729 -0.0014281536845997536
0.0006861261751689041 41.08042422815041 231.3179588192721 -0.02801145930171492 -0.00768446559891996 -0.0013553045712924273 0.0006474564385588806
0.0005296057976935574 48.53544305956071 226.83715284990842 -0.032291359907857704 -0.007631662400282708 -0.0029586497591709998 0.0010399159870653582
0.00042504899262297684 53.871005384616836 223.4161704867268 -0.03545896718640905 -0.007075289560640617 -0.0040860211919577115 0.00029559728815074977
0.00035183330724042214 57.70053560013633 220.4701145647037 -0.03804905211022704 -0.004012843553504802 -0.0061967921781783805 -0.00301984570088687
0.0002964059567934291 59.39388627647466 218.22667163533185 -0.03887951029238735 -0.00037801269606292615 -0.007851878675880995 -0.0074273458928726934
0.0002526543693348925 60.03930899867299 216.65454748857528 -0.039238314505172706 0.0014232039719718587 -0.00732511652794634 -0.010443474842012
0.00021807593297017578 62.47803146319327 215.65876378624444 -0.040768310816172784 -0.000859032724370566 -0.0037483578565152115 -0.008828101906448055
0.0001912476485739289 64.75959444913224 215.67935692204478 -0.04142446990668115 -0.0037749398419955355 -0.00011816999059307674 -0.007292533877591776
0.00016972745259824707 67.44590663016564 215.24976090074477 -0.03969634560679107 -0.007613147662106667 0.001093887374274451 -0.0059111185088750046
0.0001517866426885225 69.8137756339487 213.7132658741174 -0.03765969297507429 -0.007356375438448046 0.0004496393720862143 -0.007026184423489363
0.00013738410829449788 71.56352472601516 211.94471953417502 -0.03806644062882479 -0.009176425163004626 0.0018351568860553002 -0.0056987603262695875
0.00012535002043314504 73.95795795151868 209.47726758304236 -0.03804750742712888 -0.009191608937573073 0.002002694415598373 -0.005118258826853346
0.00011448059392751289 76.06172477803219 206.69759168449818 -0.04090526791725086 -0.009246045604772737 0.0049906118534955475 -0.003962268812236882
0.00010500601228609947 79.03024016255051 204.39060620294245 -0.04388245741765627 -0.008504986315851172 0.005526391927101624 -0.0035550379533701502
9.717457060097916e-05 81.14646186796263 202.4202616827868 -0.047788231225378446 -0.008829878823499171 0.00792328235059422 -0.0030247728500551008
9.003986256864342e-05 83.75999366311638 199.95371029219885 -0.051829201596255814 -0.006886499641270261 0.01051232412303246 -0.0032844264578323432
8.371172086554258e-05 85.601249533017 197.38417298454846 -0.05417730717319659 -0.004460504808139435 0.013440364632500056 -0.0031640193761526447
7.800111568868685e-05 88.07493317029194 196.25206657348784 -0.05584068423777481 -0.0035011212853815372 0.015409007209947824 -0.0030102443021608493
7.297660266249646e-05 89.4700588420757 194.21063965057493 -0.05552136695328681 -0.0031330958907427116 0.015406981476617069 -0.00391503171783022
6.840210673342308e-05 91.93171495096715 192.7211946372239 -0.057216853014939895 -0.0016367902812831072 0.01659637190337813 -0.002909087293187699
6.444096915448193e-05 92.49337247568134 190.1404830395567 -0.05553289689950523 0.000933542276701632 0.01695568388075545 -0.003597968868709366
6.117807755352085e-05 92.68444725299291 189.32285521419792 -0.05489425900468715 -0.0011310227131836397 0.016750720740775847 -0.0027705805269500386
5.790607731179063e-05 92.79494827983058 187.61080361643118 -0.0522348664882522 -0.0008018787633316714 0.014784031176480533 -0.0023121030838230833
5.477605929072672e-05 94.04331178287326 185.34911147564483 -0.0554963016371233 -0.0015668529397960167 0.016593855584210226 -0.0018921362570608691
5.228681825147693e-05 94.60661826093148 184.2890615179157 -0.05933493366265204 -0.0002987804641401347 0.017193644613826862 -0.002896508786175085
5.344208255800724e-05 -89.54036065697416 185.059104631329 0.048258771788596375 -0.0015274650798070336 -0.012394370618887894 -0.0023255445457772512
5.652044867890328e-05 -88.12231196342286 187.28550332146577 0.05120604742315301 -0.0007089499856378267 -0.013602586682919499 -0.003953610293466012
5.931435228726112e-05 -87.97193730986972 189.30742493342748 0.04916499371344471 -0.0018862585684938484 -0.012721344778267122 -0.0025854687464515365
6.287320115170668e-05 -87.40763733355513 191.2890885817268 0.0514853858708012 -0.0029162071538443276 -0.014674654755477643 -0.0039354315571876654
6.70073598555287e-05 -86.583569557114 193.05676512868195 0.05256826212626743 -0.001933501838203974 -0.012140098795103832 -0.005357369721754532
7.122472596277916e-05 -85.31841695121933 194.3849347667523 0.051426366369122095 -0.004451899113742493 -0.012421035392760514 -0.00475765798066924
7.614651397589892e-05 -83.68496484418375 196.13204845327311 0.04975681449713849 -0.0053587976906646064 -0.009134858997070042 -0.003912686499760986
8.145930872586855e-05 -81.18000369251827 197.74081371517727 0.049282199955988565 -0.0043424523360742475 -0.00845588369020431 -0.00602399099381074
8.734208913846155e-05 -78.7842070550152 200.07788271680406 0.047181428198675976 -0.006158442080343688 -0.005932964823493881 -0.0068908107745676945
9.42508914759046e-05 -76.13492745597745 200.92170009713942 0.04314452646743281 -0.004283417820004332 -0.003008600450884432 -0.00924824185880986
0.00010170986438231178 -73.01539066494254 203.076845019206 0.03656370448995798 -0.00451450476874073 -5.5503053799731956e-05 -0.010046798868765212
0.00011074437741626855 -70.00492054259784 204.95568347261053 0.03573072508510564 -0.0025960122234525646 -0.00027562909791671396 -0.012421467591791987
0.0001210771639539592 -67.69686811376843 207.27568055688346 0.034738485764568616 -0.0013008809695921673 0.0015452105090130654 -0.014460562895800706
