data/processed/NGC4621-mock-dyn/model_gh_kins_oasis_fit.ecsv
# %ECSV 1.0
# ---
# datatype:
# - {name: flux, datatype: float64}
# - {name: v, datatype: float64}
# - {name: sigma, datatype: float64}
# - {name: h3, datatype: float64}
# - {name: h4, datatype: float64}
# - {name: h5, datatype: float64}
# - {name: h6, datatype: float64}
# meta: !!omap
# - {v_sigma_option: fit}
# - {kin_set: oasis}
# schema: astropy-2.0
flux v sigma h3 h4 h5 h6
0.000347638164293468 0.013036329408586855 282.8508801872793 0.00013469431713104114 0.017676182950322826 -6.651487827441777e-05 -0.009563952819820629
0.000324150405592003 0.8870368639995604 281.0896321915906 -0.0006460487940234193 0.017328687740007048 -0.0003378482535726793 -0.009471467969917711
0.0003081925114774812 4.674019078737504 279.4916192450923 -0.004105902359862901 0.01614898671947317 -0.0008624497275738908 -0.009684353431021163
0.00032749707356715193 3.9329319554315436 281.2297566475945 -0.0037398694806169133 0.016559331819601026 -0.0005963095814812077 -0.009575507107314618
0.00025744641274479455 5.150758383686575 274.1724288469081 -0.004087161440363208 0.015364942778443464 -0.0004994567266788679 -0.009526433782548539
0.000267136311634396 1.7121424492682076 275.632649636162 -0.0005709555463334951 0.01701485961053526 -0.0006748073175443456 -0.009051734599515698
0.00026574264661053315 7.892431485937437 274.9874493905336 -0.007957575387458135 0.012793083268493778 -0.0007159966721795609 -0.010235998695313173
0.00022816811910996847 7.741719892506964 270.37126040578846 -0.007445819241621081 0.012030515005082046 -0.00014710608558491517 -0.010117280065004959
0.00027841663753499834 7.16027218244457 276.369435851208 -0.007180087297861517 0.01388809570891045 -0.0007648995842493572 -0.00996117898913454
0.00019958143010085505 4.747699488326626 265.9145709475577 -0.0017185331843774247 0.015059534000923424 -0.00037110382564383186 -0.009220766955294156
0.0003041773269005008 -2.971626510513384 279.2233452019612 0.0024311157392825676 0.01704495907536423 0.00036928044644440227 -0.009295110553385777
0.0002512573065490222 -1.9089658619325993 273.8418288645799 0.0013564377217826016 0.016792164078258027 0.00026538750662239395 -0.00873842937613836
0.00020416890417521778 1.6906873276120435 267.03997043034576 0.00032276470081952596 0.0171906085811983 -0.00042092799096695447 -0.008341326224974605
0.00018305573146371466 6.7379617220494685 262.85108917186534 -0.004477933932710392 0.011907495992620152 0.000690934832413101 -0.009445391691672186
0.00019351153120442373 -0.895314743549507 265.21754932952405 0.0005421278391098818 0.01771019933846115 -1.4101642717406627e-05 -0.008044882351231986
0.0003274750365916563 -3.779837932567568 281.1079253446939 0.003351402814988905 0.016615428454282148 0.000813914573723551 -0.009603629564421182
0.00015217877796239843 3.210198093027808 256.3448472208207 0.002386666116764917 0.0162911658689214 0.00019122880771141004 -0.00802347496399272
0.00015361739988208414 1.051724376337172 256.79122007188175 0.0029071160068915246 0.01790994235402372 -0.00013279732485568294 -0.007327256027179108
0.0001928259994058021 7.461543658948526 265.29940117413867 -0.008983156237885141 0.007406994623927338 0.0007507095582575259 -0.010637062458148066
0.00021669411125570042 8.432998937519649 269.23147322236815 -0.0102982072771837 0.007776992702867877 0.0004628361577818694 -0.010480166207129228
0.00014409504507765475 4.41353940584035 254.29215295105416 0.00027993017591030077 0.013112813850744014 0.001543197231441215 -0.008390471055393497
0.00016184699977610126 5.765245482492296 259.1313710135798 -0.005721969223706934 0.008528998184712174 0.0012606044473943943 -0.010862818379586194
0.00014715164710024615 -0.45425381144781096 255.24139606019926 0.001324741500518753 0.01861433440452461 -0.00022895440930417643 -0.006729463375265941
0.0002171499440221425 -4.690919906862549 268.5112370141738 0.002429235267181434 0.016238609271393405 0.0005566036507847695 -0.008823198295451048
0.00025859795827845063 -6.171675545537383 274.3260237911688 0.0052526581141235824 0.014554309699160817 0.0006165716835727183 -0.009085860336829305
0.0001719016198049362 -2.8367403566061973 260.72692236172503 -0.00018002834253242337 0.017140922705579896 0.0002909381373656055 -0.007546943569456624
0.0003040955879282116 2.9080628426126625 279.2837674549662 -0.002488214524242728 0.016666373957185076 -0.0003794266783827854 -0.00916381881158828
0.0003241228032015261 -0.9095820040870028 281.0398269375042 0.00057341554157682 0.017418909139483362 0.0004484035316477127 -0.009279586942488144
0.00022269728649043012 8.561221974607744 269.74471112848624 -0.009589341325340646 0.009658137526720725 0.00037829791793833454 -0.010084647955331448
0.00025864711960411213 6.179891929320827 274.2132135651795 -0.005488709715204704 0.014849778883767406 -0.00029660271785451973 -0.00933903580810979
0.00030827318538711546 -4.66992969382544 279.51684730853054 0.004083912641197438 0.015839791462239884 0.0010270129817104461 -0.009607317124048732
0.0002783812856776123 -7.293212443464759 276.4398105711384 0.007303774123903513 0.013443455186063146 0.0005558321365386536 -0.00963348822589867
0.0002513416281479354 1.7352236071180878 273.7051529119069 -0.0011935064780259714 0.01709778913951919 -0.00027583857992406774 -0.008744535241134336
0.0002670453756584303 -1.5139112617925221 275.6407550996186 0.0006127063556807143 0.01680066074945106 0.0005102935684990374 -0.008867110059471668
0.0002077885399248667 7.864328721284375 267.20936538102524 -0.007211885894949695 0.011852866729894992 0.0005864168016620775 -0.010056463664987638
0.00026577183316707633 -7.771178568529032 275.09025366747375 0.008243971627257457 0.012660050540138815 0.00046770447328740346 -0.010088438853461836
0.00021722163865282182 4.6882114601298435 268.60529452459826 -0.002500695542749884 0.016040888595404718 -0.0004193654611127373 -0.008650572548613008
0.00025752135965871983 -5.147538408269425 274.2580275581088 0.004004345650403046 0.01537604102549602 0.0004960042586550772 -0.009383918313615567
0.0001750930873863161 4.922114559419764 263.1461431236825 -0.007549142034320437 0.0027706814894527146 0.000121056734063047 -0.010806347904639177
0.00016171169090692944 3.3427329005682718 260.5561655941728 -0.005512008682586579 0.001880316384788823 -0.00015969275185945367 -0.010559036945768766
0.00017678611001197851 6.2552409201233825 262.8077422957695 -0.008187965557251506 0.005479309765943831 0.000986371292201509 -0.010770027856360205
0.00013271070016089207 3.3472116581778026 251.64479073650972 -0.0007354459446431561 0.01106526922325604 0.0023227177224138195 -0.010278435627786811
0.0001417490754233388 1.1126720560126886 255.26061776640316 -0.0019565379184960027 0.0047934126467941325 0.00042304460873441284 -0.010932747591775434
0.00017891287569921712 6.154581585079957 261.5979536778125 -0.0029963881979299307 0.014625539579000549 0.000361864887656506 -0.00930658891798322
0.00016570551270368662 6.664281516161381 259.62104202352344 -0.006406991246815872 0.00907864694340573 0.0016571881245732755 -0.010516503777023293
0.00014481603982453237 -2.7300346061308898 257.64225196373536 0.0002671518122069442 -0.0006796271415013025 -0.001760933449446242 -0.010324395968199125
0.00011878347930666393 0.78547690791879 247.27868580829573 0.006643535378749597 0.01850277172338898 0.0009438747523307051 -0.007180775418251004
0.0001378089417046452 -4.771877029117695 256.2047151626267 0.002933433571030046 -0.001527845504094958 -0.002489280285303056 -0.010280157417774367
0.00011508978186093958 1.5917966340058907 246.16451045009896 0.005661410441685971 0.016123623581880644 0.0022843087260412376 -0.00826423670300611
0.00012102650511039613 -0.6761421017899509 249.23578135725742 0.0015744829925352995 0.0077723677568457454 0.001951802410969081 -0.010726453285724745
0.00011902819687580122 -0.10654297468667837 247.52593541553782 0.005960068558733005 0.019130637279987546 0.0002707671438471771 -0.006009481156276144
0.00014392996144241686 0.19225609536674387 256.38550923378875 -0.0019087578535882858 0.002112751809916106 -9.563428836858537e-05 -0.010278507614543232
0.00010926962276208466 0.30551915372313365 245.09734137680707 0.005314468868001224 0.01361639848915551 0.0025520406183604637 -0.009365698604652353
0.00012521833338345365 -6.4238512874948706 252.10860723993005 0.004653723258911043 0.0014790729441603208 -0.0016464845065639775 -0.010732427963306623
0.00013477159631125382 -1.272025449719702 251.82514704205178 -0.0024635422004496573 0.01896262805407123 0.000142422930138313 -0.006253548094721855
0.00011501363988336432 -0.6548148184796332 246.4125167372319 0.0032029578447581105 0.019917470282632403 -0.00015225983949887452 -0.005310813307165149
0.00017880262516637357 -6.093506251793709 261.61547237479556 0.0028388184289616166 0.013971648689738677 -0.0003605105897349214 -0.008757659536821446
0.00020780335369659225 -7.93902235447482 267.064480280871 0.0072567379087027355 0.01150988722926041 -0.0005506328322042732 -0.009812614499099457
0.00014704352170491364 -3.8393960016691673 254.5796025360022 -0.0017433739496463699 0.016349341808050772 -0.000279481744700466 -0.0076693995678278545
0.0002228377636738134 -8.580841004894502 269.72513989392775 0.009723895622405217 0.009724856607844931 -0.0003686759386965203 -0.010319645024263186
9.607915782367111e-05 -0.9026996728866162 240.79391893767314 0.009256563761692468 0.020006515524181562 0.002147169869986466 -0.0069435497506286315
9.436435749543077e-05 -0.8602613169739672 240.20557847752465 0.00924484787281367 0.01807130436865895 0.0030236983254961947 -0.008059037357792339
9.577876980620345e-05 -1.1429933138157857 240.51870520187705 0.00739405085845964 0.020481794470954873 0.0016259669669378878 -0.005201349211030205
0.00010274725434030679 -2.5376791976136825 243.40429721651776 0.005930304232011824 0.010870951208831142 0.0029681845757891447 -0.010334723081913777
0.00010784168565552121 -0.616318633545095 243.90951996073073 -0.0019171231979554276 0.020619445600973053 0.00015681911170601249 -0.004889256158522355
0.0001104052465970188 -7.03208443272233 246.9337239323493 0.006365253107761169 0.004705939646450516 0.0002533906499902215 -0.010143016104153746
9.136501174384578e-05 -1.850808420543989 239.90617130161294 0.009235255007721196 0.01599562040051019 0.0030572776113542166 -0.009638463319930771
9.313158271117296e-05 -1.272540278618108 239.37483061456757 0.0037088275452013524 0.022016264784719908 0.0012430310326546922 -0.004516345608594111
0.00011984433132807304 -1.226549930249397 247.04166291421492 -0.005758772153622799 0.018359408890931087 -0.0006347571809585061 -0.005750583857756209
9.585026231965634e-05 -7.727733800779248 241.5095637074492 0.007955106613432702 0.008647428895973275 0.002411031724366191 -0.010368835373379267
8.74231958789514e-05 -4.181507232501311 238.67723688764767 0.009480661630801595 0.013279467720584985 0.0032718673923652847 -0.010046855231303888
7.988856978799133e-05 -1.486411078342575 236.493330897973 0.009409981001530357 0.02026418403893939 0.0028164663078252845 -0.007214383078551917
0.00011967623733264746 -13.315298154790712 252.16121527621755 0.011450849180154883 -0.003325517705528932 -0.004207861569940884 -0.00995987710150997
7.909744112992118e-05 -2.2154128539983047 235.88938178619736 0.010451932059035277 0.01961864511545277 0.0035252322239888332 -0.008892381298925525
0.00011147971856551848 -14.509857236731829 249.44956539650082 0.012276808826424318 -0.0019618003612135956 -0.003266016687012168 -0.009245446980917876
7.947361108908751e-05 -1.159293681254324 235.83186173878374 0.006628200697854882 0.022000982883623944 0.003018146594262596 -0.005286445741397271
8.872592470006603e-05 -0.41066620083479916 237.85656977744506 -0.0006790641556997753 0.02217519746361652 0.00019755775865788405 -0.0036439806796686913
9.893459963450368e-05 -0.04842008933365501 241.1054260070011 -0.00649187715026351 0.019861431874326888 -0.00011433567259563387 -0.004257214151063186
0.0001525647526223441 -4.891787521298 235.5637167190759 0.011294949231398243 0.01631309545424363 0.003655993304146785 -0.010044949402876884
0.00015236416494554363 -0.7251270402209834 233.91176130487057 0.0018263746342101947 0.022960600197004504 0.0013316076288093298 -0.0027755736030370026
0.00010069214698220129 -14.343335337740859 245.09562713577432 0.012053311017123024 0.0013006800407166263 -0.0007309536774261198 -0.009047327832899212
0.00012325716362824338 -10.683573749499901 252.75787114513815 0.008586577615312395 -0.0020646381635028195 -0.00326425044960485 -0.009993573611571265
8.311257348794124e-05 -8.484549732060074 237.39079597200015 0.010830954742355629 0.01059945885137799 0.00277310091371791 -0.009390490121329732
0.00013542600618491381 2.04032379241602 252.85029595640557 -0.0014089098407136429 0.007115386763679299 0.0010291110595054595 -0.010251887029962103
8.934443405976973e-05 -13.735324288650983 240.40052475193073 0.011105071691951034 0.0049811999823899345 0.0013377021984381774 -0.008784277319475085
0.00012112318263778028 -7.133075996400546 251.06087301167148 0.00569450978507232 0.0013442577748876423 -0.0011396790346545733 -0.010400881752693504
0.0001462488156879009 5.370207342425433 254.5564031355158 -0.0019854097459826333 0.012270357370413125 0.0015771150147284513 -0.009201864893641819
0.00012654809569138446 -0.977670022516138 231.71417193927803 0.005478321587466685 0.020052145914448052 0.005670238780174 -0.006942006701886586
0.00012606756686763952 -2.4554853354885 231.71629596820597 0.008447730249501998 0.0197699091521629 0.004687378658975639 -0.008934729514530065
0.0001258849600778776 -0.2652329497583921 231.30023620635325 0.0033878635880512844 0.020282492913525296 0.005317015136682501 -0.004613179681629324
0.00012441679318414098 -4.6785082841671235 231.25228189547298 0.011083898069018933 0.019025278495579154 0.003486101275746078 -0.010589368198056861
0.00013535920571207462 -10.022118668977512 232.53417384143526 0.01340514240738891 0.012609953880574887 0.002349102941353299 -0.008401906183426294
0.00014768864998417885 -13.654692869173383 234.4277354377306 0.012757543909549134 0.008701403481187716 0.0025731605590624553 -0.008244580510381093
0.00012189663860929686 -7.517171832594211 230.66392421593628 0.012272450891614686 0.01665023133818937 0.003014642211295194 -0.009993926036797808
0.00010024152960817409 -21.55813077943383 247.8286020735315 0.01767445873009765 -0.007635946504755681 -0.0038072623999968165 -0.006314471057700969
9.222996337315383e-05 -21.377570235681016 244.1494329128142 0.016495361891704564 -0.0043507189704273495 -0.0014867768553528003 -0.006381945437201194
0.00010555722822729698 -20.360034113424465 249.22231913695532 0.016935678795700588 -0.007063823464359127 -0.0044284676835527285 -0.006929906063710193
8.316344153143834e-05 -20.38652205274094 239.62294849301102 0.015745523103304494 -0.00011902899615638088 0.0002971212017639028 -0.00711937558905541
0.00012349018669580996 0.1469090104204537 230.20047824711887 0.0010316297318322424 0.02111822532060555 0.004432990573060339 -0.0017867957838710374
0.00015402655102336513 -0.03394674665860112 234.1469044659241 -0.0034175828963043937 0.02249005663123405 -0.001651947443639586 -0.0033674658549289757
0.0001248743485878392 -3.015761654835147 248.57847148854287 -0.003816845034828188 0.015462693263808709 -0.0015693768590435498 -0.007720476927221027
0.00010561678940020367 -0.9292663232397583 242.74194374819908 -0.007750749827457181 0.01807468234573344 -0.0012788955499059595 -0.006522568486080503
0.00011997357241525612 0.01712461617314257 229.1726459924505 -9.422169692205376e-05 0.020942378246211722 0.0018505364799280355 0.00010624122898248688
8.971948828005955e-05 0.7208957344720937 237.97893849982765 -0.008879075062594454 0.02037242130396844 -0.0014907791675317847 -0.005425096709889346
0.00014629798880011894 -5.2812035018268375 254.5501235479383 0.001838863208598734 0.012809287600487296 -0.0016408727188523796 -0.009624680477718745
0.0001436645107482365 0.2289424812699932 232.77840427136366 -0.004360775892991239 0.02142529959139985 -0.0037141848777051583 -0.0035471069947139704
0.00016566672200057887 -6.573500346409926 259.478418662118 0.006193106398869978 0.008747608757892175 -0.001406679459332902 -0.009970110458409825
0.00013988653385545998 -13.304305481825384 233.7517414868824 0.015074386576815741 0.004964906704351674 0.0015218713020933529 -0.007171909071877093
