data/processed/NGC4621-mock-dyn/model_gh_kins_oasis_fit.ecsv
# %ECSV 1.0
# ---
# datatype:
# - {name: flux, datatype: float64}
# - {name: v, datatype: float64}
# - {name: sigma, datatype: float64}
# - {name: h3, datatype: float64}
# - {name: h4, datatype: float64}
# - {name: h5, datatype: float64}
# - {name: h6, datatype: float64}
# meta: !!omap
# - {v_sigma_option: fit}
# - {kin_set: oasis}
# schema: astropy-2.0
flux v sigma h3 h4 h5 h6
[from data line 436]
9.546766935725529e-05 -57.40018080768029 233.75358835050847 0.048017622372876795 -0.0172800532698129 -0.007867966754142834 0.006904640693011588
0.00010461426522191892 -57.821270398644025 236.69903372547938 0.05107602673102829 -0.02145044594606641 -0.01191860369131002 0.008796970215757037
9.225454251611282e-05 -2.056069191990621 224.78891897319428 0.009504989757631178 0.01733265439915066 0.0014008090076531362 -0.00420720013040046
9.105275272678961e-05 1.7622323935502222 224.94782841115932 -0.00841500594500505 0.018650085745768548 -0.002130309295038047 -0.006322204328669544
0.00013057363775798703 5.541878098640894 223.4125901303798 -0.012898462151525836 0.018667889234764812 0.0006317651978467798 -0.008816750304860838
0.00010686720958594457 -53.23544165407435 237.24095364988042 0.044449042203545015 -0.020890675248567293 -0.008921097797422015 0.007929380174056132
0.00012182252998600144 -45.71783131101441 229.35413661430522 0.027809134630845753 -0.008744456717575426 0.003585430698483056 4.392099733938157e-05
9.61684701472976e-05 -23.785635640036972 225.60486577331085 0.014150661680266486 0.003879074758685282 0.003908042691247164 -0.0029198478796910875
9.019219880567217e-05 0.11692931344695327 225.19931645193446 -0.0047164896995815185 0.015376459424205974 -0.0032166265501005495 -6.753016833195013e-05
8.853267007325255e-05 -1.409371255123132 224.30505833424888 0.00804194209157759 0.015425699386352812 0.0013304453536101847 -0.0006107704743046149
9.007834347107823e-05 -0.9227365531448771 224.11336638409216 0.005215850635643382 0.017342154611885516 0.0007284719267382897 0.0021116217255937875
9.209015045586632e-05 40.150057318363814 229.97881254947697 -0.024222176220140435 -0.005053425590956026 -0.003500399266371492 -0.001989146170513285
9.053447183340253e-05 -11.209902825856979 223.26503374371634 0.014259418451673408 0.01662516231259923 0.00022436390313558614 -0.00599916145612779
0.00013414048140114777 64.78772064659042 232.07245779431221 -0.05735516697457155 -0.016945494911896584 0.010200609924819363 0.008437750913808143
8.782611232493707e-05 -5.052286967034426 222.80596888238915 0.012421625616008541 0.019745946117499732 -0.0005021106611074902 -0.0071532896815789705
9.102787446856423e-05 -17.02019611068038 223.64026981269586 0.013858438982935218 0.009603434400002388 0.0019223199019314321 -0.0031875201795323414
0.00010162582852913522 -42.82183253781697 233.293215414384 0.029083027168565413 -0.011017653015731618 0.0004302331104603042 0.0011344815690713709
8.628996036036071e-05 -0.19063354055697346 222.99404483699018 -0.001062251289533108 0.017779820831532487 -0.002072725238722552 0.003089649073592515
9.030775047226653e-05 -20.922694594008476 223.91727120614198 0.013402875355525083 0.006177530402062785 0.0032638147911176105 -0.003399114570682406
0.00010807364650420131 -40.05789517345049 225.6505845658164 0.02032632508842432 -0.003143067235180358 0.006402609159212214 -0.0034098893412149427
0.00012309149074293623 64.10764460011245 230.36642225273144 -0.05416439041876147 -0.016639002430460646 0.007092581553498681 0.00929077968534279
0.0001338989371227721 59.890127620321 232.31559911821125 -0.050500561801622566 -0.016833278277466005 0.0074953984943837955 0.006951010581791535
0.00012354195073071325 25.854610902506472 223.73358506382013 -0.011249993573702308 0.00433166288380228 -0.0062128833978595255 -0.0034020370801800255
0.00011831391826596745 2.9646733733510904 221.78854050209122 -0.012885605424125241 0.017589987269390605 0.0017280292025233792 -0.00601966767479848
0.00012500041491163083 34.855799207880416 226.61712889429643 -0.016677185163251958 0.00046729815973594804 -0.0062308435708122376 -0.004832435334734936
0.00011732358501587259 1.7273119361104534 222.57805491089493 -0.009768766054903639 0.014572277788538188 -0.00011501382644613878 -0.0007540661636044688
0.00011812552267988428 -1.563916444555695 221.16838646792593 0.0037813101146840877 0.016896748402772062 0.00014244581438383716 0.0037934238910298586
0.0001251751428534426 -14.478859187074303 221.45897153430496 0.014505089173176344 0.014174392008842645 0.00048552735382978234 -0.0048384556466403396
0.00011626275318830765 -4.597430651389184 220.07905213379567 0.014677262311576083 0.018688694923016686 -0.0028275571235955007 -0.00511305547427425
9.26630895142722e-05 -32.32615520983392 227.56071256107072 0.017911549354805226 0.0010754081623580419 0.0049765648444062725 -0.004655673772606532
9.774325136557521e-05 -61.4621161012522 234.14937907790255 0.054710755606851603 -0.018113775581797484 -0.011321799255234423 0.007059584413268346
9.893335900921311e-05 -56.0235752240229 234.7734021695154 0.04606339358814137 -0.017847769592165972 -0.007045471136413128 0.006719349533070146
0.00012465306259879484 -54.84803266644332 231.02753135307466 0.04095463096196398 -0.014789761660013487 -0.002319436599368658 0.005375491519691479
0.0001110421095153873 1.787747100272719 220.77042034181773 -0.00720741563758108 0.015331031257707716 0.00021609137867759762 0.0022968821629756613
0.00011275789071281646 -3.7915957657085873 220.35550083991555 0.013551328389886052 0.01568253107746987 -0.002374786051977357 -0.002129389475408647
0.0001155327020465072 20.753071498491465 220.99146823072485 -0.011742635248880336 0.008288183861751317 -0.004465757354893361 -0.0023689697353933697
0.00010664694506157387 -0.49366354320595807 218.10973584957188 -0.0005738563028592163 0.018579210039897612 -0.0004302241493685587 0.004356867489400009
0.00011199898862114868 -7.7095184766689835 218.20983908598024 0.016422847904117983 0.01999365838351265 -0.004086212417973369 -0.006895216584798422
9.364071048113092e-05 -44.68773415089823 231.57888182138456 0.0296455356478795 -0.00945606132995934 0.0011208495217955815 0.0002024191001260014
0.00011005832120006573 15.058083902346636 218.8377367063485 -0.015021190151297251 0.014964361702273863 -0.00041603915835825 -0.0042952656235141756
0.00010945499732005553 -4.317406628963066 220.38526469756155 0.012144220832484714 0.014324402218723812 -0.0013877855471981669 0.001370144031112554
0.0001217697003132879 45.55548537435928 229.20335418006232 -0.027682095280817182 -0.008887394841241647 -0.0037454941774233653 5.1255170052477284e-05
0.00010362505942469669 3.94482717825188 220.13452429869395 -0.014463135509781956 0.013686535781144562 0.0031821397496155173 -0.0025150340638185704
0.00020996356529278767 7.094558956315465 217.71035406003716 -0.017099399760074303 0.019164287709459132 0.00539588372906946 -0.0074606410918551585
0.00017975521853621807 57.344889211432715 228.56957293634605 -0.04011925547434104 -0.015413223613523958 0.00020272143211533632 0.006958823613725882
0.0002835311999566854 44.793223423112096 223.72530241624943 -0.024487965710092697 -0.004273573605403868 -0.005801872287457537 -0.0026641432784105584
0.00012346690779886855 68.09522638124261 230.0316911130548 -0.06100286307847807 -0.01643392966797621 0.01012279821517284 0.009790026394718846
0.00010970233269337476 22.901075819225035 222.836912204299 -0.011490240699491018 0.0049213494864720295 -0.007133256479446377 -0.006276780704435685
0.00010081443160523938 -3.7957170671504863 217.41187444536502 0.007822340994722 0.017067992435772537 -0.0005542140545990157 0.0045834413531458534
0.00015664250987233944 -25.918527637761485 222.27159711973647 0.012364777446098646 0.0064027905423619655 0.005538458269499548 -0.004572323850908408
0.00015308987936379624 -20.982730858563897 220.43261119161792 0.013570298209469745 0.010272206280069873 0.0033456568711278103 -0.0032821998841556684
0.00011786336393077018 53.241015468490104 229.94803141208396 -0.03758400074176727 -0.013622467977449742 0.00027564180697083534 0.004528015299546496
0.00010654763280347941 -11.490159344533437 217.1643314431256 0.018489803882794593 0.01922061456206866 -0.00421818850116771 -0.005626553795186451
0.0001118198855536926 36.20757192833115 225.35069722052557 -0.01647533247653469 -0.0005365959450604373 -0.007564962179122823 -0.004241849921861122
0.00011894982885242376 61.664161218748056 230.3635808478842 -0.050774635889488516 -0.016885882933691997 0.006407759604058159 0.008285778154580765
0.00010519726360790822 24.8914431788269 219.76535548564763 -0.011527221541734694 0.009882993462108185 -0.006846367693847508 -0.005281566293910817
0.00012346396037172383 4.607266400861508 217.0186405995627 -0.015546593633280295 0.014047584213057455 0.0035621451901114796 -0.002921719083147457
0.00010761046578368816 -16.352842711222397 217.91155917248486 0.017426746244398505 0.016642134313991263 -0.0010511558620074155 -0.0043512000178255045
0.000124605410685768 -34.167904289438496 225.956909600053 0.01690725451152426 0.0006877704705346798 0.005716260998767393 -0.005150214969162756
9.523034435638596e-05 2.6194348449336275 217.43400851998356 -0.008814955394503016 0.014869186592564851 -0.00042421433922240105 0.003057793835898075
0.0001328436501065432 20.02811074531823 216.66697973945776 -0.015004093861787278 0.015383474940770366 -0.002819424170418831 -0.0038834967275074373
9.626007796074294e-05 13.407873029708867 215.24725590479343 -0.019144547981438376 0.019902528899167264 0.0038151881690712776 -0.005320586470328523
9.661547810179846e-05 -6.177741313390386 217.67591576715233 0.01465641966917233 0.012955202920137654 -0.001954157664176677 0.0026159091297622483
9.862399992004364e-05 -6.221156688793102 215.47994832501524 0.018145901913559016 0.019067387471826538 -0.006315872366537874 -0.005248312541607553
9.2258573773843e-05 -61.89138608344371 232.65639036753535 0.053018528168895 -0.01718114586377646 -0.008191148613234875 0.007474961147702369
0.0001317873339375425 -54.024191874031416 231.58875528829577 0.03988436305143287 -0.014119423730011885 -0.00192691096140023 0.00436259725637417
8.895002264358726e-05 -64.00256298825585 231.94690438995295 0.05745640897811561 -0.017002482523850653 -0.01030675058070695 0.008042337646822354
9.401079409986062e-05 -6.0926165297084 215.88807007209715 0.017298943105837572 0.016311675071141177 -0.00447854055279743 -0.0013333485245940002
9.121507259743577e-05 -0.842789314607797 213.91368501728502 -0.0013987997391298823 0.01998261297908956 -0.00031642797878491785 0.005815747923651951
0.00011223102594951889 -29.493283164972073 222.75878081635312 0.013437337523688829 0.004969335178805491 0.006442797092629787 -0.005591116086394732
0.00012438341456281297 -36.247559447917695 221.81954596988288 0.018226452379585124 0.0018888873684017 0.006195475992748281 -0.006415296138008481
0.0001607983672879363 -41.53146939661118 227.90417476668497 0.02279427199879738 -0.004787814959536889 0.004722207146526418 -0.0028362433797814632
0.00018526244661231517 -28.474094210071105 213.57205671267238 0.015348419844156148 0.017279609556277175 0.007694288403437602 -0.008999200867029954
0.00012256199279371693 -63.66703511461225 230.4318688591392 0.05519547850793166 -0.017191357386769284 -0.008212213014228344 0.009350014912495319
0.00016166217329031395 -21.792226749307474 215.90669917220788 0.01746276464037049 0.0172791237764662 0.0025212944390986336 -0.005160811619018905
9.69939132453393e-05 -42.647182548382865 224.19483750648916 0.0224604834257495 -0.0037219058159264186 0.006046690003320382 -0.003153066797591011
0.00010545895686571379 -50.33764318993383 228.00052850483183 0.03172686710374743 -0.012601751510260762 0.0026357487611800945 0.0034762138543878896
0.0001230768663275862 -64.15590831676752 230.4088166276227 0.05516744478569996 -0.017077982335841298 -0.008145294491551859 0.009212438608343136
0.00012496011193402395 -67.81239494037497 230.52270292554797 0.060308347000522185 -0.016735136593546907 -0.009861096966365716 0.009796768930081792
0.00015617224462843935 -26.881254044109706 216.68731410832743 0.014677634837057146 0.013943233925205844 0.006247097513463874 -0.006847265907543857
0.00015438424909902413 -53.730146772720396 229.47758235672575 0.035984364918010235 -0.013274902483610566 0.0008701692598723413 0.0044512698664593495
8.886867254298847e-05 4.846362172474094 217.03980574966457 -0.012533469343797078 0.010499860104766223 0.0003066274468446386 0.0031534765585221466
0.00011484042231873287 -4.684538186311432 212.68085855823463 0.005935907034715008 0.019079299943805535 0.0007344239724631654 0.006009424923521269
0.0001184721970869419 6.3132118049153 214.9820796748008 -0.018884351956041188 0.01811810871148259 0.006889583543740034 -0.005232453855373806
0.00011369437399234145 -7.319869402047518 215.02069868246897 0.014194197581575306 0.012350633957398268 0.0002293424707177572 0.0033532661753456336
0.00017875287646761822 -13.17737939282179 212.82163892377088 0.02275104745834638 0.02197411636452601 -0.005895907055851532 -0.0036400433475089105
0.00026667135058172024 -44.468384138688414 224.59196356453782 0.024468468330927518 -0.005127515639027379 0.005199242102325958 -0.002304488644477078
0.0001413857102608492 -7.8325099603963215 212.46423410012608 0.020319528266318033 0.02114048857217555 -0.005264161308925611 -0.003120365418814936
0.00011031991434632008 0.7203813797784977 212.37758494124208 -0.0034607727779051778 0.018292769110780354 -0.0014034065577789988 0.006526172874990264
0.00011389546721335662 9.878764455091542 212.71436404810964 -0.021522363989408922 0.02251650466588048 0.006632985705465294 -0.005199804407068749
0.00019534294395080035 -21.10505847073141 211.28653065822445 0.02378454373140696 0.023181781284957098 -0.0004620356961842147 -0.002640466195273219
0.00026289951437098285 -34.75596804057496 221.80640257100328 0.01792724065034274 0.0030998234044116424 0.005353765823085876 -0.006725545807181181
0.0001436942990299414 -60.03771745544708 229.27575519657194 0.04610217178220465 -0.01810747924535838 -0.003178369053628501 0.009141526100842306
0.00016581121309633284 -36.967439996623575 219.61766984150054 0.020512702296038212 0.003664761669831604 0.005611099769778428 -0.0076787703469269235
0.0001308171105057782 -7.343555123601329 212.60670365853792 0.009194795525806489 0.014012744180547114 0.0027319253907663785 0.007192661521076909
0.00011314865256034535 -69.41402043046185 229.38991231074826 0.061646513265914436 -0.017645886070165633 -0.010215729903745462 0.011675414462116089
0.00010931082517583285 5.229418663128006 215.86433535063108 -0.012696073893085764 0.010226653263229059 -0.0003682995140455814 0.002235169244344646
0.00010590855245715597 -7.527144691289505 213.30299769717755 0.01646895271519044 0.015956677005585892 -0.0007782254542473329 0.0004926136765088246
7.756291426255141e-05 6.926752492332322 212.36094645086928 -0.01858951571128518 0.019461650159228246 0.002180459213217293 -0.0028076484025119732
0.00011602826691012753 16.96238189371951 212.3774937147636 -0.021916349305958684 0.022177542436622937 0.00231993071016984 -0.0039009910397476313
9.47474642731756e-05 27.712104139506057 217.7294954438153 -0.0121481193656006 0.011536964237855472 -0.007979489887893472 -0.007261785712697945
0.0002006639355444448 -12.989264866617903 209.07943236602688 0.024505730031165386 0.027612510670070717 -0.003505136329510928 -0.0018766420383659443
9.066137087726226e-05 24.46559207560984 214.956626218128 -0.01464617772048867 0.018439165240062644 -0.006411671614470611 -0.006729716426980522
0.0001044386716501787 40.71404352780397 225.56199777629405 -0.020175225355193227 -0.003175416838338546 -0.007112383587482609 -0.0035986460370621815
0.00012779813050681698 33.451961593514916 221.17622148816636 -0.01562208003271249 0.004724564439880876 -0.006665901217700604 -0.007485880013806717
9.956202392127899e-05 -4.439553734503392 208.4428213686332 0.002738474821639001 0.0237716534351117 0.0017732022721907428 0.006446280438515524
0.00010977145662705003 21.203734056128873 211.18358064497292 -0.020556771391251265 0.022233992271365386 -0.002322978766613292 -0.0032087655735874667
9.990862019969652e-05 3.493760334120136 213.73322367642356 -0.005827987848732547 0.009628459124601401 -0.003746372997309089 0.006641999501014371
9.881030816077707e-05 6.347077123660898 213.86996276875854 -0.015076333906339539 0.012198925864470644 -0.0011853757324302569 0.0017665603197133872
