data/processed/NGC4621-mock-dyn/model_gh_kins_atlas3d_fit.ecsv
# %ECSV 1.0
# ---
# datatype:
# - {name: flux, datatype: float64}
# - {name: v, datatype: float64}
# - {name: sigma, datatype: float64}
# - {name: h3, datatype: float64}
# - {name: h4, datatype: float64}
# - {name: h5, datatype: float64}
# - {name: h6, datatype: float64}
# meta: !!omap
# - {v_sigma_option: fit}
# - {kin_set: atlas3d}
# schema: astropy-2.0
flux v sigma h3 h4 h5 h6
[from data line 1865]
6.341878021803847e-05 49.97747656046054 197.11702671800302 -0.031117535281054872 0.0018392957937980539 0.005817768585267198 -0.01226793735595746
6.233960289077921e-05 52.9356067344947 197.95433661555356 -0.03137915117586079 -0.0018108595179018323 0.003509572966097069 -0.011525431298566311
6.128553704653568e-05 55.80688962854685 197.61507734824073 -0.031307303803874184 -0.0011436796712118607 0.0030475408466552564 -0.014710691184916748
6.005709517360623e-05 60.623515827710015 197.972973017354 -0.031875231206002864 -0.004138645518994995 -0.00033078784339532984 -0.014383800956493215
5.8539947177892166e-05 63.85193191088259 197.19319210691 -0.031954647089057375 -0.004108580409655134 -0.0032383139033625255 -0.015796172800043987
5.7210076114241554e-05 67.12133932021635 196.2787199018106 -0.030434641317545807 -0.0030636606898893754 -0.005761768842289206 -0.013984485922440929
5.598416609511892e-05 70.16440160554168 194.10482102825205 -0.031338649242267015 -0.002217773633376517 -0.004275314201684941 -0.011514961747194765
5.458837972142301e-05 73.75955634914298 191.64594818089606 -0.03293653306703078 -0.0006243038572367022 -0.005093664895399457 -0.010177341521773523
5.323835719355161e-05 76.69461665016553 189.16724014311583 -0.036687213671646575 0.0020353132300644145 -0.0012730741571262518 -0.009884679427544726
5.194920244875852e-05 80.19965761330205 186.75897010347828 -0.040598968590240946 0.0003497418988570001 0.003245985195061745 -0.0053284064609233125
5.0760478998134405e-05 82.19695757520971 184.95756296012468 -0.045143343129648635 0.003409144987640258 0.0062714464427031215 -0.007044819763673813
5.0901048494823946e-05 -5.454936193229779 188.06351425308688 -0.011828177741491457 0.001287958262709287 0.0034665770025793527 -0.019860824896110803
5.1999099549430156e-05 -3.0967705319215786 186.33459360593866 -0.008878837215698782 0.010616354477147249 -0.0013768064943482064 -0.023851483513330295
5.3301248013128985e-05 -4.354738524803421 186.77233013746863 -0.010887132630692502 0.012183395916429824 -0.004677721687472751 -0.022755443013820792
5.441298687587384e-05 1.808454634815316 186.6492804037345 -0.008419029400064575 0.015106425394939133 -0.013281913802796795 -0.021749584072544646
5.5740725564053905e-05 3.720205860173794 187.3610205690782 -0.005850864515767287 0.014564417374307321 -0.012649973813736868 -0.02267076489433067
5.6581737017655604e-05 4.492292619372553 188.20822741237882 -0.0011713854318735624 0.009373188574924982 -0.010259758325818902 -0.020001186286463912
5.827158794098973e-05 5.400575309767685 191.73710686872076 7.759578778065629e-05 0.0009745109525794806 -0.0060764012002833346 -0.017660624160431654
5.941413227681736e-05 7.425647327475711 194.23669907724553 0.0012689824896370164 -0.0044989675782681204 -0.004857301094591508 -0.016703630970088288
6.022254946376466e-05 9.865842667671842 194.21847619061865 -0.00278600762279481 -0.004252316777834546 -0.00043646795703777136 -0.015419799370334216
6.044592467384562e-05 13.162040468878473 194.04639641593675 -0.01043196583797597 -0.004184406359095259 0.0051449497770448575 -0.013491794922584087
6.047185043264102e-05 17.393584421644142 192.82811135565393 -0.013757393910805733 -0.000805512433947436 0.008113396444615987 -0.012086003955628501
6.0888260031230317e-05 20.64429024161232 192.75238190424315 -0.015924660707303553 0.0011896127586674826 0.013252373637362423 -0.011004648675330934
6.128189512880787e-05 24.62196590315515 193.35469062973195 -0.019960419874192174 0.0011432235263684179 0.015568104451907755 -0.013223931372390592
6.125659312913344e-05 27.305334506257566 194.64950971774496 -0.02008633275346283 0.00011756799831020247 0.017005878344213035 -0.011728932274226854
6.143790876761059e-05 31.029851738092884 194.5102176739792 -0.02336530995521994 0.0025440188155750956 0.018359843357010845 -0.012244169160971298
6.112434648696541e-05 35.47531384655577 194.7378104717348 -0.024271449804020906 0.0036145282957481253 0.016388897755016212 -0.012761223343503537
6.0578248542134974e-05 39.047326851771885 194.57524188483993 -0.024206948981667815 0.007282759562121193 0.012052689409470976 -0.012700759371713747
6.008446184889296e-05 42.24458797850371 195.235685247785 -0.027058716779456995 0.006095103037021884 0.01086230343691087 -0.012777367820733972
5.9359793266691936e-05 45.73070357935534 195.54877147660054 -0.027280682565806437 0.005045673460655548 0.006902511886564246 -0.011903003046021383
5.8727612875938885e-05 47.83496787843314 195.83377802631492 -0.027553975021233756 0.004281748730423269 0.004725306238401639 -0.010843467637937244
5.788583516124936e-05 50.95395985555772 196.1944532253579 -0.03141570370174452 0.0017652254731778986 0.004120613518616447 -0.011999094594417007
5.711803371687109e-05 53.87569673496136 196.7858110204473 -0.030271411429969832 -0.000734428138536719 0.00297624025399101 -0.01384914544162455
5.585950696643327e-05 57.131782793352215 196.0549759979037 -0.028354588530726393 -0.001463165095164978 0.0006127225751764864 -0.014199575560489204
5.4826939535079415e-05 61.25251842428414 196.09197801035427 -0.028049378818988432 -0.002680137325228389 -0.002268218074745067 -0.015880703295878384
5.381179852127684e-05 65.13687931121069 194.6691314722824 -0.028028128655912525 0.0002161134619461397 -0.006322575293104703 -0.01557608245827609
4.713667298793755e-05 -5.966249995800205 185.24076801068523 -0.008247617489702274 0.0026254893759061213 0.003058925179750942 -0.021156446055481865
4.8251596851584536e-05 -3.848502091838359 185.28304206691433 -0.008248003824353175 0.010733123902525508 -0.0037250617629533806 -0.023335892292041242
4.97348904995064e-05 -0.2602050285795565 186.80139215745606 -0.010770036912386684 0.011926049253770133 -0.00971833715877072 -0.022044197313109932
5.080371178780108e-05 1.6507502472409676 186.73944318162637 -0.00878505231778323 0.015089299307869007 -0.013048927810470694 -0.02373347878641986
5.1384680544712646e-05 -0.5906991127006256 185.52267705295304 -0.004586234058531104 0.012622881034074945 -0.01108957279122371 -0.022624363475496487
5.248361604446316e-05 5.633100032381368 187.03648664155656 -0.003187632810326761 0.0070690158606505245 -0.008844652115520723 -0.020139143237528405
5.362226844752249e-05 6.539915761351991 190.20266822927016 0.0005792706517969883 -0.0008096629273890871 -0.008708528153702556 -0.018120995138552157
5.459517989015358e-05 7.448693047772834 192.45463543251978 -0.00038006104086790694 -0.005242289609766891 -0.0049537391184915 -0.01725402428467094
5.534182314785011e-05 10.236745576258956 192.76064062158434 -0.006476237859103782 -0.0059551101575196766 0.0014037903920384423 -0.015595307433137797
5.561645253008195e-05 12.969961289713401 192.06997248447965 -0.01178484651486674 -0.004922471630039852 0.00607054115606992 -0.012961302314558007
5.589213211052256e-05 17.02485697493795 190.48469006698562 -0.017381796632216142 -0.0012382663933074858 0.00912944021480061 -0.012124773911540954
5.5900268688116586e-05 20.494403816699727 191.0363995149154 -0.01802249558185461 -3.611121513086915e-06 0.012645611068581603 -0.012290157435797028
5.6270394394147835e-05 23.85694765828857 191.4624734993379 -0.01711005479086855 0.0031186923181651463 0.014093012465636882 -0.012295670138800964
5.6656998646804385e-05 28.36522792480943 193.20603909924714 -0.0233162436101031 0.001853352914439453 0.01870225672550847 -0.01493813762306374
5.669313205412053e-05 31.631388100757395 193.779247736932 -0.02234500739357211 0.002488749511376359 0.01655664219550625 -0.014359378370760827
5.6411493834326146e-05 35.699498424699485 193.19656197955226 -0.02573980663938862 0.00431531615263879 0.016436238502213926 -0.014608153984029986
5.618454056039697e-05 39.07577793626306 194.16862993803704 -0.024327527740231905 0.006345486301413383 0.01200004496836903 -0.015199226031152858
5.570827775627584e-05 42.19523426273098 194.0731612620325 -0.025653135882716116 0.007358035174123505 0.008510610132074563 -0.01343465615652837
5.543607716901796e-05 45.502930099376165 194.22464552943725 -0.02640607048834977 0.00802724516057463 0.005774963914443126 -0.012837397529843007
5.440039435156658e-05 47.2554895662142 193.61457024183332 -0.027308711443097915 0.004822551916598007 0.0034182707208056428 -0.011655587205249469
5.39273602934323e-05 49.93663699299413 194.8599026317349 -0.02838539443244975 0.004655580315205729 0.002459075642819755 -0.011825674809325573
5.321270356609295e-05 53.195174995210486 194.6498683299048 -0.03039211650843874 0.0018594911972373892 0.0048639106995921385 -0.012720207448887248
4.4030777587651946e-05 -5.7111439866144265 182.43094986334538 -0.006180241855243302 0.008355114290605587 0.0014414159855202734 -0.022470136255301434
4.506146477381097e-05 -3.099081684387481 183.65872491905745 -0.009509646254769293 0.01142158734686257 -0.004962774375425284 -0.022369747785329606
4.631290685907573e-05 0.2604694279660258 186.45385669514505 -0.01081117874497234 0.011012049395575856 -0.009572465174406792 -0.021653921467717073
4.7221402503084926e-05 1.8825070693110946 185.56918310968481 -0.01153183724993536 0.012839836167381534 -0.012771962802664091 -0.020973364673690383
4.7657360660489004e-05 3.8667354553698763 184.79730944965505 -0.007317584993711375 0.009331325869790644 -0.012096349635651876 -0.020392715109265335
4.8661540537074946e-05 4.795335394050653 185.58658723027187 -0.001920068766759078 0.006193528559546364 -0.00973820705776761 -0.019996701670360204
4.97442940370348e-05 7.251873625185475 189.00345414368934 0.00020219421694576094 -0.0015780751593029146 -0.008218971507787042 -0.019402877819351905
5.055172660521796e-05 8.53028691683986 190.39192131656455 -0.0005041209679624065 -0.0061701467406641425 -0.0034323862430025577 -0.016458016741938534
5.1216675764834524e-05 10.883791300856078 192.06424372754256 -0.006887777834191772 -0.010030189505933594 3.4093678694793014e-06 -0.012486024807830835
5.124853079501009e-05 13.327438882821571 190.18595926754548 -0.01362638106759971 -0.006060528079036897 0.00448246927748952 -0.01132502057870468
5.168345547748674e-05 17.881836184081614 189.74028339733172 -0.02070239521929131 -0.002750091441919765 0.009553041580385974 -0.011687772554705772
5.195588710108107e-05 20.758823209759985 190.04621405662593 -0.02054288197526 -7.875596190326422e-05 0.012939222403339095 -0.010789828605894468
5.222588429723249e-05 24.610753068567192 189.9450302770971 -0.0228904548090144 0.003312158916759487 0.016306418996176034 -0.012963172895416255
5.238417227888784e-05 28.266549875148588 190.79246330513504 -0.023135609535965766 0.0016449092425517573 0.0165061754679957 -0.014065442535757049
5.251570169487738e-05 32.24523420145655 192.59660508557306 -0.024556945085772833 0.003732279035055235 0.016756665574881327 -0.01691559770835335
4.1120398795562504e-05 -5.529105305488127 179.962369189968 -0.005431679717992073 0.012692013468950712 -0.0004853915403208421 -0.024490972573216026
4.22649067071552e-05 -2.774782959419705 182.67967123146204 -0.011032116739628317 0.013573254336757568 -0.006259520165602036 -0.023886486331051827
4.3557359548667806e-05 0.9241124444486744 184.09271772544213 -0.012690707299960054 0.015120147647968143 -0.013415459435880437 -0.022503194273191925
4.4051585352104626e-05 2.983150758336412 184.35671233530314 -0.01265171060424663 0.010393327176199962 -0.013537055911852008 -0.018107104886404792
4.465362539354089e-05 4.2309298436464 183.3559211575209 -0.007467819157803251 0.009156845302896052 -0.011663279833637349 -0.01944132216208566
4.532458790174055e-05 6.472848468249218 184.94589745483123 -0.003748036716687203 0.002554950852449085 -0.009494710408096813 -0.017766608285787674
4.601459711921478e-05 8.325196608596732 185.61867419167436 -0.0016565245632166542 0.001359933542463421 -0.008937133489442728 -0.020011764678325977
4.684636345520616e-05 9.627321825316297 188.41779563307853 -0.0045288461911386965 -0.006210309123688959 -0.004607312986360283 -0.016286240699448017
4.737241707105021e-05 11.228186867688237 189.34535704672396 -0.007710868991535799 -0.008007953743683953 -0.0018031521732572967 -0.013717122629751548
4.778712986868922e-05 14.747331174632752 189.10264983469781 -0.016576117398908054 -0.007245698090674377 0.005236870986552201 -0.011676365921078312
4.801721592434098e-05 17.74456274548755 188.7590288652432 -0.022556376156694945 -0.004731374417876097 0.010722083297416599 -0.009977479274818634
4.838944826231507e-05 20.945118579512492 188.27910249026175 -0.023995439204237454 0.0013571534787253584 0.014631341920448593 -0.012645227179114607
4.83487676850491e-05 24.83151571267633 188.707740967785 -0.024954112399438712 -0.0010326426244775839 0.016115758663511465 -0.012868270578973901
4.858840190823972e-05 27.98300597518873 189.26455562075648 -0.02488055818059682 0.0033465365210227824 0.015718642864058083 -0.016924456269477518
4.8701584939029085e-05 31.61508322317404 191.1115814325415 -0.02390583056262498 0.003720997093119571 0.015795487607410272 -0.01963850551639747
3.9911722422339355e-05 -6.638154920479921 181.244537484593 -0.013655295773324931 0.018303196647263223 -0.007245704973275897 -0.02731270904877241
4.045088508095387e-05 1.3254418493778917 181.83471447240174 -0.016946111325987008 0.015558648612726498 -0.01394588553212423 -0.020093023669618525
4.112330245567383e-05 3.1598851067399414 181.80492433783277 -0.013899192776216766 0.01321948776795755 -0.011909995281096453 -0.020110787932866653
4.163400678998303e-05 4.790788764781787 181.14253562393836 -0.00788060377580618 0.010643479912690452 -0.01068785617357194 -0.021209678678710205
4.219141147402987e-05 7.166052931880076 181.47013546937475 -0.005043812263390994 0.006683734846397221 -0.008675753980234919 -0.021525133801870173
4.3128844700267846e-05 9.29573595097941 184.4611164068634 -0.00413871543148663 -0.0009240316150203644 -0.008307709934391061 -0.01890757714702061
4.3530393162404954e-05 11.235758515468833 185.2354967368267 -0.005889317302601839 -0.002864867315935775 -0.005951114905319525 -0.01840308517800997
4.388654087237573e-05 12.018233292607457 187.53603100496747 -0.00941541620226236 -0.007599374445220577 0.00015295505972204987 -0.015305617132590234
4.429802858033824e-05 14.643529249668148 187.49128332443962 -0.016607514386801137 -0.0068391000586229345 0.004726718866894883 -0.011406722253019834
4.459777185824508e-05 17.378768226696426 186.6141471120072 -0.023418801524060773 -0.0046732106189879144 0.009747301108913113 -0.010638509716456489
4.489301214698883e-05 20.922416290747528 187.50243812396292 -0.025972673515979747 -0.0029947747012195216 0.01365493025773418 -0.01113161726223482
4.508371067710958e-05 24.524096540353494 187.50454635210968 -0.02691508509707161 0.001691069975432197 0.01687050363601578 -0.015918375842662875
4.532312389825427e-05 27.31457053768483 188.11969377978522 -0.02734915651947848 0.0021523090265938138 0.017208662191727907 -0.018163145055973894
4.097143230858926e-05 13.148764333048483 184.2032684934068 -0.010757405261306481 -7.925809035061446e-05 -0.002174365664592273 -0.02011147606110102
4.140486699631623e-05 15.69283723818339 185.61754738996757 -0.01948194930912474 -0.004587736959148979 0.004495183751383699 -0.013989535594864056
4.191206665669959e-05 17.925994260110627 186.60738990024848 -0.023849040297989146 -0.003806853585654486 0.009394114029476618 -0.014138389394544357
4.199940171306804e-05 20.55789012433457 186.13598388238498 -0.025522745663503557 -0.002299682369056583 0.014145261429233858 -0.012960904573219722
4.22775779244548e-05 24.235804774508104 186.7684423374522 -0.02726716526433472 -0.001899215834440157 0.01569375168302887 -0.015338758646722133
5.376635850946803e-05 -7.924133100333575 192.0455141967916 -0.008027175405708447 -0.005282142410800663 0.001757565338202237 -0.019107362781228533
5.40109504338157e-05 -13.190629397521898 192.0804170507268 0.0060150143086789435 -0.007446765686142443 -0.0056698521862617954 -0.012346794597234229
