data/processed/NGC4621-mock-dyn/model_gh_kins_oasis_fit.ecsv
# %ECSV 1.0
# ---
# datatype:
# - {name: flux, datatype: float64}
# - {name: v, datatype: float64}
# - {name: sigma, datatype: float64}
# - {name: h3, datatype: float64}
# - {name: h4, datatype: float64}
# - {name: h5, datatype: float64}
# - {name: h6, datatype: float64}
# meta: !!omap
# - {v_sigma_option: fit}
# - {kin_set: oasis}
# schema: astropy-2.0
flux v sigma h3 h4 h5 h6
[from data line 327]
0.00014669350955114267 38.61539969303434 245.24737087469637 -0.030714559296731593 -0.02732180721529348 0.006494152126795782 0.009676663002032685
0.00010779157807606527 0.4018459091903031 243.91884445041907 0.002453831155940973 0.020932663161760744 -0.0004659434123655605 -0.00505831159052438
8.936660372871047e-05 13.776128643151523 240.6220964410705 -0.011216619297241527 0.00452041616687882 -0.0018448132241014414 -0.008809071887388947
0.00011080326271842257 32.83996880958859 223.4853564166957 -0.015790162114083208 0.002739115715313979 -0.006141940476653957 -0.006209203217457102
9.717952025001936e-05 37.53301315934849 230.2625905440795 -0.02313560240790586 -0.005241307493753041 -0.002883686988811198 -0.0020038876327197245
0.00017682581051444593 28.160037863190077 215.9769891048555 -0.01673997186835094 0.014114955838632903 -0.005619718796913925 -0.0077591371335313025
0.00014977450166952814 33.03865151613107 242.17992981468444 -0.024407013717757456 -0.0162824341367457 0.0024756575212867447 0.002276899611486667
8.311912526426874e-05 20.319054234078596 239.65197511295946 -0.014840738563641048 0.00020973786841055274 -0.0011555970089655455 -0.006920552693616846
0.00012087337624369902 46.90063781027193 240.80294983496012 -0.03831898594590956 -0.02439016704528418 0.0082099145473359 0.009283975545435572
7.520387584184121e-05 -33.3410912648695 242.83360769777818 0.02447904476705458 -0.01743085319347685 -0.0024101417664022964 0.00216114428079355
9.335796680526545e-05 -0.521138651214942 239.23756086283353 0.009154947234497914 0.018158047768381348 0.003295578545931461 -0.007845900552106471
0.00013491526968151398 43.69955095228417 244.5326659979602 -0.03643702299635921 -0.030066459880843076 0.009136060065303694 0.0124041727123404
9.43177676155069e-05 0.7331933735987952 240.25331756634804 -0.009482476394765123 0.01823403613592067 -0.0030440439807730355 -0.00813226240135166
9.892186892296503e-05 0.04775128437907435 240.89800491734798 0.006622920999491818 0.02034388939888387 0.00044385939354794283 -0.004371302536348414
9.127146107953748e-05 2.1469242710166947 239.6684695582737 -0.009086731605952046 0.015906962453521325 -0.003368416666408047 -0.00969321465067665
9.605700921968176e-05 1.0400254034371605 240.9436628222719 -0.009529449616590914 0.018999807021457277 -0.0021867375833956844 -0.0063678758254036944
8.738670156875454e-05 4.254507902528279 238.55487656931354 -0.008871592968410755 0.013257567659730025 -0.003481238678016748 -0.010012678404079434
9.572406744417536e-05 1.1804142248953526 240.30931861210584 -0.007984571778747418 0.021384666692318727 -0.0015145692949282725 -0.005681627955744286
7.714664460828013e-05 26.882636030782248 239.65449876532028 -0.018948730356690355 -0.00614220107295133 8.439989773043276e-05 -0.0038374104719892184
8.314041735500511e-05 8.511898982250285 237.34785956391374 -0.01015140880753876 0.010061332502994834 -0.002928161165207531 -0.009154468110896407
8.05956130202287e-05 -11.972223069042752 236.6034673282399 0.011629481047057097 0.008373755311334741 0.0024562497659959635 -0.008265118528712881
8.276191408542635e-05 -5.9277127812250185 236.81013871368972 0.010784360757848301 0.012497890184354717 0.002876623039743787 -0.009187864987710787
0.00014872031379951442 -18.712665152270844 235.64835703929015 0.014773811383876631 0.004089695250484666 0.00203104050725955 -0.00765061042131458
9.314903822693118e-05 0.823629697345668 239.23082931512116 -0.003753331004598079 0.021831013068738102 -0.001104007297039144 -0.004002062660510304
8.979403053086575e-05 -0.328067325661743 238.1232034555575 0.008524447239866513 0.021068560535701976 0.0017160086406401447 -0.006166767106990796
7.866043252054956e-05 13.483133793518679 236.40569972685924 -0.012449287738098726 0.007785230458649628 -0.002210172292999385 -0.00863661337021554
8.310135389149097e-05 -2.725967103507112 236.48079687813825 0.0103820887580961 0.01746080359583257 0.0034203746642839463 -0.008862093749722248
0.00014154934616737039 -27.26356415303455 236.8698226702856 0.018795650204098967 -0.003934641947558121 0.0014123002286561938 -0.004338659938741161
8.864783683896408e-05 0.5107640917011436 237.7402534406917 0.000800236555742625 0.022452064089067216 0.0001377332631437171 -0.003895932932295495
0.0001305567758049326 38.68854164371018 228.49402836570184 -0.02134281327319184 -0.00353344717920588 -0.004358303213974211 -0.003708486938575754
0.00012110577562608503 49.9991665488697 242.03431579364096 -0.04309017870842757 -0.028617281905806174 0.01176450555169259 0.011991677923415663
0.00013982889408753032 19.05690435116006 233.5205137882639 -0.014804366903188135 0.004926973809550988 -0.001695969185692247 -0.006892890503072129
0.00010502189694955645 48.82384464661755 235.82843182409803 -0.0370706528229377 -0.016762286307741195 0.004374607647644786 0.0044998055770075155
8.117224192925629e-05 -1.118392475975438 235.66515090402856 0.00985727286794374 0.020072317011750395 0.0026558647720710924 -0.007144526805056028
0.00011870861408920236 -51.35143267039063 241.34436515124145 0.04480932344676192 -0.02740819294500069 -0.0124855272056139 0.011636474764650228
8.30515900000898e-05 -0.19295128199323974 235.81774620894322 0.004535861838087134 0.022215916072208974 0.0010350316746884625 -0.003826612552323934
7.909358314426231e-05 2.1198653929552593 236.11921312131653 -0.010014901841760585 0.01905166039590523 -0.0033179645217758214 -0.008064544113720873
7.753162483782082e-05 3.40243407804038 235.5109677697622 -0.010916568021487228 0.01835603321276928 -0.004037611450361631 -0.01000587264394332
7.997673438822893e-05 1.4812078011982823 236.19494614190708 -0.009008901354720118 0.02084315293631213 -0.003263865808583593 -0.00693233856531069
0.00014028873683178775 -11.825872439517207 233.1231002671575 0.01281692972644465 0.010322554863454597 0.0024774434101891224 -0.008016467110164363
0.00013341759207320436 -35.5855449110464 238.9627115219887 0.025301507142543703 -0.014095608051660182 -0.0012197106749482329 0.0016066047079500905
0.00014736975731452238 7.9157215117771855 234.46901224910917 -0.011876122433227401 0.013470774008023975 -0.0030399400444071282 -0.009559931565935945
7.956167030171193e-05 1.0801490825298552 235.37786406530444 -0.006288996467830061 0.022265932119587932 -0.0029543308186346586 -0.005421923719896759
0.0001413006277237385 -5.073118036455707 233.25088383389803 0.011988778320404606 0.017171155950725672 0.002783190115561629 -0.009644533999538164
0.00013517046126670332 28.014638100770128 234.99687763920056 -0.019217615073074346 -0.002731841074778292 -0.0014295507633395475 -0.003861883092107454
0.00012976847288190095 40.77089181133778 240.43328333567445 -0.031180356876025966 -0.02122846025873599 0.0049146475459773175 0.00705828609304009
7.77045584721137e-05 0.613824618885993 234.87241263807923 -0.0032031137181616244 0.0222879520481866 -0.0022134898978586146 -0.0027751795478701364
7.693073134124998e-05 -0.5320706651730235 234.002724089919 0.0066631393713641705 0.02197499321920349 0.0026927806202162894 -0.004667680788259268
0.00012112420300060786 -50.01462125305459 242.00456908274205 0.04340138414457356 -0.02834509287308191 -0.011769034705161675 0.01247472978384495
0.00013858927025321084 -2.440709989303417 232.73150432106337 0.009984573901423236 0.019872559962548806 0.003942036940316627 -0.008537597764446963
0.00013004768037287387 13.843518755934737 231.40883782976488 -0.013623161360997659 0.00937508967291123 -0.0024238277938065864 -0.006814145352924088
7.469712573052311e-05 0.3569391777630202 233.5688067989771 -0.0002393738766444771 0.022870275847792897 -0.0006453518038150235 -0.0026676167649964467
0.00011870493264493404 51.41088423798983 241.18950302175398 -0.045050421250971175 -0.027314416425318372 0.012144785706851548 0.011690845723403192
0.00012090614535369658 -46.89127821936941 240.7354212820388 0.03835763299068285 -0.024809797797701302 -0.008247167489738454 0.009225236548415233
0.00013308069951097334 -0.304896639856979 231.6980314293552 0.00568029606756098 0.02011226784521226 0.005096998616357615 -0.005439634948235245
9.474600554521071e-05 -48.994590625815064 232.70806618490124 0.035752165573570936 -0.012494128899439924 -0.0016654960161700543 0.0026100804171943996
0.00012819674777730236 -10.423400491960097 230.94833741919456 0.013719611686898052 0.013290020041740085 0.0019085888404098699 -0.008333587427174155
0.00013754996746985178 0.2331443366162103 231.73084207911793 0.0023761957029377495 0.02161466294214434 0.0030933043993088597 -0.002445322933939707
0.00012463520267014434 -19.057726009843037 230.67072375199083 0.015493112359756417 0.006015141030932278 0.002213802465398075 -0.005977820330630826
0.00012606583578069023 2.417267341494519 231.79979004131815 -0.00865295733442736 0.01979015029776234 -0.0045201668793428485 -0.00905293388792968
0.0001266743979000013 0.8660496383871098 231.8582138516958 -0.005995103373832188 0.020193386092530487 -0.005607489553065663 -0.006960443847013595
0.00012435439998685911 4.660602385716519 231.43123608314812 -0.010263979247575947 0.018532584934204527 -0.0036164198346117886 -0.010196183395711949
0.00012589476371392344 0.15096562757066828 231.24793950609532 -0.0034725190204313336 0.020337731673392975 -0.0052464458328370135 -0.004249862127075793
0.00012185607233599278 7.38732862847366 230.622879202647 -0.012734395309638666 0.01686544950179218 -0.0027152525128481225 -0.009643625279765235
0.00012182581372248285 25.877788722817503 231.05780881412636 -0.017404214783841934 0.0022793752231170935 -0.0025594183040143935 -0.004812302392391488
0.00011827291331780352 34.54433796083595 233.66773354181112 -0.023073548983208677 -0.0063085085106094185 -0.0004973604699531892 -0.0012450113549431667
9.686935314820704e-05 50.64531283463744 233.6493261590409 -0.037815160544595515 -0.014854864443449477 0.0031728292737568035 0.004402330149110892
0.00011871026135884144 10.752751650105933 229.85941353530754 -0.013518518755254344 0.013495220929973469 -0.001971780701945812 -0.007793169287056593
0.0001236125325325667 -0.04001641208764227 230.2590916388828 -0.0016066603616835724 0.020439987985955456 -0.004244372030006451 -0.0013096270421095032
0.00021599242064594004 33.41520166544534 219.8443681275207 -0.018155727318662225 0.005742901597336156 -0.005556307739770505 -0.007615167057697621
0.00012053476826323124 -26.37291670391592 231.21251513353184 0.01757744844329169 0.001219373388205906 0.0021736001908876264 -0.004861142920124674
0.00011820211633615641 -42.49420370520547 237.54359981033457 0.03148795418949754 -0.016195799321305573 -0.002676683159597449 0.003956398059256356
0.00011988880133087647 0.17980435601792366 229.05291737066423 0.00038175411776709327 0.021036481282259024 -0.0022888275633127573 0.0001466597936941887
0.00011370920135686395 50.99740715607276 238.86594120651282 -0.04291289626300191 -0.022887639514717385 0.00926415587293774 0.009084171772491087
0.00010691389888628734 56.643384986737324 237.52611121883683 -0.05009449074255921 -0.02261453882929174 0.01200333181498875 0.008946196105908603
0.0001263198708373407 45.979777856159316 229.70194570579065 -0.028017994123750955 -0.008637663360804628 -0.0030688988514762957 -0.00013847218702879642
0.00011176695903692315 39.09793686472067 234.39560251288577 -0.02674277350310158 -0.010594139862061406 -3.8945970682294886e-05 0.0008317830558010073
0.00016496534712179395 16.345955806027536 227.7917232092349 -0.014048478354303015 0.008103772415372133 -0.0018495264747405357 -0.004493506138657002
0.00014391465864234786 38.92755412329039 224.8459383949762 -0.019745473046220582 -0.0014352806736006782 -0.005884933556813817 -0.004820913645956965
0.00011518455313747717 0.37993818181097666 228.14528662743712 0.0006589486549148122 0.020442271871540713 0.0013234837313721816 0.00046550023701152107
0.00011655558699735292 -9.434280829475139 229.050130846103 0.013144830537800077 0.016646847932284995 0.0025206144655809614 -0.009223420365317639
0.00010991966340164276 23.220024558518944 228.17079381743443 -0.014974953602160392 0.004590811229891854 -0.0027565260377559755 -0.004520980736094748
0.00011346419311201731 -3.610656655629819 228.4218331325087 0.00921378118043624 0.020351033325303507 0.0037167572924987776 -0.008668016011995652
0.00011361345656108489 -37.228958721386526 234.11943088123226 0.024569036741903964 -0.008581817306270957 0.0008607404073281238 -0.001030809775177018
0.00010999347293492878 0.515997078792872 227.87702142298716 0.001476422519468619 0.01951982488452838 0.0031447202904556324 4.597658065713722e-06
0.00010969642506910477 -0.8509158213333492 228.39982476223145 0.005521160307689187 0.01873807458483599 0.0048193580334602885 -0.005501025152394753
0.00010692270806050426 48.14849929321364 235.81230808724197 -0.037513423399774565 -0.01707354969157613 0.004966822453995412 0.005113274270705635
9.919957003586302e-05 59.653569191357796 234.6400271474424 -0.051802305439975785 -0.018743460207364213 0.010204881486387408 0.007442098549385661
0.00013394494172428128 57.68567085409473 232.40835629637823 -0.045748330310195956 -0.015490226808069324 0.0047367113173436256 0.005928064477739289
0.00010418200359865246 0.39170831157399055 227.10290924610007 0.002207650521794173 0.017996194988924713 0.004881549725957836 -0.0011666424510199467
0.00010587426247447103 -8.009951442053431 226.77726876411003 0.012736382303223628 0.017938157841512238 0.002005260842945076 -0.008504440051799235
0.00010652097324370693 -14.40236094981927 226.81829057879125 0.014671059125893867 0.011084403361038934 0.00130616171526339 -0.005234784519938697
0.0001079934448187034 -31.687437248540974 230.49479082055842 0.019206080533955495 -0.0016548160634249154 0.003160876901517825 -0.003536085693596907
9.82211065202375e-05 28.24618167237088 227.3751489754795 -0.015796501387436487 0.0028710174809709623 -0.00436576526208428 -0.003950775119296707
0.00010278013581953155 1.4449879367641825 227.87272829687632 -0.006390426186953714 0.01835974365049681 -0.004924720930884425 -0.006895436953507415
0.00010108776883372256 6.3404855261415705 226.80500676715346 -0.011711763494872948 0.018662903976067634 -0.001614032301521669 -0.009286734338493573
9.99456194378081e-05 59.5737199095647 234.9082869508398 -0.052627726061312066 -0.018846211619265408 0.011304957705270678 0.007446796659514601
0.00014350801415291466 21.901013517385277 225.4490271571596 -0.013069584992928924 0.004838158551054195 -0.0039020315645996993 -0.0027993379911934574
0.0001055247006918568 -19.0842701093514 226.88929561793125 0.014760560101661775 0.006488048749641609 0.002273775038283533 -0.0037615129380799903
0.00010155853270036795 -0.5847819846922915 227.12242399927078 -0.0020671260646975545 0.017660489659990723 -0.005527790670352398 -0.0014954016527667288
9.960509106217412e-05 44.51494510425345 232.65900914431867 -0.030687433745070682 -0.00981914258745839 0.0005766615973899807 0.0008228278105064984
0.00018511879070476806 12.036486867445724 224.25449049661066 -0.013761505573227584 0.013642587614448547 -0.0012519905555917448 -0.005773894758576384
0.00011622143459082288 49.981486943716625 228.95138533934082 -0.03219512906118913 -0.01094798282771696 -0.002404226855991783 0.0022455686829827913
9.431384017917515e-05 32.20975619328795 227.883832038293 -0.01743339719575634 0.0004814439144092533 -0.00463881894590941 -0.0038869581127092324
9.677994058688814e-05 -0.2847541009200435 225.16223317049995 0.0002382146151607382 0.018707087787461236 -0.002063396738879693 0.0018220989080114643
0.00017682952102106568 17.6450510288445 223.63529374152222 -0.012181779846791583 0.007170639573168188 -0.0024755684859116955 -0.0018600147236717273
0.00010219825602543482 -27.2608098076787 227.3928452609741 0.01595501255906477 0.0030849188907674002 0.0038144529141661086 -0.004631905974384334
9.636541054218292e-05 -6.43663209214271 224.62467884701297 0.012486811631030806 0.02045857588324628 0.0008603459659613671 -0.009058641998706525
