data/processed/NGC4621-mock-dyn/model_gh_kins_atlas3d_fit.ecsv
# %ECSV 1.0
# ---
# datatype:
# - {name: flux, datatype: float64}
# - {name: v, datatype: float64}
# - {name: sigma, datatype: float64}
# - {name: h3, datatype: float64}
# - {name: h4, datatype: float64}
# - {name: h5, datatype: float64}
# - {name: h6, datatype: float64}
# meta: !!omap
# - {v_sigma_option: fit}
# - {kin_set: atlas3d}
# schema: astropy-2.0
flux v sigma h3 h4 h5 h6
[from data line 2524]
4.474087327020766e-05 -93.80942722528896 181.21032907028126 0.058383029026782926 -0.005581238574632418 -0.008368962042243378 -0.00051682720028462
4.034104225665193e-05 -80.61051352084768 177.7687631804631 0.054765005297219935 0.013510759905844692 -0.004072680361329221 -0.01417622532475394
6.149576323014275e-05 49.5232474689106 180.4370767040966 -0.033886425902841105 -0.016665938903648436 0.012486729045259866 -0.0010006728212390652
8.167709547264358e-05 79.41869667032049 179.4442830195022 -0.05469628540951857 0.010792362184317079 0.005144297053159245 -0.011816807905035262
4.6821418816060084e-05 96.73740381336984 182.1193162165262 -0.061051677939874455 -0.0036765302445923233 0.010801757588548537 -0.003051240376721643
3.699295076657522e-05 -68.01887373223255 182.13693841666444 0.049582761075963204 0.002545535085589622 -0.007816849434525031 -0.00788287844166921
8.366194166406e-05 83.80498647230837 178.93206060989317 -0.05487810380296837 0.011159185818756695 0.006221206195282882 -0.013565924591668787
0.00010440337813881025 67.66300388151355 182.13779839473028 -0.05208577282831943 -0.0009497396943203092 0.009056750505446277 -0.0033923680239083373
7.352937451075884e-05 -68.8111224870748 182.52552050550472 0.04847097221438452 0.0010722857461500966 -0.004941791560689755 -0.004634680583494131
9.982890231357293e-05 111.9123619914207 180.06500548387956 -0.08537806986283014 0.0014212289934891185 0.018864679898509994 -0.008782059455299486
7.680819443428291e-05 71.55492654994583 181.38853866452314 -0.04912646100186913 0.005710265222356251 0.005065069843188174 -0.006455536195515967
4.144834417885998e-05 -85.02795228846846 179.06198704180258 0.05862453646582939 0.009521614245957396 -0.007882612127371657 -0.013396870903647135
5.631343762570253e-05 40.184033189901015 180.7921134965546 -0.024469469857347066 -0.028245080339602813 0.007308400191224873 -0.0031296912951385017
9.814279324875799e-05 -112.20306832764493 178.84621385758882 0.08548342964544003 0.0009429874486420611 -0.01834722513955227 -0.008966319258624025
4.322422062261571e-05 85.73819618916907 180.2528851390606 -0.05548557542413648 0.007099024948719991 0.008219385937952121 -0.01156728846623225
0.000134591803186411 57.75301064889851 182.31628977930825 -0.04287324646502082 -0.0017940080922897292 0.01393775187913962 -0.005337990590826938
6.935705716610588e-05 -64.27217148966612 181.68949489550246 0.04962180430491066 -0.0012430861474027716 -0.012521624829550547 -0.002502660559562766
7.282609862269521e-05 65.1446730718768 182.76137568113344 -0.049524788290012854 0.0007954802842076061 0.011013714242813138 -0.004868326807301065
4.7183152149630946e-05 -103.91869824546228 179.9425848023774 0.06703893103317232 -0.003618310333816212 -0.01491471629252618 -0.002140692324941587
4.226861892667122e-05 -87.8758056318176 179.7079252444979 0.06004220637504566 0.00301446919306486 -0.00913712045716375 -0.009764555377526752
6.76607786975633e-05 -60.95536616258914 182.87471075696791 0.04230531412989514 -0.0036501674040054386 -0.008748029186027248 -0.002286537478800546
4.8773463526586236e-05 104.48549654249696 180.5986626523926 -0.07283336366935245 -0.0025613897868037227 0.01845005838652243 -0.0046094362821393646
4.5419464907075084e-05 -98.3673889117469 180.974171901711 0.06505224036515017 -0.0067575740976623215 -0.014192568363183455 0.00014790915558222066
4.411577581376008e-05 90.12072610895339 180.85275588464557 -0.058216506638121654 -0.000690443078266982 0.008504853582634654 -0.005072296040476326
6.187667756128338e-05 52.59590971052834 181.48503987281399 -0.03721236097799948 -0.013316459351762391 0.015072952777722139 -0.0007205815792001915
4.7081280406640905e-05 99.9934355030151 180.88747780576017 -0.0661200048262006 -0.005149507725248679 0.01612385273294343 -0.0006978331774244433
9.700929318810634e-05 -112.60550529104346 179.0079439334941 0.08935458721094056 0.000850530228795318 -0.01980450097813777 -0.00850650690632241
6.835828085451315e-05 64.84552759336798 182.2185388513522 -0.05015204202136058 -0.002693120072299451 0.011082465561352912 -0.0015899726668985763
9.763848110342757e-05 110.15165467035266 179.78178014762784 -0.08151568302521134 0.0007571309622458368 0.017366214683410836 -0.009517323223062705
4.319086557705925e-05 -91.89813747974797 181.0725316907411 0.06165009766230326 -0.0034272961755273837 -0.011074941636212577 -0.0049345438826445135
8.261175985594357e-05 -83.57200104399108 178.40716870406797 0.05481182734182065 0.008786235552031093 -0.002994981394023925 -0.011923458062502924
9.078731725401319e-05 -48.17853312595713 180.34159916588254 0.03234543334629544 -0.018338750575864933 -0.011301361054666002 -0.0011939284455026603
4.483096101108937e-05 93.60229411577313 181.67500561212603 -0.06025658312145515 -0.005589925197134931 0.009927060848237917 -0.00028528318315891593
3.754932449326032e-05 -75.10697068167221 178.39191941264198 0.05631383311978788 0.009151489798820108 -0.005857959575064323 -0.009507678748266812
9.595120666406568e-05 -111.39572318838947 178.57707045298528 0.08869488545924628 -0.00012067524945064301 -0.019892126469954894 -0.007574141937839342
9.722793759874395e-05 -60.14968002640883 180.79383168705098 0.048576392519103465 -0.0029077390884934993 -0.01458103371883491 -0.0021121876019683443
3.841303466661712e-05 -78.38802149244944 177.2868906488005 0.0544886805138481 0.010376316269596642 -0.004954878699985389 -0.01164623800187877
0.00013509171905300317 -35.77628071579624 180.75882693873078 0.015336135095909375 -0.027317334627555707 -0.0018944870665751215 -0.005680266060447783
3.639361142898135e-05 -70.57708645408724 180.10109505803499 0.05667037624031931 0.00508073092722655 -0.009318192362690063 -0.007486227828931021
7.791048605615091e-05 77.50893099323176 178.51301275165943 -0.05378895330407071 0.011155564292441734 0.002854943504368317 -0.0112701831809983
4.554946962784042e-05 -101.92225091251458 180.0723851004846 0.06717246107361073 -0.005266283015587279 -0.012340936316545677 -0.0007875031370075293
3.9679456886692776e-05 -82.28327047927674 177.5825167782807 0.05949225838099695 0.012376830390680936 -0.0067786962534376 -0.014636183465126459
4.69657426550227e-05 -105.99782302638522 178.98179453709602 0.07391268059783297 -0.0015270075830835115 -0.016177719108300324 -0.0065992747450188145
4.716492987966617e-05 103.79321831368478 180.3772816595982 -0.06940849102752936 -0.0028876126429337214 0.015658571559539564 -0.0033310931682959174
6.852671666416912e-05 -64.6700169991593 182.38064404449463 0.04891541316205072 -0.0015315649974996124 -0.009636251282853241 -0.0020601528703666325
6.875369642680957e-05 -66.20006034632975 180.53824108230413 0.05482781229848641 -3.8746606426007905e-05 -0.011595407280438832 -0.003030840698778514
4.367347231369841e-05 -95.9774615544083 180.49859691372748 0.0639802738209457 -0.003377861291571401 -0.009360008887409822 -0.0015692294206143315
9.495978237254375e-05 108.7377956396409 178.848934870278 -0.0800824722663387 -0.0007965449178155332 0.017187787641101366 -0.006570023510092159
9.123179061767953e-05 -52.20419494939472 181.75947764964974 0.03762859157204635 -0.01618845804498353 -0.014163659674033935 0.00045333527684484416
7.31464707559132e-05 69.68194598112412 180.6861402060188 -0.05239853378375016 0.0047888866099909675 0.007697217412690287 -0.0065089566232945754
4.04802630837111e-05 -86.20022442354654 177.60635156940356 0.06164445224666034 0.007876820651786912 -0.009424821555728534 -0.01352578284642285
4.5389702281982414e-05 98.89969439493125 181.75590498832332 -0.06600657262518737 -0.005894446837993714 0.012963627868394102 -0.0010046222409394177
8.592994020025043e-05 -43.722282297854996 179.63394983058186 0.027169393047302978 -0.025273671957419447 -0.007288409792252381 -0.002583629761273852
5.464334629593654e-05 41.62881950382974 180.6369077887288 -0.022944270805732275 -0.03067890769800285 0.005261132941477106 -0.0014113920872923583
8.364596028986036e-05 89.6431772990191 179.3967675139122 -0.0622104394152262 0.002095388533841917 0.010526476851146417 -0.009072105648513445
9.37446057683988e-05 -110.70605807834198 178.16317469408813 0.08729000970963276 0.0010635197276768675 -0.019156769297989047 -0.008609712043514926
4.153206707970397e-05 -90.28322649927249 178.90110682866725 0.0651229551463358 0.0009762560374546528 -0.009732280201843559 -0.007573097056441195
5.563727545679627e-05 43.717874321455106 179.64769522167444 -0.0256829233626554 -0.02945929044213225 0.005616997108640132 0.002111690989855179
4.325382798543137e-05 91.91994185600046 180.33639883223745 -0.06191720475818028 -0.003300739697536943 0.010915950603853404 -0.004023849083706779
4.555308905823643e-05 -103.22464819643746 179.443639080905 0.07053917259876216 -0.005312888659376832 -0.017282535987230254 -0.0018900550599270354
4.4007913405815685e-05 -99.59160293210807 179.4992064584342 0.06988713025318079 -0.00553413486785454 -0.014813551691158645 0.00028291526414177005
6.321053438315535e-05 60.08066585364471 181.6855300135553 -0.0476688604163554 -0.008402933588207461 0.014625274430042868 0.0003620490920313064
6.26094131600457e-05 -56.664559493525196 182.39897192052095 0.043794985526780454 -0.011019764274750788 -0.01587706279984964 -0.0008934676744437085
0.00018223693878710438 105.42134878099282 179.00603816013847 -0.0744566198272356 -0.0030098548248014027 0.016168216162031603 -0.004393733985680284
4.555321392258312e-05 102.31818811518716 179.3171540881509 -0.06883363633925194 -0.00428761814529987 0.01588421302940855 -0.0018578636877656285
0.00013272356750379226 61.7735313594584 180.7715347894107 -0.04972518856680193 -0.001148961934105974 0.012790758384511783 -0.002424676840611621
9.21620319732308e-05 -107.20750527521207 178.48530949138257 0.07873177898830798 -0.0010344032082226522 -0.016539797157227372 -0.00653483663942505
0.00020105274231056475 -68.98620622716852 180.76216686127955 0.05734219431970328 -0.0016849828446553578 -0.009636980276833932 -0.001275729689511502
3.692540953092043e-05 -76.71641704411427 177.18119362876143 0.05955383749505931 0.01207768323015907 -0.005261862209185279 -0.011700022847571122
4.213843521323877e-05 -94.2377307167458 179.1782071916166 0.06720284365313829 -0.0028046256994281316 -0.011030329969215553 -0.0022668697327086563
3.574511687099297e-05 -71.94427596935265 178.6470660713791 0.05425870542631489 0.005085560776400819 -0.005232905621527378 -0.007327338957534048
5.684905113659109e-05 48.664800223083105 179.44489092123925 -0.03362798296451076 -0.02438897660362287 0.011184952727924692 0.0027444679914121494
3.790345091850177e-05 -79.9442342953535 176.4950573339794 0.05889743770384019 0.014547763195327527 -0.0053806519874873724 -0.014856101868292764
8.617052480035794e-05 97.03393433883694 180.33016165358214 -0.06715148454967211 -0.00833419616354407 0.013631969353522186 0.001727931995737511
8.0116021362845e-05 -40.6628287809797 180.6450396600126 0.023162679727670665 -0.03069252256113552 -0.004587360088727356 -0.0016653093805080953
7.443894930149083e-05 75.8356282872423 178.0035095732609 -0.05815256230240386 0.010560252136049499 0.00572986341596876 -0.011627857368914588
6.775821855308624e-05 -67.6030960672727 180.00960310496762 0.055952548401270175 -0.0007793495938816171 -0.01133609861752933 -0.0011357054958252507
7.832907596177145e-05 82.8068236312751 177.35748887912524 -0.06111351811096031 0.011360503044614933 0.008184606637590769 -0.015983254430490174
3.880876415090946e-05 -84.44414944212599 176.4073621571946 0.061713100279389504 0.010289440005466045 -0.006979993665451431 -0.014135655357696437
8.031549473671323e-05 87.76967415378365 178.0372362046606 -0.06510480220150376 0.005595670720615629 0.00996154235465894 -0.011329138086254098
8.727533456113733e-05 -103.02610078076083 178.41652582467506 0.07366528029772726 -0.0038506531077559503 -0.017009872184644254 -0.0020754009213861083
9.560506532701365e-05 -61.81313804144398 181.5854448184004 0.04957885133893942 -0.00593499894844252 -0.01390195872796524 -0.0016273823720714714
9.013084914488182e-05 57.07890146740244 181.47288062840823 -0.04542736964001793 -0.012704677707951452 0.014313928608444857 0.00047480341497197224
6.987469243996652e-05 68.44188210395401 180.14794182531168 -0.054976412598403336 0.0034621293414035946 0.01030542645133568 -0.006563652527606464
3.986093342375988e-05 -89.22767693715245 178.50046874176886 0.06767217397392578 0.004776325725082794 -0.00928400092705868 -0.010996500391580193
4.24881852400587e-05 -97.5236209909215 179.56911218940937 0.06830572590321606 -0.008466245594285254 -0.01267507560215165 0.001841873497604727
5.735571968868889e-05 51.67149133623704 180.50252877981634 -0.03771613514615378 -0.02077067451300255 0.013229571255341688 0.0027097061657364815
0.00012575903328077202 63.647646798091664 180.57656137046385 -0.053668320787903415 -0.005080695258555155 0.012787433532333503 0.0004628927443191413
8.694846859258293e-05 100.758827002665 179.6678087798635 -0.07249175456410271 -0.004985664142824243 0.01606614700302611 -0.0008004123850918053
7.996207469411102e-05 -92.87160725955063 178.90304401836187 0.07227048073615934 -0.003673148264539494 -0.013459460292803151 -0.003693466205960546
8.43364754791373e-05 -47.777414728149296 179.45782051618554 0.03084446878341357 -0.02473179855992682 -0.00923052510638847 0.001968145178088269
5.443607611868049e-05 46.477971718860175 178.50446011416147 -0.02758865599440743 -0.027909932797224625 0.005978986315351143 0.003968802818505641
8.326960365549634e-05 94.95822071760688 179.1840533688557 -0.06877460549242712 -0.004596993853318974 0.01283011014530037 -0.003132034977126355
6.888656508358498e-05 -73.76772294034372 176.88712297382037 0.06332491956196538 0.009023434656813522 -0.007621237421042186 -0.008834946398729459
8.410302413661165e-05 -101.09755825400165 178.71620506713322 0.07548541471558809 -0.007768699678664886 -0.01832719439304641 0.0007128158183688592
7.168126400537066e-05 -78.38859482871075 176.05380535737265 0.06313929792197549 0.012455733687210844 -0.005344127664758919 -0.013385083572845577
8.691664531141663e-05 -104.28950977799794 177.94983875064932 0.0775539516561744 -0.00333130107300057 -0.017351033983409994 -0.004293944298431763
6.676287141745974e-05 -69.64990917867873 177.99500980865113 0.059417003276368285 0.0038060740348302416 -0.008713015834845432 -0.005390540791285586
0.00015153232724105282 -63.5983474469415 180.6349697522199 0.05661589909371117 -0.006578027647817122 -0.013422438403979635 0.0009701396627177426
7.357384079256317e-05 -82.48389107650786 176.2630907781802 0.06496044884199852 0.0099663609272205 -0.005693146016750137 -0.014300751799631545
0.00012828793781196216 102.54988504983017 178.3590574954262 -0.07443260393056168 -0.004535520136701831 0.016740995136717465 -0.0011247198244443539
7.497265750110632e-05 80.97072757410731 176.56875231408065 -0.06156672242056968 0.012758384650847483 0.005343375635724417 -0.013795833344485772
8.11722932896696e-05 -96.99310580585646 179.17472341931332 0.073432531094865 -0.010133568861662515 -0.014114444436627684 0.0031358882564273384
0.00012494861136017534 41.252557786361095 179.9091855052586 -0.0158382957832033 -0.037693677957278314 -0.002160841370300327 0.00424198276302215
7.113985744151652e-05 73.79476830383447 177.32745638778061 -0.060692182143192254 0.008918015118787813 0.008083461043674979 -0.010188969540418745
8.905507907953703e-05 -107.4642279436694 177.5528525921126 0.08387655771450363 -0.0021388046115624402 -0.017679994885011433 -0.006855131067017204
7.551792457555638e-05 -87.39641375816868 176.77104431334624 0.06864612792402892 0.00646765252546207 -0.006722608302387817 -0.012048246350016077
0.00010498822524662244 -43.526526358011566 179.1609135473317 0.02444595690251912 -0.03355962045617724 -0.0030617905716878407 0.004100048987402645
0.00015392927831522465 -64.32334277948574 179.43752513154112 0.058678686654435985 -0.005730495311159604 -0.012412833783165317 0.0020001937560853627
