data/processed/NGC4621-mock-dyn/model_gh_kins_oasis_fit.ecsv
# %ECSV 1.0
# ---
# datatype:
# - {name: flux, datatype: float64}
# - {name: v, datatype: float64}
# - {name: sigma, datatype: float64}
# - {name: h3, datatype: float64}
# - {name: h4, datatype: float64}
# - {name: h5, datatype: float64}
# - {name: h6, datatype: float64}
# meta: !!omap
# - {v_sigma_option: fit}
# - {kin_set: oasis}
# schema: astropy-2.0
flux v sigma h3 h4 h5 h6
[from data line 546]
0.00011328284985377174 69.47068473323574 229.42576158256898 -0.06214414143182945 -0.018268971380191165 0.010683828791075253 0.012713265687275684
9.672830999107715e-05 -0.223436005348956 209.45012200323688 -0.002185613295861898 0.019430745529928534 -0.0020810336170749987 0.0072427631025326475
0.0001209442315436221 -8.904116250335814 212.86481806240147 0.0137361371852794 0.011246066232298705 0.004479280572035742 0.006270348048867106
0.00015852788409590374 -10.86237097189826 210.17512771412814 0.02017904056091636 0.023661326110228264 0.003421803615523712 -0.00020749806608583407
0.0002423762201503388 -61.823738033345165 228.1477188066121 0.04573431997333241 -0.016231830801933245 -0.001499837640475736 0.008494064252291579
0.00017888012356209753 -70.65310639132596 228.50381079165274 0.06083159054500775 -0.01828507426570573 -0.008430008201309704 0.013015341877876549
0.0001489664020602289 -47.63694245346039 223.98492644678612 0.026981458280099225 -0.006963371331241172 0.005710912715139978 -0.00013889604325919232
0.0001308373968975693 -8.152452209811202 210.23779012598965 0.010236540063543057 0.013025463405057352 0.00588725202021739 0.008221797589166708
0.00010194743597359637 13.915744958629073 209.58566869859146 -0.02453275715378654 0.025983046501729685 0.004086622614407785 -0.0020900962254038246
0.00011497493407237082 5.751703361936881 213.7368041153371 -0.012127980899694692 0.007771938634918289 -0.004914240450515702 0.00630107091705886
0.00010403412753499534 52.031400961897205 227.9744366169873 -0.03385260075252787 -0.013146321694817198 -0.0021369472920585646 0.003968957296076476
0.00013447293658471374 26.169757808431676 212.2383247850989 -0.015502320813149551 0.02049770953441941 -0.007744825315217766 -0.007555597968261086
0.0001094395934855811 -5.76317193896945 206.96740076889583 0.0038321665539789744 0.021880540598631266 0.004119109650295183 0.007268101643594266
0.00011723096344326707 10.394047686255064 210.1035871471046 -0.02082482062219615 0.024003558340369418 0.00042619136209672644 -0.002857745531265869
0.00016540152394315448 -10.863064626727247 211.61953966446842 0.017056960993292042 0.012260399121181837 0.006796489795722009 0.0072542159047203035
0.00012026540031223968 18.38650107723365 207.58381164273317 -0.024781702039438695 0.026787508457402086 -0.00042563544323889405 -0.0003015048105947294
9.023375655374271e-05 38.429791232100065 221.5055464232822 -0.020278993822542918 0.0016485996633795288 -0.006449690964792478 -0.007044129927448916
0.00014050150707285898 72.63059164288661 228.46054864912665 -0.06391423702032122 -0.01851502535076941 0.009421500451291483 0.013463270024206588
0.00011258151484688684 31.09744995384015 217.015188722593 -0.014846496368656125 0.01164156519071029 -0.007759180909748089 -0.009941792308748783
0.00010678290493947045 -2.5323896756560695 206.80473768660423 -0.0015854431131066013 0.022300007860719916 2.2504783541495744e-05 0.00741652985742688
0.00012464632261867712 45.01662150518834 224.295816731864 -0.024838189707968604 -0.00578257714693016 -0.006049970774821198 -0.001074066732696919
0.00019267314421888144 65.33186676802511 227.03771779162105 -0.04763610004811518 -0.017869445570354508 0.0011001082936276671 0.010331090673045166
0.00013751470105010657 63.8572121588101 228.7804759069122 -0.05108359194728405 -0.019445521352064527 0.005494835777792333 0.01108231636853795
8.681516934835212e-05 1.9338767012188545 210.8002891630169 -0.006719610187407758 0.012969978842242824 -0.00362632282042345 0.008257493431940885
8.704391917784393e-05 9.61204125131209 211.18627010351332 -0.019586591329328912 0.020296027074365907 -0.004548733030012104 -0.0007173631861296861
0.00010252725784961467 70.9633217004616 228.77960368845973 -0.061349561241462985 -0.020200967227924804 0.009138685973270479 0.013803098651567865
0.0001429305816482813 22.329698825567267 207.92263734289207 -0.020543701377733044 0.025449783317966365 -0.005168730636847066 -0.0016002716135981017
0.00010295260459437414 -69.47718603596053 228.7585646851499 0.05954668931001491 -0.019826111663407118 -0.00890317150603707 0.012998256070381324
0.0001912585091380601 15.079858349722953 206.93995676552902 -0.022735606191535872 0.03025377012935869 -0.0030243375941948454 -0.001295773119223966
0.000123844733633157 56.2228487217242 226.4232156168642 -0.0365212611930172 -0.015006868457334833 -0.0023544738423841964 0.006747057059925745
0.00010756170664689773 36.35669284157217 218.2545838192537 -0.020443006021001332 0.005653362769069959 -0.005455454931386205 -0.008755541796619104
0.00012300713683588817 8.599650703246889 212.75976984374051 -0.015952582624008407 0.011519920563231933 -0.006582909964509203 0.003871253822862814
0.00015754987595819334 5.125372361164657 211.58648818061536 -0.013065034585845094 0.007505053424292573 -0.003925102999372572 0.009206876854945844
0.00012246736436774563 28.734449602422494 211.98602998397828 -0.015263267534223428 0.017453313963930236 -0.008444108927048022 -0.009283877552738792
0.00015289584041817378 25.304011567933664 207.66854161908677 -0.018609693490850576 0.02171668892098467 -0.006593228393268181 -0.003311495801424587
0.00015446404398624403 12.504027824812772 209.00350485754544 -0.01982084061932724 0.024937146279842753 -0.0076473761050211185 -0.0009740863537299425
0.00018087280184515245 19.200631515016635 205.71006511213002 -0.020675225187288593 0.026382707884848765 -0.006097712955092955 0.0005768148428077768
0.00011089063712681103 47.046598889717885 222.32737410673138 -0.027244005848880884 -0.005971304094540893 -0.005866601629398175 -0.0005933684915181716
0.00011497319829608796 -7.4740765816508965 207.02747517881414 0.008720429342789125 0.017346212177517206 0.00562205027609677 0.008364815243633276
0.00018302573776934384 -10.177313844204498 209.40735774246193 0.016283380160400887 0.01036002591951441 0.005858903446274664 0.010756178680727355
9.62672869937231e-05 -5.090939196585713 205.3123975423282 -0.0003851381161640009 0.02289744055874087 0.0036671879843573527 0.007430943181098778
0.00012983296898329304 -1.1446791912320602 207.2617872345951 -0.010522122542227614 0.01673759856616038 0.0009316685366389844 0.008467652546958441
0.00012732459097557908 74.93292590186675 227.99666710924342 -0.06378745893921771 -0.019770408100509104 0.008988177483209776 0.013651845606051866
0.00012117434173649708 67.18963908777195 227.44407172066295 -0.051069223470849065 -0.020265338245007855 0.0033613627046844346 0.01199343268452597
0.0001619282247226312 32.9985752848511 213.48436323247017 -0.018894560841271904 0.01153499715504247 -0.006543495199833076 -0.009197724820816251
0.00010224129895057965 42.29022590741555 218.95509991791224 -0.026925075377701356 0.001277125444737018 -0.003991923289016446 -0.005606219889830313
0.00023612165428364273 77.44311173018392 227.0217888537609 -0.06245518829818557 -0.018360711587437566 0.005754351261924256 0.011137905089246383
0.0001362697238114163 56.775530782750174 223.67714178355237 -0.03545710197881775 -0.011221271495156154 -0.004820194577332193 0.004985699838282034
0.00017562485519705993 10.048231326256138 210.48488470140916 -0.015889477247792022 0.010723281580499748 -0.006578636089328817 0.00609071150174644
0.00010992237411903876 69.07741714262801 225.82347150078516 -0.050223928036592945 -0.017491580547342272 0.0015107477529714773 0.009697496341733615
0.00015486337741759385 -59.38340011701673 227.0032196380544 0.040584546868326986 -0.017035002489062635 0.0002831086784339441 0.008466555712217215
0.00020089883530074386 40.183144046693165 216.11320498658733 -0.025828115663020026 0.0030858844891633384 -0.004784448097248368 -0.00640071483923434
0.00017046107520675026 76.85064762899881 227.0262008259309 -0.061847619994422454 -0.019318080874162688 0.006986063083911291 0.01123603800065309
9.708246349075057e-05 48.1337628867711 219.31371651019464 -0.029855753803545746 -0.002068065399642584 -0.006079594215785257 -0.0015497916479184789
0.0001811408606384207 3.7901405730545883 208.29450845593496 -0.014432105734983991 0.008880364814118764 -0.00041452511185405847 0.009454020858708072
0.0001358384322166628 -6.839103452686839 205.20640475017154 -0.0005199709613854999 0.022883393595567153 0.006282777815766102 0.006296130997567177
0.00018921759233480676 -7.938494900473421 204.12048541588118 0.010165382772572567 0.018404685777258366 0.004900367813308299 0.006832523452310191
0.0001445379800322591 -4.248568372827739 205.22139495728015 -0.011127532941852482 0.017779334789048258 0.006640201082169875 0.007061347527726383
0.00013388965268004837 -73.87415532914034 227.7228699919182 0.0638994769604849 -0.019375290685769996 -0.009140964726050268 0.013781856675242215
0.00015258166983299283 -68.93297389167623 227.69981663389638 0.05353544354841655 -0.020372881263009894 -0.004904809556134974 0.012401298963877122
0.0001873415651333125 -75.02947489235278 227.6233027003545 0.061958988280160845 -0.019239253606483667 -0.007154659965538814 0.013008756242393676
0.00013502855176440425 -52.00796690676901 222.8335815769052 0.03203741511522352 -0.00771331818398712 0.005035422658121575 0.001629872391214939
9.698304111573152e-05 57.180807666599165 221.1469556423895 -0.03561847817609609 -0.007013488878380974 -0.00708878683334213 0.002574582311113095
0.00013071516059804213 48.47182595716496 217.29619305378586 -0.030666756762028558 -0.0003379250193585292 -0.008046239574507905 -0.0028029744025867866
0.0001483696211757545 66.76103828117975 223.52593252582292 -0.04654418398309506 -0.013597655705668914 -0.0015696408237038575 0.006018581334389063
0.00021392121846529235 -8.299191743185963 203.0672813288463 -0.0057109338142391506 0.019395573205798253 0.01082497458692616 0.005713920149162928
0.00024210259736410093 74.51571465605412 224.43619415971216 -0.05615687651910351 -0.013750197596448327 0.0022035985866241683 0.004293787199351804
0.00022682403021437244 8.471162570615498 205.35320372243507 -0.012682855338291756 0.015309628012071632 -0.005169439765386452 0.008862116671282618
0.0001794051608752992 7.6609933603494085 204.41578950203348 -0.001117606637033593 0.022628971758959796 -0.006786299545261727 0.005128839017021523
0.00015678284850791386 -62.34323098043026 223.92950530064823 0.04138237131469338 -0.013374345498132203 0.0029939702831866103 0.006688834569174256
0.0002501047769152385 -74.7777343932957 226.58790473797285 0.05847364163580352 -0.018863106109400868 -0.004983547534327772 0.010562012101992875
0.00013186628521665272 57.55297204072804 219.12482347384375 -0.03652855259085096 -0.0020251409049287 -0.009054304892716364 -0.002093786960916316
