data/processed/NGC4564-h6/gauss_hermite_kins_s.ecsv
# %ECSV 1.0
# ---
# datatype:
# - {name: vbin_id, datatype: int64}
# - {name: v, datatype: float32}
# - {name: dv, datatype: float32}
# - {name: sigma, datatype: float32}
# - {name: dsigma, datatype: float32}
# - {name: h3, datatype: float32}
# - {name: dh3, datatype: float32}
# - {name: h4, datatype: float32}
# - {name: dh4, datatype: float32}
# - {name: h5, datatype: float32}
# - {name: dh5, datatype: float32}
# - {name: h6, datatype: float32}
# - {name: dh6, datatype: float32}
# - {name: is_good, datatype: int64}
# - {name: n_gh, datatype: int64}
# meta: !!omap
# - PSF:
#     sigma: [0.9742837712172444, 4.520288137872436]
#     weight: [0.9230141364684558, 0.07698586353154424]
# schema: astropy-2.0
vbin_id v dv sigma dsigma h3 dh3 h4 dh4 h5 dh5 h6 dh6 is_good n_gh
[from data line 511]
512 -125.2116 7.5105 99.72816 11.6353 0.0162 0.07656762 -0.0098 0.08429223 0.0 0.1 0.0 0.1 1 6
513 -94.7323 13.7331 109.31151 15.392 0.0839 0.12208187 -0.0185 0.10914084 0.0 0.1 0.0 0.1 1 6
514 -126.3919 5.1574 109.00953 6.2698 0.1185 0.037896797 -0.0484 0.037367776 0.0 0.1 0.0 0.1 1 6
515 -119.7161 7.3467 96.21675 8.8508 0.0334 0.06227895 0.0251 0.059269957 0.0 0.1 0.0 0.1 1 6
516 -91.5883 8.7263 99.74915 6.9408 0.0891 0.08281147 0.0129 0.0608826 0.0 0.1 0.0 0.1 1 6
517 139.7398 4.3463 109.92428 7.6598 -0.15 0.038096424 0.0203 0.029563423 0.0 0.1 0.0 0.1 1 6
518 135.538 8.4064 109.716805 11.0605 -0.0553 0.07033266 -0.0247 0.06708359 0.0 0.1 0.0 0.1 1 6
519 54.5508 6.8092 104.7334 11.3153 -0.0342 0.06756969 -0.0573 0.05344042 0.0 0.1 0.0 0.1 1 6
520 -59.0559 4.7481 113.255936 8.0875 0.0931 0.051902868 -0.0244 0.058431286 0.0 0.1 0.0 0.1 1 6
521 131.9614 6.0208 128.00371 5.8268 -0.0571 0.0459802 -0.1083 0.035201907 0.0 0.1 0.0 0.1 1 6
522 -122.9764 6.3491 110.54011 9.4391 0.0818 0.059291244 -0.0641 0.06366005 0.0 0.1 0.0 0.1 1 6
523 -47.2712 12.6084 119.47025 17.6626 0.0039 0.1001495 -0.0595 0.109226964 0.0 0.1 0.0 0.1 1 6
524 20.911 9.0716 94.630196 8.7144 -0.0329 0.08460656 0.0366 0.040194437 0.0 0.1 0.0 0.1 1 6
525 62.9664 9.7538 91.48355 11.8711 0.0096 0.09123895 -0.0164 0.07865098 0.0 0.1 0.0 0.1 1 6
526 148.2467 6.6252 100.45958 6.1066 -0.1113 0.05498641 0.0444 0.025376452 0.0 0.1 0.0 0.1 1 6
527 -131.6656 6.4958 101.24583 6.5984 0.0744 0.06571565 0.0259 0.030390387 0.0 0.1 0.0 0.1 1 6
528 55.5598 9.0035 119.61075 12.6971 -0.018 0.05828487 0.0282 0.09187531 0.0 0.1 0.0 0.1 1 6
529 91.4736 9.6214 107.31924 9.0502 0.0674 0.07595873 0.0058 0.06248231 0.0 0.1 0.0 0.1 1 6
530 65.9515 5.9039 103.9396 5.6898 0.1125 0.049696963 0.0383 0.036700673 0.0 0.1 0.0 0.1 1 6
531 -89.9837 6.8766 119.67101 12.0418 0.0674 0.058127902 -0.0017 0.06425547 0.0 0.1 0.0 0.1 1 6
532 -100.964 9.6181 115.87043 11.2033 0.0498 0.067228235 -0.051 0.06411544 0.0 0.1 0.0 0.1 1 6
533 105.6888 8.8745 106.699104 7.4795 0.0894 0.07211221 0.0431 0.052389793 0.0 0.1 0.0 0.1 1 6
534 139.5876 4.9367 117.04255 9.2157 -0.1055 0.034779955 0.017 0.045991898 0.0 0.1 0.0 0.1 1 6
535 -20.172 8.5278 136.44896 9.3871 0.064 0.06721987 -0.1091 0.06500301 0.0 0.1 0.0 0.1 1 6
536 46.6465 9.5473 112.55548 7.881 0.0205 0.08523524 0.0825 0.057444766 0.0 0.1 0.0 0.1 1 6
537 -138.4494 7.0823 115.79 7.3375 0.1053 0.05175362 0.0143 0.03265621 0.0 0.1 0.0 0.1 1 6
538 84.6435 8.1627 114.62282 12.4311 -0.0818 0.06144519 -0.0618 0.08264522 0.0 0.1 0.0 0.1 1 6
539 -145.436 5.6903 101.56891 5.8859 0.1492 0.04448012 -0.0635 0.032853797 0.0 0.1 0.0 0.1 1 6
540 -125.9682 8.428 97.27808 13.8434 0.0094 0.089157924 0.0021 0.07961529 0.0 0.1 0.0 0.1 1 6
541 -108.0857 3.939 129.58606 5.5674 0.2102 0.026839642 -0.0396 0.026137346 0.0 0.1 0.0 0.1 1 6
542 -30.8476 6.4799 111.66235 13.4898 -0.0448 0.059858374 -0.0104 0.086358376 0.0 0.1 0.0 0.1 1 6
543 124.4295 6.6591 105.546104 8.2075 -0.0096 0.070187226 0.0271 0.042372525 0.0 0.1 0.0 0.1 1 6
544 11.3191 10.4415 83.75304 11.943 -0.0125 0.10354195 0.0534 0.03824416 0.0 0.1 0.0 0.1 1 6
545 125.8362 6.6071 109.16829 10.6147 -0.032 0.060396828 -0.0352 0.056701858 0.0 0.1 0.0 0.1 1 6
546 -138.2315 7.6569 103.71028 7.7377 0.144 0.0663272 -0.0486 0.05625959 0.0 0.1 0.0 0.1 1 6
547 137.8849 5.4213 101.36889 7.0761 -0.0679 0.04622434 0.0339 0.03727792 0.0 0.1 0.0 0.1 1 6
548 -67.7544 5.967 126.3068 6.5641 0.055 0.041692052 0.0792 0.028930223 0.0 0.1 0.0 0.1 1 6
549 -76.2342 8.7761 117.73838 14.3601 0.0865 0.07676061 0.0022 0.08543064 0.0 0.1 0.0 0.1 1 6
550 136.9944 6.0314 93.112 6.1894 -0.1018 0.05278904 0.0352 0.028901374 0.0 0.1 0.0 0.1 1 6
551 -70.2043 10.9391 94.62043 12.842 -0.025 0.09526882 -0.0444 0.078299224 0.0 0.1 0.0 0.1 1 6
552 -124.3627 8.8061 97.314835 5.6327 -0.0456 0.072356425 0.0561 0.035515644 0.0 0.1 0.0 0.1 1 6
553 -130.8314 8.2417 91.85274 7.1981 0.1348 0.08050178 -0.0389 0.05499331 0.0 0.1 0.0 0.1 1 6
554 -116.9922 5.872 97.65966 5.8722 0.0485 0.05614282 0.0656 0.030438727 0.0 0.1 0.0 0.1 1 6
555 -88.4363 6.6563 114.891525 9.9013 0.0676 0.056695282 -0.0549 0.04794079 0.0 0.1 0.0 0.1 1 6
556 -133.5097 8.6884 98.92963 7.7786 0.0031 0.07591501 0.0599 0.03740184 0.0 0.1 0.0 0.1 1 6
557 -138.5655 6.4832 97.172874 5.2866 0.0932 0.050720386 0.0382 0.024575947 0.0 0.1 0.0 0.1 1 6
558 101.1601 5.2895 109.35098 8.7258 -0.0737 0.053475916 -0.042 0.04959579 0.0 0.1 0.0 0.1 1 6
559 113.0035 5.5546 126.209885 8.2173 -0.0855 0.04538657 -0.0639 0.05122599 0.0 0.1 0.0 0.1 1 6
560 -129.8139 5.3602 95.207275 9.9034 0.0296 0.057753228 -0.044 0.066990815 0.0 0.1 0.0 0.1 1 6
561 -106.1177 8.4441 105.29315 6.5419 0.1196 0.07437439 0.0085 0.037662294 0.0 0.1 0.0 0.1 1 6
562 126.9481 8.2683 105.71336 11.9494 -0.1026 0.069248565 -0.0009 0.06411693 0.0 0.1 0.0 0.1 1 6
563 100.9024 8.4036 88.7273 4.8043 0.0751 0.07452953 0.0423 0.029123113 0.0 0.1 0.0 0.1 1 6
564 112.6616 7.0231 104.2694 8.1135 0.0575 0.06148049 0.0375 0.053375855 0.0 0.1 0.0 0.1 1 6
565 21.4655 10.1731 110.307846 7.3303 -0.0511 0.080360904 0.0564 0.041612506 0.0 0.1 0.0 0.1 1 6
566 86.9508 10.5853 94.656654 6.4493 -0.005 0.098706566 0.0581 0.0287928 0.0 0.1 0.0 0.1 1 6
567 28.4576 5.7044 140.6226 7.7939 0.1085 0.042512305 0.1019 0.026170455 0.0 0.1 0.0 0.1 1 6
568 -19.7776 10.254 127.74216 16.0687 0.0828 0.067189164 -0.0107 0.07189426 0.0 0.1 0.0 0.1 1 6
569 1.6486 5.8649 109.82821 8.5174 -0.0297 0.061084803 0.0865 0.020500917 0.0 0.1 0.0 0.1 1 6
570 -121.4678 6.2796 105.08967 5.2482 0.0567 0.05011156 0.0711 0.025957674 0.0 0.1 0.0 0.1 1 6
571 -142.0021 5.7219 120.90844 6.5888 0.1116 0.04530567 0.046 0.037245326 0.0 0.1 0.0 0.1 1 6
572 -25.7657 7.7453 82.98496 10.4068 0.0107 0.099473044 0.0379 0.0440553 0.0 0.1 0.0 0.1 1 6
573 -127.742 5.9899 79.35165 6.4097 0.1191 0.06418638 0.0079 0.039714474 0.0 0.1 0.0 0.1 1 6
574 -116.2835 7.7141 100.183754 6.1626 0.1088 0.06481822 -0.0092 0.045420095 0.0 0.1 0.0 0.1 1 6
575 47.2354 10.901 136.63083 14.708 0.0597 0.086892836 -0.0599 0.08471725 0.0 0.1 0.0 0.1 1 6
576 -123.1304 8.2694 105.78435 6.8685 0.0302 0.0601465 0.0102 0.04960053 0.0 0.1 0.0 0.1 1 6
577 113.8353 4.4235 103.78587 4.4014 -0.0817 0.049209785 0.0652 0.024485623 0.0 0.1 0.0 0.1 1 6
578 130.4441 7.2963 99.59375 9.2589 -0.0429 0.07083055 0.0082 0.062333465 0.0 0.1 0.0 0.1 1 6
579 91.7309 9.6565 94.24117 7.3179 -0.0067 0.0746303 0.0461 0.038682956 0.0 0.1 0.0 0.1 1 6
580 33.6869 10.102 116.26671 13.4056 0.0489 0.0744659 0.0734 0.051536955 0.0 0.1 0.0 0.1 1 6
581 133.2132 8.2654 105.04934 9.3501 -0.0404 0.063441575 0.0198 0.051272202 0.0 0.1 0.0 0.1 1 6
582 67.5511 6.2398 125.88848 9.8885 0.1077 0.05945934 -0.0547 0.06475609 0.0 0.1 0.0 0.1 1 6
583 -64.5024 9.4044 73.25892 10.2929 -0.0179 0.10749903 0.0076 0.059947725 0.0 0.1 0.0 0.1 1 6
584 108.7228 6.4395 98.1121 7.2913 -0.0937 0.05454712 -0.004 0.03989848 0.0 0.1 0.0 0.1 1 6
585 119.0182 10.2669 103.64508 12.0816 0.0333 0.098648496 -0.007 0.09325057 0.0 0.1 0.0 0.1 1 6
586 135.6446 5.159 118.2701 7.0974 -0.106 0.049288467 -0.0423 0.050600342 0.0 0.1 0.0 0.1 1 6
587 101.9251 6.7502 107.6103 5.9885 -0.1611 0.050275818 0.0146 0.041554514 0.0 0.1 0.0 0.1 1 6
588 -136.0346 7.6642 104.191284 5.064 -0.0528 0.062296003 0.0728 0.025625391 0.0 0.1 0.0 0.1 1 6
589 120.5826 10.4531 110.6723 11.4616 0.0244 0.09033596 0.0505 0.07643363 0.0 0.1 0.0 0.1 1 6
590 -143.7452 6.0687 96.90964 7.2485 0.1158 0.06483456 0.013 0.06358426 0.0 0.1 0.0 0.1 1 6
591 -95.2447 7.8064 117.732086 11.1911 0.0115 0.05350272 -0.0274 0.0680439 0.0 0.1 0.0 0.1 1 6
592 -126.9181 6.9331 104.87715 5.527 0.0887 0.066552505 0.0064 0.04561508 0.0 0.1 0.0 0.1 1 6
593 -130.6202 11.5775 111.8693 11.4937 0.1073 0.09524049 -0.048 0.07657893 0.0 0.1 0.0 0.1 1 6
594 -64.6487 8.3405 104.86286 8.1561 0.0473 0.067181125 0.0496 0.038882546 0.0 0.1 0.0 0.1 1 6
595 -111.2947 6.1042 97.38813 5.9244 0.0821 0.045663606 0.065 0.028380863 0.0 0.1 0.0 0.1 1 6
596 -142.357 5.059 99.18247 5.6882 0.095 0.045255188 0.0748 0.025296738 0.0 0.1 0.0 0.1 1 6
597 135.6852 5.9047 107.19638 12.184 -0.0831 0.053757485 -0.0306 0.08546814 0.0 0.1 0.0 0.1 1 6
598 107.4266 6.1438 123.61114 10.0998 -0.0741 0.049766656 -0.1029 0.046311747 0.0 0.1 0.0 0.1 1 6
599 -59.9679 8.935 82.864525 18.6364 0.0274 0.085844524 -0.0256 0.09219525 0.0 0.1 0.0 0.1 1 6
600 108.3162 9.731 88.19443 11.9315 -0.072 0.09704625 -0.0199 0.06568297 0.0 0.1 0.0 0.1 1 6
601 131.8694 5.684 104.08871 5.1566 -0.1214 0.044837233 0.03 0.03391032 0.0 0.1 0.0 0.1 1 6
602 51.7153 6.5096 105.106674 7.0591 0.0236 0.051077507 0.0892 0.018067965 0.0 0.1 0.0 0.1 1 6
603 -131.7581 8.2843 89.02456 7.119 0.0543 0.07991659 0.0278 0.049216907 0.0 0.1 0.0 0.1 1 6
604 128.1513 6.7593 104.82171 12.2984 -0.0058 0.054187804 -0.0707 0.07657398 0.0 0.1 0.0 0.1 1 6
605 129.6795 8.9272 96.737755 7.46 -0.0202 0.08580617 0.0667 0.023075694 0.0 0.1 0.0 0.1 1 6
606 -124.0691 10.6986 84.8694 6.5488 0.021 0.11260876 0.0202 0.052538328 0.0 0.1 0.0 0.1 1 6
607 34.8027 8.136 132.96864 12.2453 0.0127 0.053530872 0.1107 0.023566278 0.0 0.1 0.0 0.1 1 6
608 77.6545 11.6564 96.10587 15.1963 0.0961 0.09425011 -0.0512 0.106735475 0.0 0.1 0.0 0.1 1 6
609 -6.59 9.1841 113.12469 17.1196 -0.0338 0.074772224 0.0648 0.04388147 0.0 0.1 0.0 0.1 1 6
610 -142.4443 7.5148 98.0532 8.296 0.0668 0.06723653 0.05 0.03912582 0.0 0.1 0.0 0.1 1 6
611 138.6593 5.297 109.93489 4.2386 -0.153 0.042843007 0.0261 0.033233084 0.0 0.1 0.0 0.1 1 6
612 -117.2414 5.0742 100.16065 8.8276 0.0537 0.04769449 0.0361 0.06174447 0.0 0.1 0.0 0.1 1 6
613 -140.9043 9.482 105.531715 11.1749 -0.0322 0.061115317 0.0132 0.08676972 0.0 0.1 0.0 0.1 1 6
614 -69.1679 8.8301 102.926765 11.34 -0.1226 0.0742592 -0.0477 0.07025962 0.0 0.1 0.0 0.1 1 6
615 -142.1845 8.5985 96.08402 6.5523 0.0886 0.0717481 0.0249 0.037045386 0.0 0.1 0.0 0.1 1 6
616 -42.3192 10.1881 100.695 10.4105 0.0582 0.09707843 0.0333 0.054723967 0.0 0.1 0.0 0.1 1 6
617 136.0467 7.0422 99.99989 5.9754 -0.0476 0.06401567 0.0647 0.022454971 0.0 0.1 0.0 0.1 1 6
618 -114.3256 9.3467 100.89775 7.685 0.0477 0.07112552 -0.0282 0.062287778 0.0 0.1 0.0 0.1 1 6
619 -133.912 7.2993 92.90998 8.7137 0.0698 0.064619474 0.0139 0.05804546 0.0 0.1 0.0 0.1 1 6
620 -109.7444 9.0505 122.29864 10.3268 0.0801 0.055432864 0.0492 0.052549805 0.0 0.1 0.0 0.1 1 6
621 92.6809 7.2267 103.95735 5.9764 -0.0531 0.054456227 0.0691 0.03372425 0.0 0.1 0.0 0.1 1 6
622 141.4102 6.2799 106.10145 5.766 -0.1818 0.043759853 -0.0406 0.039569356 0.0 0.1 0.0 0.1 1 6
623 82.7329 8.1798 96.736916 4.2296 -0.0182 0.076068096 0.0553 0.02700926 0.0 0.1 0.0 0.1 1 6
624 137.6948 7.4892 91.1758 10.891 -0.063 0.06764119 -0.0038 0.08267012 0.0 0.1 0.0 0.1 1 6
625 119.9013 9.9991 90.87645 13.8935 -0.0365 0.09247256 0.0228 0.087210156 0.0 0.1 0.0 0.1 1 6
626 -120.95 10.9992 101.44973 11.142 0.0313 0.106282376 0.0395 0.07188886 0.0 0.1 0.0 0.1 1 6
627 -82.3935 6.4883 90.016815 5.4049 -0.1119 0.07053261 0.0071 0.035830617 0.0 0.1 0.0 0.1 1 6
628 -130.8202 7.1793 104.71817 10.011 0.0905 0.058768608 -0.0055 0.061860688 0.0 0.1 0.0 0.1 1 6
629 -102.2051 10.5398 98.459755 8.0116 0.0103 0.092807636 0.0554 0.038814966 0.0 0.1 0.0 0.1 1 6
630 110.218 9.2074 115.47773 7.3889 -0.0843 0.07626956 0.044 0.053795375 0.0 0.1 0.0 0.1 1 6
631 126.9851 10.4997 105.56699 12.7397 0.0077 0.09929612 0.0362 0.08937033 0.0 0.1 0.0 0.1 1 6
632 -129.7384 8.8272 83.457886 6.989 -0.0076 0.080641985 0.0405 0.026949247 0.0 0.1 0.0 0.1 1 6
633 127.9449 5.4611 97.88824 5.174 0.0169 0.0470785 0.0729 0.028866442 0.0 0.1 0.0 0.1 1 6
634 82.2467 8.3719 94.476685 14.1572 -0.0545 0.07675044 -0.0318 0.10019485 0.0 0.1 0.0 0.1 1 6
635 -146.7221 8.4166 90.52428 6.9873 0.087 0.07299564 0.0461 0.056486066 0.0 0.1 0.0 0.1 1 6
636 -140.967 5.3174 115.20012 8.8093 0.0896 0.043290075 -0.0799 0.050086427 0.0 0.1 0.0 0.1 1 6
637 120.8823 9.5085 77.63038 6.0396 0.0315 0.10140341 0.0254 0.037579987 0.0 0.1 0.0 0.1 1 6
638 -149.4029 5.8439 104.25796 7.5324 0.115 0.06090066 0.0138 0.037437957 0.0 0.1 0.0 0.1 1 6
639 97.1371 12.0601 97.520325 17.4081 0.0309 0.11447676 0.0292 0.1262103 0.0 0.1 0.0 0.1 1 6
640 -131.331 7.27 100.56322 7.7787 0.1198 0.06465695 0.0178 0.0354209 0.0 0.1 0.0 0.1 1 6
641 129.2539 9.7625 94.83799 7.0687 -0.0143 0.090921625 0.0459 0.044263702 0.0 0.1 0.0 0.1 1 6
642 -56.3388 7.6876 96.232605 16.2159 -0.0139 0.08042421 0.0128 0.08180545 0.0 0.1 0.0 0.1 1 6
643 -30.0923 10.8154 72.7798 27.187 -0.0351 0.107057996 0.0003 0.12178294 0.0 0.1 0.0 0.1 1 6
644 -11.9976 13.2607 81.74208 36.3184 -0.0185 0.13317907 0.001 0.14009692 0.0 0.1 0.0 0.1 1 6
645 -132.9119 7.5433 84.85711 6.5473 0.0157 0.08557741 0.0475 0.025691342 0.0 0.1 0.0 0.1 1 6
646 -98.7671 10.0217 94.69235 9.5015 0.0526 0.08122294 0.0311 0.057614584 0.0 0.1 0.0 0.1 1 6
647 33.1119 11.0036 105.34187 15.8445 0.0009 0.09736847 0.0459 0.038307905 0.0 0.1 0.0 0.1 1 6
648 112.3888 6.4627 110.33914 12.236 -0.0656 0.052062176 0.0263 0.06073671 0.0 0.1 0.0 0.1 1 6
649 -121.0532 5.7528 87.70975 8.9384 0.1256 0.0563846 -0.0466 0.051416736 0.0 0.1 0.0 0.1 1 6
650 152.9312 4.1654 121.2226 6.3312 -0.127 0.04964358 -0.1951 0.039555885 0.0 0.1 0.0 0.1 1 6
651 -145.9795 4.5335 92.39307 6.2162 0.1028 0.043397404 0.0363 0.02619165 0.0 0.1 0.0 0.1 1 6
652 139.6188 7.2348 104.16577 10.312 -0.1108 0.06829977 -0.0555 0.06513914 0.0 0.1 0.0 0.1 1 6
653 127.5903 6.7524 107.368065 12.4104 -0.0832 0.05705125 0.0031 0.06510884 0.0 0.1 0.0 0.1 1 6
654 -131.778 8.2455 80.70962 8.422 0.0654 0.08852965 -0.0171 0.070241936 0.0 0.1 0.0 0.1 1 6
655 -146.5332 5.445 89.19897 5.439 0.132 0.04612874 0.0444 0.036180824 0.0 0.1 0.0 0.1 1 6
656 -108.9152 8.1921 109.37755 6.3414 0.1098 0.06113961 -0.0308 0.04016692 0.0 0.1 0.0 0.1 1 6
657 127.932 6.6882 103.33081 13.976 -0.0293 0.06572927 -0.0148 0.075136684 0.0 0.1 0.0 0.1 1 6
658 127.1166 6.9246 102.443665 6.7956 -0.0327 0.049159557 0.0178 0.05115807 0.0 0.1 0.0 0.1 1 6
659 109.6924 8.3084 107.34412 7.0689 0.0568 0.07754194 0.068 0.045749716 0.0 0.1 0.0 0.1 1 6
660 -105.9224 8.2967 117.68504 10.8498 -0.0247 0.07217351 -0.0111 0.07879471 0.0 0.1 0.0 0.1 1 6
661 -138.131 8.3746 84.34366 5.9719 -0.0543 0.084232494 0.035 0.03969516 0.0 0.1 0.0 0.1 1 6
662 -140.073 6.5164 109.31203 9.6277 -0.0002 0.052236103 -0.092 0.061460584 0.0 0.1 0.0 0.1 1 6
663 -124.9069 6.5286 98.790504 14.3266 -0.0357 0.060341284 -0.0209 0.0818974 0.0 0.1 0.0 0.1 1 6
664 132.9491 6.3994 98.70493 5.8606 -0.0388 0.05171329 0.0852 0.02132697 0.0 0.1 0.0 0.1 1 6
665 141.7053 6.1132 101.93231 6.6287 -0.0659 0.050007172 0.0465 0.03224422 0.0 0.1 0.0 0.1 1 6
666 -64.217 11.8391 96.78028 21.2975 -0.0184 0.099555224 -0.0123 0.12196875 0.0 0.1 0.0 0.1 1 6
667 -112.3417 8.3164 102.79804 10.1822 0.0667 0.07605647 -0.0606 0.05525281 0.0 0.1 0.0 0.1 1 6
668 -142.0071 7.4832 106.573524 10.5539 0.1035 0.050878946 -0.0766 0.059085928 0.0 0.1 0.0 0.1 1 6
669 128.3196 5.7406 103.48883 5.157 -0.0741 0.05565214 0.0799 0.019056002 0.0 0.1 0.0 0.1 1 6
670 102.3307 10.4512 93.17154 14.8201 0.0244 0.09673957 -0.0057 0.08383996 0.0 0.1 0.0 0.1 1 6
671 142.2586 6.2676 103.71112 9.9076 -0.0717 0.054521706 -0.0871 0.06286047 0.0 0.1 0.0 0.1 1 6
672 -140.1042 9.9331 103.43413 9.5908 -0.0051 0.084755614 0.0357 0.06617429 0.0 0.1 0.0 0.1 1 6
673 -117.2503 5.951 110.53812 6.6353 -0.0147 0.057211984 -0.1291 0.04984122 0.0 0.1 0.0 0.1 1 6
674 -146.2151 7.1979 83.2546 5.4647 0.0925 0.0707548 0.0226 0.036052242 0.0 0.1 0.0 0.1 1 6
675 131.4046 9.6498 89.13974 7.9138 -0.0425 0.09713558 0.0201 0.058446065 0.0 0.1 0.0 0.1 1 6
676 -97.3262 7.2276 98.794495 7.24 -0.0242 0.072440036 0.0395 0.044184122 0.0 0.1 0.0 0.1 1 6
677 -146.7128 5.3508 96.41887 4.1826 0.1478 0.04926439 0.0101 0.031501856 0.0 0.1 0.0 0.1 1 6
678 130.5808 6.8476 90.31858 11.8553 -0.0918 0.056254167 -0.0042 0.05740123 0.0 0.1 0.0 0.1 1 6
679 -72.2527 11.8486 102.77473 11.9543 -0.0042 0.10006004 0.0255 0.06701625 0.0 0.1 0.0 0.1 1 6
