data/processed/NGC4564-h6/gauss_hermite_kins_s.ecsv
# %ECSV 1.0
# ---
# datatype:
# - {name: vbin_id, datatype: int64}
# - {name: v, datatype: float32}
# - {name: dv, datatype: float32}
# - {name: sigma, datatype: float32}
# - {name: dsigma, datatype: float32}
# - {name: h3, datatype: float32}
# - {name: dh3, datatype: float32}
# - {name: h4, datatype: float32}
# - {name: dh4, datatype: float32}
# - {name: h5, datatype: float32}
# - {name: dh5, datatype: float32}
# - {name: h6, datatype: float32}
# - {name: dh6, datatype: float32}
# - {name: is_good, datatype: int64}
# - {name: n_gh, datatype: int64}
# meta: !!omap
# - PSF:
#     sigma: [0.9742837712172444, 4.520288137872436]
#     weight: [0.9230141364684558, 0.07698586353154424]
# schema: astropy-2.0
vbin_id v dv sigma dsigma h3 dh3 h4 dh4 h5 dh5 h6 dh6 is_good n_gh
[from data line 172]
173 -8.2644 2.6094 178.15538 3.6033 -0.005 0.015748149 0.0302 0.021266747 0.0 0.1 0.0 0.1 0 6
174 11.2142 2.5075 163.53906 3.6911 -0.0341 0.015724678 0.0419 0.017472144 0.0 0.1 0.0 0.1 0 6
175 16.4693 3.1283 149.03027 6.4874 -0.0444 0.021628128 0.0385 0.034295805 0.0 0.1 0.0 0.1 0 6
176 31.2976 2.7843 137.67935 5.3623 -0.009 0.024835559 0.0057 0.026952254 0.0 0.1 0.0 0.1 0 6
177 29.1458 3.0895 126.51753 4.3143 0.0662 0.024117166 0.0593 0.025040379 0.0 0.1 0.0 0.1 1 6
178 33.5103 3.7242 128.02534 4.4332 0.0104 0.026088582 0.0054 0.033105914 0.0 0.1 0.0 0.1 1 6
179 44.2986 3.6817 124.68665 6.8403 -0.0307 0.041145816 0.0155 0.045912232 0.0 0.1 0.0 0.1 1 6
180 31.8341 5.8286 104.41966 5.8724 0.0458 0.048323154 0.0669 0.041269537 0.0 0.1 0.0 0.1 1 6
181 -72.5359 7.899 113.19808 14.023 0.0514 0.060339775 0.0062 0.09076882 0.0 0.1 0.0 0.1 1 6
182 -64.6949 4.3072 136.45706 6.1268 0.0385 0.038180474 -0.0599 0.035591792 0.0 0.1 0.0 0.1 1 6
183 -68.8385 4.3785 128.67802 5.7956 -0.0299 0.030558193 0.0188 0.033869598 0.0 0.1 0.0 0.1 1 6
184 -75.2824 5.1452 127.112785 11.8813 -0.0231 0.042048573 0.0763 0.07602529 0.0 0.1 0.0 0.1 1 6
185 -69.6304 2.5157 139.38268 4.4708 -0.0067 0.020000642 0.0307 0.026259076 0.0 0.1 0.0 0.1 1 6
186 -68.0232 2.8568 136.55481 4.0467 0.0061 0.021782177 0.0713 0.024816334 0.0 0.1 0.0 0.1 0 6
187 -72.4862 4.001 137.0882 5.1566 0.0304 0.022655195 0.0997 0.032617487 0.0 0.1 0.0 0.1 0 6
188 -66.158 2.9327 156.93173 4.8453 0.0188 0.016998736 0.0378 0.02640749 0.0 0.1 0.0 0.1 0 6
189 -61.3927 2.7895 164.67937 3.3838 0.0156 0.015328584 0.0158 0.015299996 0.0 0.1 0.0 0.1 0 6
190 -44.1424 2.2785 166.63048 2.8043 -0.02 0.015145763 0.0261 0.015289709 0.0 0.1 0.0 0.1 0 6
191 -22.596 2.8637 164.6761 4.8806 -0.0174 0.018890012 0.0176 0.022106742 0.0 0.1 0.0 0.1 0 6
192 -2.9766 2.3712 158.20738 4.4017 -0.0165 0.015493455 0.009 0.016549965 0.0 0.1 0.0 0.1 0 6
193 -1.4386 2.3741 145.15767 5.7427 -0.0125 0.015589504 0.0296 0.028547006 0.0 0.1 0.0 0.1 0 6
194 16.88 3.2351 128.35924 6.8058 0.0029 0.023267075 0.0455 0.040960077 0.0 0.1 0.0 0.1 0 6
195 18.8795 3.7294 128.982 7.9695 0.0839 0.029619863 0.0217 0.042866513 0.0 0.1 0.0 0.1 1 6
196 25.0086 3.8358 132.78972 6.986 -0.0376 0.028176589 0.009 0.03614921 0.0 0.1 0.0 0.1 1 6
197 38.9101 6.1218 117.942924 9.9204 -0.1066 0.050852947 0.0256 0.06550514 0.0 0.1 0.0 0.1 1 6
198 34.9774 7.2349 109.160934 12.2596 -0.0582 0.059915103 0.0494 0.078667216 0.0 0.1 0.0 0.1 1 6
199 -76.766 7.0844 108.76414 7.7454 -0.0164 0.05882426 0.0498 0.04806453 0.0 0.1 0.0 0.1 1 6
200 -79.8791 5.2123 116.46883 8.6077 0.0173 0.04467054 0.0706 0.05467776 0.0 0.1 0.0 0.1 1 6
201 -82.6637 4.1908 135.8763 6.317 0.0519 0.032022666 -0.0298 0.033504788 0.0 0.1 0.0 0.1 1 6
202 -81.2546 4.6684 126.19572 7.5111 0.0182 0.036132935 0.0348 0.044302423 0.0 0.1 0.0 0.1 1 6
203 -77.2664 4.1584 124.03975 5.7141 0.0027 0.030690197 0.1012 0.03934542 0.0 0.1 0.0 0.1 1 6
204 -72.114 4.8273 129.43202 6.7651 -0.0319 0.034643 0.0449 0.04590776 0.0 0.1 0.0 0.1 1 6
205 -72.9938 2.97 133.27881 4.8053 -0.0568 0.025527483 0.0218 0.028089762 0.0 0.1 0.0 0.1 0 6
206 -77.0584 2.1347 132.78006 3.9905 -0.0054 0.019006457 0.078 0.025109353 0.0 0.1 0.0 0.1 0 6
207 -76.6244 2.7935 146.22635 5.1564 0.0324 0.018052202 0.0248 0.02480984 0.0 0.1 0.0 0.1 0 6
208 -70.2906 2.7128 159.14282 3.4593 0.0754 0.017962135 0.0137 0.020506022 0.0 0.1 0.0 0.1 0 6
209 -52.7282 2.3659 161.67018 3.4316 0.0235 0.015479119 0.001 0.018857721 0.0 0.1 0.0 0.1 0 6
210 -31.8114 2.3339 151.3537 4.5683 -0.0122 0.018743243 0.0531 0.023175187 0.0 0.1 0.0 0.1 0 6
211 -19.1726 3.043 144.36974 4.9131 0.0188 0.022525802 0.0364 0.024554806 0.0 0.1 0.0 0.1 0 6
212 -13.8307 2.8956 137.7641 4.999 0.0509 0.024627406 0.04 0.0256459 0.0 0.1 0.0 0.1 0 6
213 2.0233 5.4828 129.02 10.2622 -0.0212 0.043272335 0.09 0.067697085 0.0 0.1 0.0 0.1 0 6
214 -0.4844 3.6357 115.43079 7.3677 0.0772 0.034772616 0.0648 0.04531495 0.0 0.1 0.0 0.1 1 6
215 13.1126 7.0768 118.71446 13.2407 -0.0223 0.0583648 0.0401 0.08324159 0.0 0.1 0.0 0.1 1 6
216 24.2734 6.0668 110.702965 6.875 -0.1184 0.055387132 0.0697 0.04143186 0.0 0.1 0.0 0.1 1 6
217 -95.8002 4.9008 115.60447 8.8068 0.0428 0.040410258 -0.037 0.060275964 0.0 0.1 0.0 0.1 1 6
218 -83.0213 5.3345 123.80927 7.3244 -0.0275 0.039450254 0.014 0.034788303 0.0 0.1 0.0 0.1 1 6
219 -89.7349 5.9646 115.98425 8.6175 -0.0138 0.040805057 0.0301 0.05143533 0.0 0.1 0.0 0.1 1 6
220 -95.0143 3.9285 126.08126 6.0561 0.0511 0.03146987 0.0114 0.03500321 0.0 0.1 0.0 0.1 1 6
221 -94.295 4.9629 118.42929 4.8395 0.0813 0.03371422 0.0722 0.035350565 0.0 0.1 0.0 0.1 1 6
222 -86.7098 3.4391 125.20431 4.8294 -0.0227 0.031319574 0.0076 0.026747309 0.0 0.1 0.0 0.1 1 6
223 -83.0536 3.8618 122.582146 10.0908 -0.0135 0.03386131 0.0533 0.06036878 0.0 0.1 0.0 0.1 1 6
224 -81.3289 3.8862 134.04352 5.2321 0.0342 0.026775964 0.062 0.03334724 0.0 0.1 0.0 0.1 0 6
225 -75.3633 3.1821 143.20213 3.9675 0.0496 0.0214247 -0.0408 0.022250766 0.0 0.1 0.0 0.1 0 6
226 -66.3727 3.5615 147.3886 5.6453 0.0491 0.020776704 0.0065 0.032815065 0.0 0.1 0.0 0.1 0 6
227 -56.3131 3.2585 147.66496 5.8267 0.0397 0.022034077 -0.0181 0.027112853 0.0 0.1 0.0 0.1 0 6
228 -43.0513 4.3426 135.4879 7.4011 0.0574 0.027306072 0.0497 0.033878785 0.0 0.1 0.0 0.1 0 6
229 -27.9987 4.4228 132.17535 5.9197 0.0498 0.030204928 0.0231 0.034626316 0.0 0.1 0.0 0.1 0 6
230 -16.2248 2.9704 127.48406 5.5424 -0.0296 0.025596319 -0.0198 0.039788023 0.0 0.1 0.0 0.1 0 6
231 -14.9131 4.4786 135.46616 5.639 -0.0091 0.035108134 -0.0084 0.03480296 0.0 0.1 0.0 0.1 1 6
232 3.1295 6.8551 117.387054 12.1839 0.018 0.058255907 0.043 0.08412555 0.0 0.1 0.0 0.1 1 6
233 11.2745 5.5671 118.06032 10.6264 0.0376 0.043454677 -0.0699 0.06162562 0.0 0.1 0.0 0.1 1 6
234 -90.1137 5.1757 110.38649 6.1232 -0.1053 0.04706774 -0.028 0.039696407 0.0 0.1 0.0 0.1 1 6
235 -99.221 5.9481 121.230995 7.9886 0.033 0.04030233 0.0075 0.055413406 0.0 0.1 0.0 0.1 1 6
236 -93.8874 5.6923 110.179016 6.4921 0.0174 0.0451917 0.0655 0.036778323 0.0 0.1 0.0 0.1 1 6
237 -98.4428 4.3764 107.29319 11.623 -0.0045 0.040478483 0.0108 0.07293818 0.0 0.1 0.0 0.1 1 6
238 -98.3313 4.188 122.71759 5.7716 0.0138 0.03358254 -0.0275 0.038030766 0.0 0.1 0.0 0.1 1 6
239 -96.0854 4.5998 123.41836 9.54 0.0478 0.037557483 0.0068 0.05266785 0.0 0.1 0.0 0.1 1 6
240 -95.5733 4.1642 122.24099 6.1279 0.104 0.028351508 0.0389 0.03577074 0.0 0.1 0.0 0.1 1 6
241 -84.1164 3.0932 129.14946 6.4182 0.0529 0.027059903 0.0566 0.035356507 0.0 0.1 0.0 0.1 1 6
242 -80.2206 2.5311 141.5612 4.1214 0.0069 0.022157796 -0.0156 0.024451116 0.0 0.1 0.0 0.1 1 6
243 -66.5114 3.8767 137.22975 7.4216 -0.0127 0.027967034 0.004 0.037204135 0.0 0.1 0.0 0.1 1 6
244 -54.8765 3.082 136.50555 5.6607 -0.0446 0.024833363 0.0047 0.034459572 0.0 0.1 0.0 0.1 0 6
245 -48.2821 3.9268 123.68873 6.0703 0.0328 0.032742936 0.0789 0.03366273 0.0 0.1 0.0 0.1 1 6
246 -37.1978 3.3839 120.49621 6.5141 0.0555 0.026030708 0.0712 0.03835767 0.0 0.1 0.0 0.1 1 6
247 -18.8727 3.8178 130.87135 5.7742 -0.0314 0.026225837 -0.0805 0.033787515 0.0 0.1 0.0 0.1 1 6
248 -17.5703 4.6612 123.21896 6.7937 0.0101 0.03819586 -0.113 0.034574497 0.0 0.1 0.0 0.1 1 6
249 -17.0545 7.4083 110.06414 7.6395 0.0567 0.048479825 0.0163 0.05783864 0.0 0.1 0.0 0.1 1 6
250 5.8646 10.8524 94.87579 8.3773 -0.0212 0.10464833 0.0359 0.057597473 0.0 0.1 0.0 0.1 1 6
251 -102.8102 5.3283 111.32383 5.8524 -0.0415 0.04748116 -0.0593 0.042690028 0.0 0.1 0.0 0.1 1 6
252 -97.6874 6.0642 109.302475 7.4173 -0.0166 0.046715666 0.0661 0.04005398 0.0 0.1 0.0 0.1 1 6
253 -109.8211 6.383 113.5134 10.3782 0.0425 0.05056327 0.031 0.06330568 0.0 0.1 0.0 0.1 1 6
254 -100.7566 5.7883 111.25863 14.1938 -0.0379 0.053385224 0.002 0.09906692 0.0 0.1 0.0 0.1 1 6
255 -105.5127 6.7941 100.906044 8.3286 -0.0117 0.048982866 0.0565 0.05998175 0.0 0.1 0.0 0.1 1 6
256 -104.6758 3.8223 122.758545 6.7142 0.0302 0.031532258 -0.0034 0.035376254 0.0 0.1 0.0 0.1 1 6
257 -95.1383 4.1868 134.25919 6.1505 0.0333 0.026109649 0.0027 0.02902733 0.0 0.1 0.0 0.1 1 6
258 -88.2775 3.4065 123.61618 5.033 0.0552 0.027239358 0.0631 0.02726537 0.0 0.1 0.0 0.1 1 6
259 -80.9759 3.7493 122.98849 4.7197 0.0222 0.029792922 0.1024 0.025452185 0.0 0.1 0.0 0.1 1 6
260 -56.7869 4.7503 120.93752 5.4747 -0.0967 0.03920846 0.0707 0.036049705 0.0 0.1 0.0 0.1 1 6
261 -59.7912 4.3562 125.979 4.9485 0.0168 0.034437273 0.0909 0.027514312 0.0 0.1 0.0 0.1 1 6
262 -51.8437 4.129 120.45599 4.9918 0.0496 0.032731235 0.0639 0.030732475 0.0 0.1 0.0 0.1 1 6
263 -41.1118 4.2029 111.08201 8.6424 0.0126 0.039074138 0.037 0.0505052 0.0 0.1 0.0 0.1 1 6
264 -26.8887 6.6345 101.95741 4.6928 -0.0756 0.061628737 0.0858 0.04341345 0.0 0.1 0.0 0.1 1 6
265 -14.8557 6.6227 104.00974 6.3838 -0.0343 0.06082827 0.0772 0.038898174 0.0 0.1 0.0 0.1 1 6
266 -15.9512 5.5632 119.244606 7.3095 0.0679 0.041863684 0.0616 0.04221433 0.0 0.1 0.0 0.1 1 6
267 -121.435 4.8527 113.17183 7.0569 0.1324 0.04435728 0.0168 0.04120649 0.0 0.1 0.0 0.1 1 6
268 -117.2089 5.6906 113.58038 8.9624 0.0797 0.046276145 0.0434 0.045423266 0.0 0.1 0.0 0.1 1 6
269 -108.838 7.9083 108.837326 11.2672 -0.0443 0.07334006 0.0519 0.08019505 0.0 0.1 0.0 0.1 1 6
270 -114.2322 5.1757 124.66796 7.6195 0.0201 0.036804233 -0.0275 0.03755868 0.0 0.1 0.0 0.1 1 6
271 -113.9118 6.0346 125.645096 8.8802 0.0602 0.04899466 0.0589 0.044134445 0.0 0.1 0.0 0.1 1 6
272 -102.5078 4.3119 124.69222 5.7129 0.0389 0.030915795 -0.0018 0.032092728 0.0 0.1 0.0 0.1 1 6
273 -88.5562 3.1543 122.05421 7.183 0.0125 0.027888281 -0.0107 0.03627359 0.0 0.1 0.0 0.1 1 6
274 -90.421 3.9118 116.93891 6.3186 0.0425 0.03396241 0.0157 0.039911855 0.0 0.1 0.0 0.1 1 6
275 -83.2678 4.1148 114.06664 6.4674 -0.03 0.036794662 0.051 0.040810663 0.0 0.1 0.0 0.1 1 6
276 -62.7139 5.4337 114.11714 6.7418 -0.0736 0.038855348 0.0395 0.04402381 0.0 0.1 0.0 0.1 1 6
277 -56.6999 3.6105 128.09537 8.668 0.0356 0.027382862 0.037 0.047457844 0.0 0.1 0.0 0.1 1 6
278 -51.3576 3.6503 109.391624 4.4214 0.0355 0.027221808 0.1024 0.01757677 0.0 0.1 0.0 0.1 1 6
279 -46.6608 4.6979 107.517265 4.4205 0.0819 0.041844178 0.0523 0.030893 0.0 0.1 0.0 0.1 1 6
280 -29.6963 6.6324 114.70746 9.5774 0.0533 0.055341624 0.057 0.05560454 0.0 0.1 0.0 0.1 1 6
281 -22.3119 5.4681 118.110825 5.1977 -0.0674 0.035191797 0.0994 0.017668262 0.0 0.1 0.0 0.1 1 6
282 -135.8364 4.6555 112.69523 6.6463 0.1515 0.029666228 0.0008 0.039811395 0.0 0.1 0.0 0.1 1 6
283 -125.0438 5.0167 121.493706 8.5547 0.0427 0.04256429 -0.0391 0.049919803 0.0 0.1 0.0 0.1 1 6
284 -113.4212 7.7676 117.63075 15.6525 -0.0065 0.06032896 0.0214 0.10755305 0.0 0.1 0.0 0.1 1 6
285 -115.0954 4.4237 106.1906 4.3569 0.0574 0.03964802 0.0771 0.02274179 0.0 0.1 0.0 0.1 1 6
286 -112.3169 3.7066 105.72859 5.5012 0.0146 0.03451752 0.0579 0.032009672 0.0 0.1 0.0 0.1 1 6
287 -99.808 4.062 121.983215 5.8283 -0.0249 0.03699267 -0.0393 0.031585284 0.0 0.1 0.0 0.1 1 6
288 -90.9281 4.2827 121.42347 6.0859 0.0023 0.035813123 -0.0223 0.03355024 0.0 0.1 0.0 0.1 1 6
289 -94.281 4.7978 113.32555 5.0034 0.0416 0.036281608 -0.0146 0.03149703 0.0 0.1 0.0 0.1 1 6
290 -87.4106 5.5382 116.85565 7.2683 0.0594 0.053956322 -0.0009 0.045352753 0.0 0.1 0.0 0.1 1 6
291 -69.2871 14.1015 113.319984 17.819 -0.0425 0.13144062 0.0149 0.16700058 0.0 0.1 0.0 0.1 1 6
292 -60.7919 4.332 128.05841 7.1795 0.0289 0.031955812 -0.0013 0.045976363 0.0 0.1 0.0 0.1 1 6
293 -56.2768 5.0506 122.35764 7.3538 0.0474 0.0405607 0.0474 0.035263684 0.0 0.1 0.0 0.1 1 6
294 -42.4732 7.4213 113.91554 8.2934 0.0589 0.059395757 0.0238 0.056908637 0.0 0.1 0.0 0.1 1 6
295 -130.958 4.8878 126.50462 6.972 0.0655 0.04197142 -0.0755 0.05098978 0.0 0.1 0.0 0.1 1 6
296 -129.0338 6.0748 128.15585 4.6773 0.0519 0.05086287 -0.0348 0.03467576 0.0 0.1 0.0 0.1 1 6
297 -121.2404 6.3969 111.3484 8.7636 0.0954 0.049980856 0.0296 0.048042554 0.0 0.1 0.0 0.1 1 6
298 -115.5958 5.1386 107.130135 7.6756 -0.0063 0.047961444 0.0421 0.052734848 0.0 0.1 0.0 0.1 1 6
299 -114.9995 5.2822 107.77703 9.7715 0.0476 0.04561363 -0.0011 0.060979556 0.0 0.1 0.0 0.1 1 6
300 -109.085 4.9277 114.44244 6.0713 0.0608 0.039289337 -0.0589 0.035483714 0.0 0.1 0.0 0.1 1 6
301 -90.6864 5.6812 116.61667 11.501 0.0086 0.043733746 -0.0089 0.0619845 0.0 0.1 0.0 0.1 1 6
302 -78.2392 5.5481 126.07087 8.4246 0.0024 0.041057076 -0.0095 0.04037973 0.0 0.1 0.0 0.1 1 6
303 -70.6001 7.7477 115.81983 15.4295 -0.0082 0.08296166 0.0208 0.06534321 0.0 0.1 0.0 0.1 1 6
304 -70.7281 4.2723 132.79633 6.6335 0.0659 0.03254926 -0.0365 0.03865382 0.0 0.1 0.0 0.1 1 6
305 -57.1324 5.5432 125.03735 13.9883 0.0176 0.05907025 -0.0133 0.08918011 0.0 0.1 0.0 0.1 1 6
306 -37.5557 6.4538 125.28536 6.7414 -0.0136 0.054593503 0.0105 0.040129628 0.0 0.1 0.0 0.1 1 6
307 -139.4166 7.4177 120.798615 8.7968 0.0906 0.051520348 -0.0021 0.051564682 0.0 0.1 0.0 0.1 1 6
308 -126.1811 5.0388 111.87203 5.2793 0.1055 0.040793996 -0.0042 0.039908428 0.0 0.1 0.0 0.1 1 6
309 -124.8888 6.2371 111.278366 6.0777 0.0651 0.05430948 0.0648 0.05329119 0.0 0.1 0.0 0.1 1 6
310 -115.5093 8.5394 120.46576 7.5962 0.1309 0.06415877 0.007 0.050060946 0.0 0.1 0.0 0.1 1 6
311 -107.4867 5.0947 113.47413 5.9364 0.1509 0.042087212 -0.0329 0.042894002 0.0 0.1 0.0 0.1 1 6
312 -94.0135 4.696 106.15258 7.645 0.073 0.04302744 -0.0265 0.04315288 0.0 0.1 0.0 0.1 1 6
313 -72.8285 4.4508 124.812965 6.6622 -0.0179 0.039702304 -0.0728 0.0360431 0.0 0.1 0.0 0.1 1 6
314 -63.1969 9.3077 120.99559 18.0534 0.043 0.06246862 -0.011 0.10626799 0.0 0.1 0.0 0.1 1 6
315 -127.9859 5.3482 108.29175 7.8905 0.1279 0.04371536 -0.0183 0.03743075 0.0 0.1 0.0 0.1 1 6
316 -111.2057 5.3176 105.61372 7.9778 0.1022 0.04392502 0.0407 0.044542592 0.0 0.1 0.0 0.1 1 6
317 -92.8739 8.6061 101.44154 7.5329 -0.0046 0.07395019 0.0673 0.03793712 0.0 0.1 0.0 0.1 1 6
318 10.3042 5.6052 133.07826 8.5356 0.1587 0.040467847 -0.0754 0.051798027 0.0 0.1 0.0 0.1 1 6
319 1.4364 4.8307 127.013664 9.5806 0.0443 0.03897453 -0.0224 0.057295226 0.0 0.1 0.0 0.1 1 6
320 16.4952 6.9812 105.24401 9.1344 -0.0435 0.059131492 0.0406 0.06390328 0.0 0.1 0.0 0.1 1 6
321 11.786 7.5749 111.53089 15.9113 0.055 0.07611241 0.0124 0.099596076 0.0 0.1 0.0 0.1 1 6
322 -19.8587 10.4816 104.32968 17.1324 0.0625 0.1012887 -0.0584 0.10421479 0.0 0.1 0.0 0.1 1 6
323 51.7501 5.0663 114.22929 8.4437 -0.104 0.048284747 -0.0371 0.04288924 0.0 0.1 0.0 0.1 1 6
324 -29.9733 6.2899 99.739494 7.3762 -0.0294 0.060274757 0.0515 0.050877236 0.0 0.1 0.0 0.1 1 6
325 13.5619 6.4987 104.478355 11.3428 -0.128 0.056299075 -0.009 0.07940485 0.0 0.1 0.0 0.1 1 6
326 23.8705 5.5808 91.95007 3.9844 -0.0011 0.052348822 0.0829 0.01722263 0.0 0.1 0.0 0.1 1 6
327 -27.4554 7.7479 114.01729 15.3028 0.0048 0.059573147 0.0301 0.10455858 0.0 0.1 0.0 0.1 1 6
328 -2.979 6.6215 106.7662 12.7323 0.0795 0.058164444 0.0005 0.070194356 0.0 0.1 0.0 0.1 1 6
329 -12.0899 9.8965 112.94272 9.0481 0.047 0.0650117 0.0606 0.060036153 0.0 0.1 0.0 0.1 1 6
330 1.7202 6.8442 117.94135 11.1628 0.053 0.058421392 0.0149 0.05999112 0.0 0.1 0.0 0.1 1 6
331 47.3385 5.5481 142.47397 8.3288 -0.0668 0.043297783 -0.1319 0.057727385 0.0 0.1 0.0 0.1 1 6
332 -11.7522 5.7381 100.06289 6.5396 -0.0877 0.052510034 0.0409 0.033410218 0.0 0.1 0.0 0.1 1 6
333 24.6318 13.8941 115.62736 12.7398 -0.068 0.097218215 0.0263 0.08131258 0.0 0.1 0.0 0.1 1 6
334 -10.495 4.5516 107.74249 6.2933 0.0016 0.046260357 0.0687 0.03528227 0.0 0.1 0.0 0.1 1 6
335 17.5407 4.9769 105.354996 5.572 0.0348 0.046510186 0.0921 0.020394085 0.0 0.1 0.0 0.1 1 6
336 -26.6419 5.2303 105.377785 5.6979 -0.0547 0.033872116 0.0756 0.029735882 0.0 0.1 0.0 0.1 1 6
337 24.5014 5.4426 114.82747 8.9914 0.0682 0.048414644 0.0678 0.042786643 0.0 0.1 0.0 0.1 1 6
338 30.092 8.6199 95.56722 7.6121 -0.024 0.07259174 0.0535 0.044247694 0.0 0.1 0.0 0.1 1 6
339 -12.7462 6.6423 102.21676 5.6371 -0.0086 0.0639256 0.0803 0.028996179 0.0 0.1 0.0 0.1 1 6
340 49.781 6.4128 108.010666 5.0833 0.0974 0.062097285 0.065 0.03515735 0.0 0.1 0.0 0.1 1 6
