data/processed/NGC4564-h6/gauss_hermite_kins_o.ecsv
# %ECSV 1.0
# ---
# datatype:
# - {name: vbin_id, datatype: int64}
# - {name: v, datatype: float32}
# - {name: dv, datatype: float32}
# - {name: sigma, datatype: float32}
# - {name: dsigma, datatype: float32}
# - {name: h3, datatype: float32}
# - {name: dh3, datatype: float32}
# - {name: h4, datatype: float32}
# - {name: dh4, datatype: float32}
# - {name: h5, datatype: float32}
# - {name: dh5, datatype: float32}
# - {name: h6, datatype: float32}
# - {name: dh6, datatype: float32}
# - {name: is_good, datatype: int64}
# - {name: n_gh, datatype: int64}
# meta: !!omap
# - PSF:
#     sigma: [0.30981562904828125, 1.303031411282882]
#     weight: [0.7894296863335304, 0.2105703136664696]
# schema: astropy-2.0
vbin_id v dv sigma dsigma h3 dh3 h4 dh4 h5 dh5 h6 dh6 is_good n_gh
[from data line 344]
345 -48.3027 14.2516 116.6381 19.5621 0.0076 0.17988226 -0.0392 0.16385823 0.0 0.1 0.0 0.1 1 6
346 -74.6975 13.0649 133.1072 19.115 0.0458 0.15614761 -0.0585 0.13163263 0.0 0.1 0.0 0.1 1 6
347 -74.4111 14.1171 132.812 21.96 -0.0125 0.17068876 -0.0072 0.14114757 0.0 0.1 0.0 0.1 1 6
348 -0.7942 15.1116 112.5905 20.1606 0.0069 0.20184901 -0.0561 0.18902151 0.0 0.1 0.0 0.1 1 6
349 28.2885 12.7528 113.3313 21.6424 0.0212 0.16935082 -0.0427 0.17749205 0.0 0.1 0.0 0.1 1 6
350 20.5331 16.2946 122.126 19.6992 -0.035 0.16256142 -0.0558 0.18507995 0.0 0.1 0.0 0.1 1 6
351 -69.0542 13.2214 135.7653 18.7085 0.0204 0.153901 -0.0047 0.16863608 0.0 0.1 0.0 0.1 1 6
352 -17.0782 15.7284 120.573 20.9327 0.0179 0.1880457 -0.0778 0.1931114 0.0 0.1 0.0 0.1 1 6
353 29.7963 18.0095 119.2918 21.5112 0.0146 0.2036914 -0.1134 0.17113197 0.0 0.1 0.0 0.1 1 6
354 -40.6493 13.1216 133.6207 23.7436 -0.0355 0.15318604 -0.0211 0.17758054 0.0 0.1 0.0 0.1 1 6
355 -55.5817 13.2943 120.3611 20.5839 0.0231 0.18807137 -0.0852 0.14008091 0.0 0.1 0.0 0.1 1 6
356 -44.1427 15.742 125.6485 20.6847 0.0089 0.18031745 -0.0357 0.16538128 0.0 0.1 0.0 0.1 1 6
357 -73.8096 15.4846 134.2549 21.4675 0.0253 0.16957816 0.0013 0.1651283 0.0 0.1 0.0 0.1 1 6
358 14.9846 16.0018 120.5016 20.4548 -0.0191 0.2040167 -0.0991 0.15654434 0.0 0.1 0.0 0.1 1 6
359 -12.9136 15.2867 113.8262 21.5241 0.0052 0.21896915 -0.0871 0.2021249 0.0 0.1 0.0 0.1 1 6
360 -71.2594 14.3833 145.3204 21.9908 0.0365 0.14247559 0.0393 0.17433046 0.0 0.1 0.0 0.1 1 6
361 -76.784 13.0005 119.1292 16.4531 0.0357 0.16649817 -0.0217 0.10031109 0.0 0.1 0.0 0.1 1 6
362 47.5709 13.9894 128.7877 15.1526 -0.0568 0.15708704 -0.0565 0.19807553 0.0 0.1 0.0 0.1 1 6
363 -64.4531 14.4058 112.4877 18.3378 0.0216 0.21437754 -0.05 0.1783733 0.0 0.1 0.0 0.1 1 6
364 -48.2407 13.2232 132.1778 20.8724 0.0397 0.16179101 -0.0255 0.17531906 0.0 0.1 0.0 0.1 1 6
365 32.614 12.444 113.9406 15.4685 0.0417 0.19185512 -0.1288 0.1914688 0.0 0.1 0.0 0.1 1 6
366 9.9801 14.83 123.8214 18.3575 0.0103 0.18442951 -0.1387 0.16477385 0.0 0.1 0.0 0.1 1 6
367 69.7674 16.7125 114.7077 20.784 0.0398 0.19520593 -0.086 0.18110986 0.0 0.1 0.0 0.1 1 6
368 11.8195 14.0541 110.5444 13.2641 -0.0385 0.2054412 -0.127 0.19304588 0.0 0.1 0.0 0.1 1 6
369 -75.6413 13.6626 124.8352 17.63 0.0234 0.19694692 -0.0635 0.14365335 0.0 0.1 0.0 0.1 1 6
370 -68.7844 11.6009 129.1073 19.1536 0.042 0.16280095 -0.0171 0.18060249 0.0 0.1 0.0 0.1 1 6
