data/processed/NGC4564-h6/gauss_hermite_kins_s.ecsv
# %ECSV 1.0
# ---
# datatype:
# - {name: vbin_id, datatype: int64}
# - {name: v, datatype: float32}
# - {name: dv, datatype: float32}
# - {name: sigma, datatype: float32}
# - {name: dsigma, datatype: float32}
# - {name: h3, datatype: float32}
# - {name: dh3, datatype: float32}
# - {name: h4, datatype: float32}
# - {name: dh4, datatype: float32}
# - {name: h5, datatype: float32}
# - {name: dh5, datatype: float32}
# - {name: h6, datatype: float32}
# - {name: dh6, datatype: float32}
# - {name: is_good, datatype: int64}
# - {name: n_gh, datatype: int64}
# meta: !!omap
# - PSF:
#     sigma: [0.9742837712172444, 4.520288137872436]
#     weight: [0.9230141364684558, 0.07698586353154424]
# schema: astropy-2.0
vbin_id v dv sigma dsigma h3 dh3 h4 dh4 h5 dh5 h6 dh6 is_good n_gh
[from data line 341]
342 5.4283 12.767 90.236786 7.8415 -0.0245 0.122102804 0.0392 0.072178215 0.0 0.1 0.0 0.1 1 6
343 -19.0844 7.5537 112.175064 9.649 0.0377 0.06718102 -0.05 0.058573477 0.0 0.1 0.0 0.1 1 6
344 23.561 6.0214 113.58028 8.9634 0.1013 0.043795493 0.0594 0.05028491 0.0 0.1 0.0 0.1 1 6
345 -45.477 7.7448 114.35602 6.3217 -0.0179 0.062024493 0.0981 0.03992739 0.0 0.1 0.0 0.1 1 6
346 54.7072 11.8986 108.11335 18.2129 0.0029 0.10159766 0.0359 0.103971034 0.0 0.1 0.0 0.1 1 6
347 -27.2456 10.9215 102.68737 9.9567 0.0349 0.075217105 0.0394 0.05831437 0.0 0.1 0.0 0.1 1 6
348 1.7735 7.7352 110.480995 13.5424 0.0758 0.06641964 0.0091 0.07992521 0.0 0.1 0.0 0.1 1 6
349 -26.1289 6.3089 104.576744 11.3225 -0.0018 0.055659488 -0.0189 0.08012766 0.0 0.1 0.0 0.1 1 6
350 18.4279 7.6363 97.59088 5.6843 0.031 0.067415506 0.0682 0.031570625 0.0 0.1 0.0 0.1 1 6
351 -0.5087 7.4509 103.88468 11.6786 0.0184 0.073877566 0.0699 0.07599583 0.0 0.1 0.0 0.1 1 6
352 -32.3026 5.0874 111.34693 5.0939 -0.0191 0.041954882 0.1115 0.019648606 0.0 0.1 0.0 0.1 1 6
353 39.3435 4.7386 117.577736 15.8422 -0.067 0.043044265 -0.0271 0.08691485 0.0 0.1 0.0 0.1 1 6
354 -47.6647 4.4951 124.71154 6.456 0.1712 0.044087667 -0.0722 0.04483751 0.0 0.1 0.0 0.1 1 6
355 -70.9652 7.9292 112.99784 12.6208 -0.0117 0.07277836 0.0174 0.084894076 0.0 0.1 0.0 0.1 1 6
356 3.8591 6.4499 116.55997 6.4523 -0.0054 0.05715772 -0.0734 0.041419815 0.0 0.1 0.0 0.1 1 6
357 50.9251 5.7313 106.23458 7.323 -0.0123 0.056384146 -0.0722 0.06465941 0.0 0.1 0.0 0.1 1 6
358 -65.2567 8.824 93.20702 10.3651 0.016 0.087655045 0.0464 0.07171091 0.0 0.1 0.0 0.1 1 6
359 32.5328 9.9962 107.885605 13.4432 0.1055 0.08466701 -0.0457 0.088788174 0.0 0.1 0.0 0.1 1 6
360 64.5426 10.2231 108.30141 7.3192 -0.0848 0.08346587 -0.0159 0.061036568 0.0 0.1 0.0 0.1 1 6
361 4.8451 10.6804 105.75347 10.0235 -0.0603 0.085494794 0.0212 0.056570105 0.0 0.1 0.0 0.1 1 6
362 -51.3444 8.2066 123.94693 11.2208 -0.0052 0.05858709 0.0422 0.062776536 0.0 0.1 0.0 0.1 1 6
363 -49.2043 5.2529 110.69971 6.7739 -0.0867 0.056136914 0.0489 0.026533244 0.0 0.1 0.0 0.1 1 6
364 -73.4955 10.0068 111.39103 15.1061 -0.0221 0.061217863 -0.0042 0.109394334 0.0 0.1 0.0 0.1 1 6
365 62.5426 6.0056 129.11304 16.8618 0.04 0.04871352 0.0191 0.109893024 0.0 0.1 0.0 0.1 1 6
366 -5.3345 6.4802 112.77756 7.4969 0.0949 0.05081831 -0.0355 0.0444223 0.0 0.1 0.0 0.1 1 6
367 -49.7406 7.3643 90.637146 5.7114 0.0413 0.06891857 0.0608 0.02084933 0.0 0.1 0.0 0.1 1 6
368 2.8932 5.8369 125.379654 6.3789 0.0633 0.04726595 -0.0635 0.0439778 0.0 0.1 0.0 0.1 1 6
369 65.6135 4.931 111.19898 7.7624 0.0346 0.040196747 0.067 0.0386776 0.0 0.1 0.0 0.1 1 6
370 50.7951 7.538 112.71435 13.2279 0.0423 0.055889487 0.0453 0.08516185 0.0 0.1 0.0 0.1 1 6
371 -74.8208 6.5374 106.11992 6.6797 0.0109 0.060985457 0.0266 0.039417893 0.0 0.1 0.0 0.1 1 6
372 -39.781 4.9358 139.75856 5.9341 0.0868 0.03935783 -0.0661 0.028489126 0.0 0.1 0.0 0.1 1 6
373 25.8807 8.8741 90.19868 14.6484 -0.0276 0.08620571 0.0275 0.08656868 0.0 0.1 0.0 0.1 1 6
374 28.1342 4.5877 124.98947 10.5988 0.0822 0.031652987 -0.0565 0.04821398 0.0 0.1 0.0 0.1 1 6
375 -14.8969 11.58 107.64851 10.2801 -0.0687 0.111140095 0.042 0.10637736 0.0 0.1 0.0 0.1 1 6
376 -4.9527 9.3567 109.94466 15.2374 0.052 0.082096316 -0.0408 0.08542479 0.0 0.1 0.0 0.1 1 6
377 -25.4182 8.5488 92.073235 7.0787 0.0487 0.074800186 0.0026 0.045516826 0.0 0.1 0.0 0.1 1 6
378 -15.2218 6.477 105.48793 5.5929 -0.0767 0.058879327 0.0707 0.029765531 0.0 0.1 0.0 0.1 1 6
379 -61.0808 10.0211 109.17542 11.5144 -0.0215 0.09114479 0.0405 0.08035221 0.0 0.1 0.0 0.1 1 6
380 -48.6647 5.9945 112.41646 12.6241 0.0065 0.0556364 -0.0966 0.06599705 0.0 0.1 0.0 0.1 1 6
381 -70.0578 8.5068 131.9223 15.9603 0.0769 0.08165676 -0.032 0.073199466 0.0 0.1 0.0 0.1 1 6
382 43.5022 9.7976 111.735435 18.5504 0.0196 0.077595435 0.0083 0.11950586 0.0 0.1 0.0 0.1 1 6
383 31.4225 8.0266 106.80201 6.2511 0.0091 0.05454802 0.0801 0.032904617 0.0 0.1 0.0 0.1 1 6
384 -31.8916 7.4479 131.00829 8.9088 0.0171 0.058018945 -0.0555 0.06275856 0.0 0.1 0.0 0.1 1 6
385 15.6245 6.5599 112.51747 7.0469 0.0492 0.063174956 0.0848 0.022249043 0.0 0.1 0.0 0.1 1 6
386 -83.8066 8.5999 104.82475 9.5184 0.0932 0.08192642 -0.0564 0.072631076 0.0 0.1 0.0 0.1 1 6
387 -47.2325 5.0548 105.743706 6.0675 -0.0626 0.047134053 0.0798 0.027437758 0.0 0.1 0.0 0.1 1 6
388 -72.0088 6.678 113.0451 9.815 0.0003 0.05076954 -0.0308 0.053506393 0.0 0.1 0.0 0.1 1 6
389 70.2706 5.4438 105.66013 7.4426 -0.0818 0.04919251 0.0339 0.038841937 0.0 0.1 0.0 0.1 1 6
390 60.4436 9.0066 112.779655 14.2175 -0.0367 0.06859217 0.0573 0.10816884 0.0 0.1 0.0 0.1 1 6
391 63.1899 7.2711 109.49021 11.6004 0.0306 0.063428506 0.0029 0.05953221 0.0 0.1 0.0 0.1 1 6
392 -38.05 4.4529 121.82215 8.3609 0.0615 0.03871913 0.0302 0.052724488 0.0 0.1 0.0 0.1 1 6
393 -84.909 6.2311 105.12631 9.2163 -0.0633 0.047557976 -0.016 0.058204696 0.0 0.1 0.0 0.1 1 6
394 24.8496 5.7853 107.417305 7.3347 -0.0188 0.050305396 0.0771 0.026163567 0.0 0.1 0.0 0.1 1 6
395 89.7284 4.7337 119.48086 5.5865 -0.0478 0.037955545 -0.0501 0.039582152 0.0 0.1 0.0 0.1 1 6
396 34.499 6.3277 106.10586 8.0001 0.0609 0.05785289 0.0338 0.052017357 0.0 0.1 0.0 0.1 1 6
397 74.8331 8.0429 114.631226 8.2255 -0.0222 0.05936209 0.0732 0.026487317 0.0 0.1 0.0 0.1 1 6
398 -74.5554 7.2136 119.75974 9.4936 -0.0024 0.059141397 -0.0856 0.05794908 0.0 0.1 0.0 0.1 1 6
399 19.4538 9.2706 103.627335 14.9734 -0.0519 0.07090345 0.0116 0.097571254 0.0 0.1 0.0 0.1 1 6
400 107.9073 4.9534 108.863464 7.4308 -0.0188 0.043440018 0.0137 0.04726771 0.0 0.1 0.0 0.1 1 6
401 82.5681 5.3909 119.003944 6.6971 -0.065 0.041544974 0.0542 0.030358998 0.0 0.1 0.0 0.1 1 6
402 -96.2596 8.0079 104.40024 9.0607 0.046 0.06848498 0.0096 0.06377276 0.0 0.1 0.0 0.1 1 6
403 -9.8766 11.8642 105.00053 13.2768 -0.0273 0.105403535 -0.0284 0.09434219 0.0 0.1 0.0 0.1 1 6
404 6.4514 7.0523 128.67697 14.2237 0.0486 0.04665579 0.0498 0.101634875 0.0 0.1 0.0 0.1 1 6
405 105.997 4.9949 114.72783 6.1475 -0.1047 0.04890367 -0.006 0.036622822 0.0 0.1 0.0 0.1 1 6
406 19.7429 7.7155 119.12849 10.7746 0.0883 0.047571357 0.0187 0.061495457 0.0 0.1 0.0 0.1 1 6
407 -67.4576 8.9411 118.79353 8.6811 -0.0008 0.07852247 0.0589 0.039574794 0.0 0.1 0.0 0.1 1 6
408 -21.0714 8.9615 138.46349 12.6718 0.0715 0.061601017 0.0009 0.08902614 0.0 0.1 0.0 0.1 1 6
409 -69.5308 6.4001 107.11868 7.8745 -0.0368 0.051159028 0.1004 0.023188576 0.0 0.1 0.0 0.1 1 6
410 -72.1839 7.2666 106.16476 5.6679 0.008 0.065232985 0.101 0.02356232 0.0 0.1 0.0 0.1 1 6
411 62.1125 10.8552 130.28746 19.933 -0.0425 0.08783942 0.0136 0.13263924 0.0 0.1 0.0 0.1 1 6
412 39.0396 8.9756 110.95518 6.7345 -0.0031 0.07520071 0.0769 0.026305089 0.0 0.1 0.0 0.1 1 6
413 66.1726 8.0844 116.745186 14.6636 -0.0703 0.06323952 0.0278 0.077622354 0.0 0.1 0.0 0.1 1 6
414 -49.5097 5.9507 113.53051 11.5575 0.0921 0.04797504 0.0369 0.051864367 0.0 0.1 0.0 0.1 1 6
415 -82.6231 7.1431 102.422874 7.6764 -0.0314 0.05533653 0.0349 0.05914891 0.0 0.1 0.0 0.1 1 6
416 32.628 9.9958 118.73211 11.3799 -0.048 0.0593336 0.0589 0.0775689 0.0 0.1 0.0 0.1 1 6
417 -54.5379 8.9009 133.4173 18.8584 -0.0367 0.07736088 0.0433 0.11567862 0.0 0.1 0.0 0.1 1 6
418 -98.1276 7.8753 101.72147 10.4001 0.0658 0.063198395 -0.0054 0.05926074 0.0 0.1 0.0 0.1 1 6
419 -66.4826 6.1738 136.6135 8.7759 -0.0112 0.04895963 -0.0909 0.06074655 0.0 0.1 0.0 0.1 1 6
420 99.396 5.2486 112.72002 7.7485 -0.0435 0.052521184 0.0739 0.043422624 0.0 0.1 0.0 0.1 1 6
421 72.1997 7.8017 104.55879 5.8499 0.0361 0.06676223 0.0729 0.025140006 0.0 0.1 0.0 0.1 1 6
422 57.5605 5.9806 112.46361 5.6775 0.0088 0.04300239 0.0847 0.022391316 0.0 0.1 0.0 0.1 1 6
423 -65.2173 4.7846 132.15163 7.5528 -0.0066 0.043516353 -0.0896 0.041666914 0.0 0.1 0.0 0.1 1 6
424 72.0102 8.7429 96.65533 5.6996 0.0544 0.0841227 0.0366 0.036771543 0.0 0.1 0.0 0.1 1 6
425 107.0518 5.2161 121.42178 6.645 -0.0255 0.04018284 -0.0241 0.04677954 0.0 0.1 0.0 0.1 1 6
426 -96.8986 6.4126 104.12755 9.9381 -0.0299 0.062044248 0.0224 0.059598066 0.0 0.1 0.0 0.1 1 6
427 93.4004 7.1208 114.91147 5.3018 -0.1162 0.05106725 0.0125 0.05084983 0.0 0.1 0.0 0.1 1 6
428 57.305 5.3209 109.79251 9.4039 0.0862 0.0452083 0.0359 0.049380556 0.0 0.1 0.0 0.1 1 6
429 -26.7547 7.533 114.28021 13.6546 0.0798 0.047960408 -0.0093 0.071295746 0.0 0.1 0.0 0.1 1 6
430 -66.3173 4.5126 128.17213 9.2249 -0.0084 0.03318747 -0.0417 0.059676368 0.0 0.1 0.0 0.1 1 6
431 -43.3302 10.3066 110.91548 11.0569 0.0683 0.07968626 -0.0263 0.064052045 0.0 0.1 0.0 0.1 1 6
432 -26.2068 9.1816 118.12321 8.3254 -0.0769 0.06717138 0.0198 0.047592267 0.0 0.1 0.0 0.1 1 6
433 -103.7251 4.2866 118.51234 6.7422 -0.0276 0.032799087 -0.0948 0.03588954 0.0 0.1 0.0 0.1 1 6
434 -105.5329 5.5796 111.573105 6.0644 -0.0652 0.049234457 0.0613 0.029630197 0.0 0.1 0.0 0.1 1 6
435 99.2774 6.2798 108.91439 9.9349 -0.0292 0.0488087 0.0322 0.050558154 0.0 0.1 0.0 0.1 1 6
436 18.0725 6.0667 125.27098 6.3336 0.0407 0.04905878 -0.1466 0.054361537 0.0 0.1 0.0 0.1 1 6
437 111.6616 8.6372 97.18338 14.1461 0.0018 0.0800577 0.0446 0.09041013 0.0 0.1 0.0 0.1 1 6
438 86.0312 5.6799 106.04076 12.8153 -0.0302 0.050723467 0.0444 0.09861294 0.0 0.1 0.0 0.1 1 6
439 112.3935 5.3029 116.42599 10.7553 0.0405 0.0517869 0.0158 0.063145824 0.0 0.1 0.0 0.1 1 6
440 -93.6794 6.2271 115.02109 9.4864 0.1148 0.054270342 -0.0334 0.051107943 0.0 0.1 0.0 0.1 1 6
441 91.8256 8.2615 108.84268 13.7785 0.0362 0.06295188 -0.0079 0.07765858 0.0 0.1 0.0 0.1 1 6
442 116.0392 7.3383 98.73916 5.6416 -0.0027 0.059482478 0.0776 0.020093143 0.0 0.1 0.0 0.1 1 6
443 132.5993 9.2972 130.14246 16.7329 -0.0274 0.06665983 -0.0317 0.09134892 0.0 0.1 0.0 0.1 1 6
444 -107.1857 6.5269 104.76385 6.4207 -0.0088 0.051974833 0.0778 0.027105188 0.0 0.1 0.0 0.1 1 6
445 10.2132 9.7471 105.61739 8.1368 0.0269 0.077920586 0.0606 0.044740662 0.0 0.1 0.0 0.1 1 6
446 -130.8549 5.4665 102.5471 6.7342 0.1031 0.046730995 -0.0041 0.03037805 0.0 0.1 0.0 0.1 1 6
447 -98.2017 5.0845 113.642654 5.6204 0.1294 0.0426128 -0.035 0.045472667 0.0 0.1 0.0 0.1 1 6
448 -112.7045 5.8676 114.14623 4.9687 0.0413 0.046058405 -0.023 0.044902194 0.0 0.1 0.0 0.1 1 6
449 104.3153 3.8007 115.015 7.3357 -0.1095 0.033920355 -0.0162 0.049186468 0.0 0.1 0.0 0.1 1 6
450 130.9506 6.8396 97.933914 7.6926 -0.122 0.068135954 -0.0273 0.04194302 0.0 0.1 0.0 0.1 1 6
451 22.8174 7.7925 115.02014 9.3021 0.0852 0.06938079 -0.0524 0.058362022 0.0 0.1 0.0 0.1 1 6
452 107.5609 7.5446 121.48058 6.7122 -0.0675 0.05437214 -0.0935 0.04932566 0.0 0.1 0.0 0.1 1 6
453 -13.7972 9.9081 99.95999 11.5174 0.0569 0.08489613 -0.1 0.082683854 0.0 0.1 0.0 0.1 1 6
454 -47.4938 6.5478 119.490204 12.0462 0.0108 0.056014486 0.0432 0.06626809 0.0 0.1 0.0 0.1 1 6
455 107.6718 4.0774 141.5398 7.0214 0.0161 0.041049138 -0.1031 0.03293028 0.0 0.1 0.0 0.1 1 6
456 57.6473 5.7084 126.32329 8.6192 -0.0106 0.054840725 0.0645 0.0369498 0.0 0.1 0.0 0.1 1 6
457 -60.4643 6.0304 100.28487 12.4166 0.1324 0.064839065 -0.0809 0.05763629 0.0 0.1 0.0 0.1 1 6
458 -92.5479 6.9918 95.94574 9.0707 0.0475 0.0648414 0.0244 0.060295206 0.0 0.1 0.0 0.1 1 6
459 6.4023 10.3223 106.47136 13.0321 0.0232 0.0967193 0.0627 0.058645904 0.0 0.1 0.0 0.1 1 6
460 8.6424 8.1702 87.5324 14.9981 -0.0626 0.0832694 -0.035 0.08838472 0.0 0.1 0.0 0.1 1 6
461 -107.0701 7.6824 104.863495 5.5964 0.087 0.07244284 0.0546 0.03006251 0.0 0.1 0.0 0.1 1 6
462 -138.2327 10.0104 102.83017 12.7705 0.0601 0.100101665 0.0385 0.10187738 0.0 0.1 0.0 0.1 1 6
463 -125.8084 6.1419 109.665146 11.4153 0.0182 0.050569847 -0.0348 0.06265894 0.0 0.1 0.0 0.1 1 6
464 -93.7462 9.6171 102.8434 14.8686 -0.0214 0.068222806 -0.0095 0.0999771 0.0 0.1 0.0 0.1 1 6
465 115.2788 5.3814 112.56419 6.1003 -0.0891 0.038709216 -0.0843 0.037406653 0.0 0.1 0.0 0.1 1 6
466 -135.3839 7.2078 100.42536 8.2419 0.1254 0.06791091 -0.0115 0.066762015 0.0 0.1 0.0 0.1 1 6
467 46.4059 7.1973 122.38316 9.4339 -0.0148 0.05666764 0.0892 0.048811603 0.0 0.1 0.0 0.1 1 6
468 -120.9742 4.2352 112.061874 9.6545 0.1008 0.039194297 0.0186 0.054493047 0.0 0.1 0.0 0.1 1 6
469 115.8025 8.8786 105.25767 14.9762 -0.0104 0.077299625 -0.0115 0.11611909 0.0 0.1 0.0 0.1 1 6
470 107.5711 6.9314 119.15788 15.3698 -0.0317 0.063179195 -0.0366 0.089785986 0.0 0.1 0.0 0.1 1 6
471 120.3951 8.7609 118.77767 13.9612 0.0446 0.06607294 -0.0052 0.07419734 0.0 0.1 0.0 0.1 1 6
472 12.6233 12.3225 137.44026 16.7415 0.0022 0.09168496 0.0514 0.10314964 0.0 0.1 0.0 0.1 1 6
473 17.0498 6.2856 95.395226 8.1708 -0.0224 0.07041507 0.0626 0.026482295 0.0 0.1 0.0 0.1 1 6
474 106.4027 7.3671 90.15668 6.8425 0.0644 0.0771876 0.031 0.040974863 0.0 0.1 0.0 0.1 1 6
475 128.2112 3.9736 138.1613 5.5311 -0.0286 0.028573748 -0.0569 0.033852156 0.0 0.1 0.0 0.1 1 6
476 -128.623 7.2207 109.570435 7.389 0.0767 0.059755974 0.0078 0.047663134 0.0 0.1 0.0 0.1 1 6
477 -101.415 9.9725 95.994774 7.4375 -0.0088 0.09162091 0.0452 0.04691462 0.0 0.1 0.0 0.1 1 6
478 -70.5933 8.4055 116.560074 12.2808 0.0356 0.058595855 0.0685 0.07929021 0.0 0.1 0.0 0.1 1 6
479 -105.7165 6.8595 97.168465 8.9068 0.0221 0.0430202 0.0364 0.062478676 0.0 0.1 0.0 0.1 1 6
480 -38.5878 8.0323 94.79263 15.1437 -0.0703 0.07875928 -0.0037 0.09413438 0.0 0.1 0.0 0.1 1 6
481 112.6886 6.7119 104.35592 7.6936 -0.0356 0.05779426 0.0095 0.049652006 0.0 0.1 0.0 0.1 1 6
482 40.6794 6.8665 101.25884 6.9636 0.0998 0.06527966 -0.0204 0.044349734 0.0 0.1 0.0 0.1 1 6
483 -87.0774 8.495 82.67668 5.4569 0.0412 0.09010632 0.03 0.034257248 0.0 0.1 0.0 0.1 1 6
484 112.5267 9.2032 116.93839 14.7103 -0.0687 0.064325154 -0.0304 0.09027657 0.0 0.1 0.0 0.1 1 6
485 -10.2282 8.8697 119.901596 20.6942 0.0643 0.07601771 -0.075 0.11537401 0.0 0.1 0.0 0.1 1 6
486 -131.0229 6.1529 107.932335 13.2292 0.0542 0.05454842 -0.0381 0.0744981 0.0 0.1 0.0 0.1 1 6
487 95.2975 5.5837 106.865005 5.9566 0.0235 0.05098704 0.0576 0.035826623 0.0 0.1 0.0 0.1 1 6
488 -49.9333 4.5829 115.39037 6.8153 0.0065 0.043051805 -0.0915 0.037886135 0.0 0.1 0.0 0.1 1 6
489 -129.9743 9.4877 105.2877 7.4318 0.0768 0.09505282 0.0425 0.062301826 0.0 0.1 0.0 0.1 1 6
490 56.4928 5.8342 102.18148 4.5414 -0.0147 0.053331196 0.0869 0.022689957 0.0 0.1 0.0 0.1 1 6
491 -40.3129 8.3707 118.87627 15.0247 0.0197 0.072911836 0.0019 0.107095085 0.0 0.1 0.0 0.1 1 6
492 -122.1492 5.4834 107.263794 10.4383 0.0194 0.05225399 0.0337 0.06631462 0.0 0.1 0.0 0.1 1 6
493 -116.5907 7.4549 93.79009 5.5995 0.1417 0.053565588 -0.0083 0.04021971 0.0 0.1 0.0 0.1 1 6
494 57.3097 6.1688 103.66051 7.6732 -0.0397 0.041456927 0.0776 0.029885055 0.0 0.1 0.0 0.1 1 6
495 126.6157 6.939 103.13645 7.3986 -0.0532 0.072798744 0.0331 0.05081585 0.0 0.1 0.0 0.1 1 6
496 121.4176 5.8334 113.589516 9.2832 -0.023 0.051992804 -0.0533 0.0498048 0.0 0.1 0.0 0.1 1 6
497 -115.4185 4.99 98.49126 5.3688 0.0555 0.057745412 0.0555 0.030010685 0.0 0.1 0.0 0.1 1 6
498 83.3575 6.7935 108.77128 4.945 -0.0661 0.0518671 0.0728 0.028615938 0.0 0.1 0.0 0.1 1 6
499 144.8932 5.2931 121.45875 5.9087 -0.0841 0.03561013 0.0564 0.029278083 0.0 0.1 0.0 0.1 1 6
500 -69.5829 8.4149 96.329094 8.7155 0.0601 0.06988545 0.0643 0.041248426 0.0 0.1 0.0 0.1 1 6
501 -103.0437 7.1818 100.790436 4.6165 -0.0315 0.06453335 0.0679 0.023894882 0.0 0.1 0.0 0.1 1 6
502 -38.1629 8.5451 103.0156 7.1259 0.0283 0.05528717 0.0678 0.036426768 0.0 0.1 0.0 0.1 1 6
503 -94.5097 7.3229 99.281166 10.3262 0.0667 0.066763215 -0.0062 0.06716539 0.0 0.1 0.0 0.1 1 6
504 117.6816 6.0554 105.38713 5.3896 -0.0618 0.045796465 0.0669 0.022962384 0.0 0.1 0.0 0.1 1 6
505 25.2949 8.979 79.9995 10.5153 0.0434 0.09511811 0.0307 0.0735167 0.0 0.1 0.0 0.1 1 6
506 109.3827 5.0225 125.79745 7.5111 -0.011 0.037925698 -0.0407 0.048794944 0.0 0.1 0.0 0.1 1 6
507 129.9408 6.1519 117.00443 9.263 -0.0795 0.05048869 -0.0183 0.057766188 0.0 0.1 0.0 0.1 1 6
508 78.6881 5.1224 99.30133 7.4096 0.1107 0.047338065 0.0418 0.03366923 0.0 0.1 0.0 0.1 1 6
509 -123.043 6.9109 115.18248 15.4854 -0.0073 0.0602148 -0.0673 0.09213778 0.0 0.1 0.0 0.1 1 6
510 79.9795 7.0555 93.25082 9.7913 0.0211 0.06677022 0.0286 0.07562581 0.0 0.1 0.0 0.1 1 6
