data/processed/NGC4564-h6/gauss_hermite_kins_s.ecsv
# %ECSV 1.0
# ---
# datatype:
# - {name: vbin_id, datatype: int64}
# - {name: v, datatype: float32}
# - {name: dv, datatype: float32}
# - {name: sigma, datatype: float32}
# - {name: dsigma, datatype: float32}
# - {name: h3, datatype: float32}
# - {name: dh3, datatype: float32}
# - {name: h4, datatype: float32}
# - {name: dh4, datatype: float32}
# - {name: h5, datatype: float32}
# - {name: dh5, datatype: float32}
# - {name: h6, datatype: float32}
# - {name: dh6, datatype: float32}
# - {name: is_good, datatype: int64}
# - {name: n_gh, datatype: int64}
# meta: !!omap
# - PSF:
#     sigma: [0.9742837712172444, 4.520288137872436]
#     weight: [0.9230141364684558, 0.07698586353154424]
# schema: astropy-2.0
vbin_id v dv sigma dsigma h3 dh3 h4 dh4 h5 dh5 h6 dh6 is_good n_gh
1 82.5567 5.6217 117.35314 5.145 -0.008 0.04328505 -0.0803 0.038769707 0.0 0.1 0.0 0.1 1 6
2 97.5595 4.9445 126.16967 8.3359 -0.0004 0.0364519 -0.0035 0.054593112 0.0 0.1 0.0 0.1 1 6
3 95.724 4.6233 122.0942 7.2117 -0.0576 0.031725693 0.0094 0.03921863 0.0 0.1 0.0 0.1 1 6
4 100.3131 4.8402 117.6863 7.3986 0.0027 0.045548346 -0.0494 0.03751311 0.0 0.1 0.0 0.1 1 6
5 127.2885 6.8156 108.33805 9.3589 -0.1018 0.060906213 -0.0623 0.05277056 0.0 0.1 0.0 0.1 1 6
6 125.9343 11.0451 110.62726 11.8178 -0.0945 0.08722458 -0.0255 0.07571508 0.0 0.1 0.0 0.1 1 6
7 68.2524 7.671 119.962074 12.9165 -0.0331 0.06816775 0.0586 0.09552117 0.0 0.1 0.0 0.1 1 6
8 73.2138 5.6223 113.716255 4.531 -0.0358 0.048090328 0.0851 0.031219909 0.0 0.1 0.0 0.1 1 6
9 86.9713 7.0312 101.82952 6.9525 -0.0322 0.06263923 0.0688 0.050462034 0.0 0.1 0.0 0.1 1 6
10 91.5299 5.7421 110.92683 5.8308 -0.0774 0.045707185 0.0554 0.04803841 0.0 0.1 0.0 0.1 1 6
11 97.5274 4.8894 123.405235 7.4595 -0.1068 0.036952183 -0.0519 0.042522773 0.0 0.1 0.0 0.1 1 6
12 105.2313 5.3633 116.08463 6.8403 -0.06 0.04210472 -0.0576 0.038467724 0.0 0.1 0.0 0.1 1 6
13 113.6966 4.2708 124.9648 4.2606 -0.0855 0.03511921 -0.1132 0.023435418 0.0 0.1 0.0 0.1 1 6
14 123.6023 6.7084 115.09585 8.9966 -0.0816 0.055678673 -0.0238 0.057408918 0.0 0.1 0.0 0.1 1 6
15 126.0732 5.4218 102.18379 5.7194 0.0535 0.041867208 0.0493 0.039786983 0.0 0.1 0.0 0.1 1 6
16 112.0062 8.7463 90.62444 6.7752 -0.0241 0.07905294 0.0483 0.042256683 0.0 0.1 0.0 0.1 1 6
17 53.2098 4.3723 116.25789 6.8806 -0.0365 0.039861653 0.0757 0.036307253 0.0 0.1 0.0 0.1 1 6
18 67.5101 4.798 121.430916 11.203 -0.0296 0.038204405 0.0706 0.0731163 0.0 0.1 0.0 0.1 1 6
19 77.162 5.4807 111.71811 6.437 -0.0445 0.045535553 0.0529 0.039792154 0.0 0.1 0.0 0.1 1 6
20 76.304 5.2473 114.93509 10.7872 -0.0002 0.047638945 0.0703 0.079222225 0.0 0.1 0.0 0.1 1 6
21 95.3055 5.9701 116.914764 8.8785 -0.1268 0.047234897 -0.0631 0.05167519 0.0 0.1 0.0 0.1 1 6
22 108.2586 4.194 115.61801 7.4226 -0.1097 0.033881124 0.0211 0.04047984 0.0 0.1 0.0 0.1 1 6
23 101.243 3.8353 123.4319 5.7603 -0.1061 0.029600685 0.0385 0.030528104 0.0 0.1 0.0 0.1 1 6
24 106.0306 5.3355 131.6574 5.7148 -0.0331 0.035832424 -0.0011 0.039499633 0.0 0.1 0.0 0.1 1 6
25 120.912 6.5357 121.788864 12.448 -0.0072 0.03835952 0.0485 0.07069269 0.0 0.1 0.0 0.1 1 6
26 110.2064 6.1538 100.78739 7.1535 -0.0002 0.048715625 0.0632 0.036595892 0.0 0.1 0.0 0.1 1 6
27 108.5205 8.2663 117.068375 8.7903 -0.0252 0.059830297 -0.0208 0.053837545 0.0 0.1 0.0 0.1 1 6
28 24.3426 8.4792 102.60358 7.9433 0.0525 0.09088556 0.0121 0.0738351 0.0 0.1 0.0 0.1 1 6
29 34.9128 4.5069 130.3156 7.3567 -0.0382 0.03158856 -0.0709 0.040689033 0.0 0.1 0.0 0.1 1 6
30 52.5587 4.8206 117.842964 9.1469 -0.0981 0.033891328 0.0122 0.06104986 0.0 0.1 0.0 0.1 1 6
31 68.3911 6.5889 107.97076 6.9649 -0.0407 0.05652839 0.0943 0.03231212 0.0 0.1 0.0 0.1 1 6
32 70.3005 6.2773 116.03423 11.2321 0.0138 0.04546859 0.0733 0.079379916 0.0 0.1 0.0 0.1 1 6
33 85.083 5.1799 128.6358 6.7609 -0.0493 0.037439037 0.0417 0.041252572 0.0 0.1 0.0 0.1 1 6
34 93.5609 6.0616 121.21998 8.0817 -0.1068 0.04876229 -0.0094 0.041651577 0.0 0.1 0.0 0.1 1 6
35 89.4128 7.9039 107.79656 5.1904 0.0216 0.070700966 0.0945 0.031534526 0.0 0.1 0.0 0.1 1 6
36 102.6114 5.0863 115.05573 6.7895 -0.0541 0.050645184 0.078 0.04099663 0.0 0.1 0.0 0.1 1 6
37 108.002 5.3578 120.71976 7.6222 -0.0448 0.046320118 0.0324 0.04704267 0.0 0.1 0.0 0.1 1 6
38 111.7988 4.958 127.02354 6.3498 -0.0571 0.03716381 0.0011 0.035996832 0.0 0.1 0.0 0.1 1 6
39 100.5604 5.0017 129.22234 6.7246 -0.039 0.041392833 -0.0706 0.03664613 0.0 0.1 0.0 0.1 1 6
40 117.2611 7.2974 104.9685 6.3018 -0.0267 0.061866123 0.0606 0.039093263 0.0 0.1 0.0 0.1 1 6
41 128.4929 5.4905 112.71162 8.8806 -0.16 0.04983673 -0.041 0.044225954 0.0 0.1 0.0 0.1 1 6
42 13.3211 3.9726 124.879745 4.981 0.154 0.031161875 0.0694 0.025027072 0.0 0.1 0.0 0.1 1 6
43 20.4144 6.9284 107.508026 5.0057 0.0758 0.056841508 0.0832 0.02118747 0.0 0.1 0.0 0.1 1 6
44 36.8808 6.0817 121.58002 13.3388 -0.0074 0.04775256 0.002 0.07660545 0.0 0.1 0.0 0.1 1 6
45 37.7519 8.221 116.28014 10.1365 0.0608 0.06617731 0.0638 0.06410374 0.0 0.1 0.0 0.1 1 6
46 54.0993 3.4976 124.501015 10.2128 0.0337 0.031210205 0.076 0.06787643 0.0 0.1 0.0 0.1 1 6
47 60.3028 4.0423 129.50699 8.2812 0.0642 0.029345319 0.0435 0.04265893 0.0 0.1 0.0 0.1 1 6
48 72.4049 5.1663 126.67557 6.7147 0.0443 0.03613903 0.0598 0.043578275 0.0 0.1 0.0 0.1 1 6
49 90.7642 3.6285 138.35576 5.2618 -0.0879 0.02667792 -0.0114 0.032116875 0.0 0.1 0.0 0.1 1 6
50 93.3609 5.8813 122.99406 14.5206 -0.026 0.051931955 0.033 0.088608466 0.0 0.1 0.0 0.1 1 6
51 98.7695 4.4261 115.257126 8.4449 -0.0471 0.038301073 0.0746 0.05506919 0.0 0.1 0.0 0.1 1 6
52 109.7578 4.4222 110.59492 5.3215 -0.0711 0.034029182 0.0742 0.029145958 0.0 0.1 0.0 0.1 1 6
53 109.5594 4.9609 120.76858 6.0831 -0.0817 0.03970403 0.0203 0.031860627 0.0 0.1 0.0 0.1 1 6
54 101.5511 12.0497 116.8336 14.0409 -0.0337 0.11106752 0.0407 0.109297864 0.0 0.1 0.0 0.1 1 6
55 106.3562 5.5623 107.73472 6.9255 -0.0031 0.044162884 0.0647 0.043210484 0.0 0.1 0.0 0.1 1 6
56 115.2822 6.0852 109.69769 9.8744 -0.0761 0.053835224 -0.0123 0.06629726 0.0 0.1 0.0 0.1 1 6
57 12.2468 9.2105 115.76753 18.067 -0.0095 0.069254585 0.0243 0.12397489 0.0 0.1 0.0 0.1 1 6
58 9.5294 5.2368 114.96891 5.9843 0.0571 0.04466111 0.0715 0.03290819 0.0 0.1 0.0 0.1 1 6
59 15.4454 6.1012 120.64835 7.7287 0.0452 0.045118548 0.0785 0.05103106 0.0 0.1 0.0 0.1 1 6
60 27.3617 4.282 136.6993 6.7301 -0.0131 0.02638323 0.0032 0.03391687 0.0 0.1 0.0 0.1 1 6
61 32.2077 2.7633 136.37944 6.162 0.0344 0.025292922 0.0272 0.037271705 0.0 0.1 0.0 0.1 1 6
62 49.3217 2.304 145.32158 5.0525 0.0314 0.017276142 0.0104 0.02767139 0.0 0.1 0.0 0.1 0 6
63 59.7394 5.0175 133.57742 12.6948 0.0403 0.03178831 0.0468 0.07982073 0.0 0.1 0.0 0.1 1 6
64 69.3394 4.0092 140.25679 6.7698 -0.0394 0.027477749 0.0089 0.030754762 0.0 0.1 0.0 0.1 1 6
65 84.2833 2.3628 143.35545 4.1428 -0.0774 0.021286326 -0.0075 0.026350392 0.0 0.1 0.0 0.1 1 6
66 86.6552 3.4805 132.69533 5.73 -0.0251 0.025022143 0.0341 0.03280055 0.0 0.1 0.0 0.1 1 6
67 91.1231 3.863 116.45917 5.0152 -0.0169 0.030695392 0.0892 0.0324786 0.0 0.1 0.0 0.1 1 6
68 96.0937 3.71 114.9605 4.4707 -0.0519 0.028036492 0.0838 0.027472358 0.0 0.1 0.0 0.1 1 6
69 103.9168 3.7081 125.90844 6.6455 -0.0893 0.02853126 -0.0077 0.03780099 0.0 0.1 0.0 0.1 1 6
70 98.4682 6.4556 121.010605 6.9649 -0.0361 0.04192696 0.0195 0.04631168 0.0 0.1 0.0 0.1 1 6
71 107.712 6.0836 113.92773 9.7768 -0.0716 0.049888637 -0.0044 0.060672373 0.0 0.1 0.0 0.1 1 6
72 95.3265 6.8642 112.68484 9.5339 -0.0146 0.053146057 0.049 0.063132815 0.0 0.1 0.0 0.1 1 6
73 -10.4024 6.5757 113.6794 11.6878 0.0342 0.051626965 0.004 0.073832914 0.0 0.1 0.0 0.1 1 6
74 -8.3224 3.5894 115.53538 6.0573 0.0463 0.029901613 0.0442 0.036084253 0.0 0.1 0.0 0.1 1 6
75 -1.6614 3.793 125.93678 4.9155 0.0722 0.027999789 0.0202 0.024209244 0.0 0.1 0.0 0.1 1 6
76 13.493 3.3902 124.118706 7.617 0.0223 0.029517738 0.0788 0.05290475 0.0 0.1 0.0 0.1 0 6
77 18.5394 3.7304 140.5425 6.0249 -0.0071 0.026226267 -0.0054 0.0287401 0.0 0.1 0.0 0.1 0 6
78 29.5056 2.2969 143.14061 4.3238 0.0174 0.018761996 -0.0012 0.02548818 0.0 0.1 0.0 0.1 0 6
79 51.8131 2.1822 152.29819 3.5039 -0.0187 0.01848618 -0.0099 0.022920461 0.0 0.1 0.0 0.1 0 6
80 65.9012 2.2526 153.23584 3.0436 -0.0515 0.017084857 0.0199 0.019987097 0.0 0.1 0.0 0.1 0 6
81 76.2125 2.8752 140.96974 4.5041 -0.0365 0.019453911 0.0082 0.024883263 0.0 0.1 0.0 0.1 0 6
82 79.4487 2.674 142.38 5.4766 -0.06 0.023841823 -0.0124 0.031219915 0.0 0.1 0.0 0.1 0 6
83 78.7822 4.2222 140.97404 7.4601 -0.0153 0.030216374 0.0405 0.03042299 0.0 0.1 0.0 0.1 1 6
84 88.5689 3.5405 123.54782 5.0899 -0.0509 0.026388053 0.0691 0.03393745 0.0 0.1 0.0 0.1 1 6
85 88.7896 2.983 129.19577 5.6063 -0.0775 0.018229548 -0.0022 0.03290608 0.0 0.1 0.0 0.1 1 6
86 91.684 3.5455 127.15185 6.7228 -0.0592 0.025299238 -0.0045 0.039930128 0.0 0.1 0.0 0.1 1 6
87 95.3392 5.0082 116.33106 13.8944 -0.008 0.048409086 0.0107 0.09097381 0.0 0.1 0.0 0.1 1 6
88 100.9914 5.6944 117.41646 8.2195 -0.0283 0.043307383 0.0612 0.05014618 0.0 0.1 0.0 0.1 1 6
89 75.1749 6.3494 117.453514 8.2904 0.0197 0.051843375 0.0824 0.03803835 0.0 0.1 0.0 0.1 1 6
90 -11.5806 4.3553 95.90458 6.8634 -0.0358 0.04410665 0.0409 0.049026243 0.0 0.1 0.0 0.1 1 6
91 -6.8572 4.0089 109.52707 4.5968 -0.0573 0.030800011 0.0627 0.021506954 0.0 0.1 0.0 0.1 1 6
92 -8.7594 5.1639 120.6409 6.3789 -0.005 0.04140105 0.0551 0.031930517 0.0 0.1 0.0 0.1 1 6
93 -3.7614 4.2916 120.673454 4.6268 0.0058 0.03170994 0.0709 0.029772857 0.0 0.1 0.0 0.1 0 6
94 8.4662 2.9124 131.3215 7.954 -0.0166 0.02001448 0.0766 0.04911411 0.0 0.1 0.0 0.1 0 6
95 15.1693 2.5828 152.82991 2.9095 -0.0093 0.019930098 -0.0021 0.019117229 0.0 0.1 0.0 0.1 0 6
96 27.1389 2.6345 148.21863 5.0325 -0.0121 0.01908209 0.061 0.029697997 0.0 0.1 0.0 0.1 0 6
97 45.953 2.7938 155.61388 3.7656 -0.0473 0.015885312 0.0499 0.020286972 0.0 0.1 0.0 0.1 0 6
98 61.4985 2.123 152.45053 3.2915 -0.0601 0.015874786 0.0192 0.019383198 0.0 0.1 0.0 0.1 0 6
99 73.7655 3.0131 146.0571 4.012 -0.045 0.020198377 0.0078 0.022867203 0.0 0.1 0.0 0.1 0 6
100 81.377 3.846 140.53441 4.4592 -0.0597 0.026401987 -0.0104 0.023793928 0.0 0.1 0.0 0.1 0 6
101 76.4536 2.7713 154.09526 5.4041 0.002 0.02073058 0.011 0.030135388 0.0 0.1 0.0 0.1 0 6
102 80.9174 3.4215 134.83174 5.6394 -0.0502 0.025553789 0.0189 0.032480452 0.0 0.1 0.0 0.1 1 6
103 78.88 2.766 123.805176 4.812 -0.0499 0.022486124 -0.0098 0.026449947 0.0 0.1 0.0 0.1 1 6
104 73.551 3.8159 119.65631 6.3399 0.0138 0.032815777 0.0082 0.038323928 0.0 0.1 0.0 0.1 1 6
105 87.1499 5.6674 111.40709 12.5819 0.014 0.04856425 0.0377 0.085980006 0.0 0.1 0.0 0.1 1 6
106 79.329 8.4652 116.22282 8.3347 0.0138 0.06809539 0.081 0.062104676 0.0 0.1 0.0 0.1 1 6
107 77.3228 6.9859 108.94054 8.9355 -0.0131 0.055961654 0.0676 0.051935412 0.0 0.1 0.0 0.1 1 6
108 -27.9303 5.1106 105.41632 6.5932 0.067 0.040455442 0.0808 0.036170408 0.0 0.1 0.0 0.1 1 6
109 -18.505 5.7027 112.55632 7.6052 -0.0052 0.045502517 0.0787 0.051921595 0.0 0.1 0.0 0.1 1 6
110 -12.1546 3.7377 126.11601 6.4498 -0.0723 0.031557124 0.0431 0.029617153 0.0 0.1 0.0 0.1 1 6
111 -14.7989 4.0919 124.78346 8.3049 -0.0096 0.030845644 0.0738 0.043512862 0.0 0.1 0.0 0.1 0 6
112 -6.438 3.1254 135.86569 5.2521 -0.0398 0.024232319 0.0968 0.02347808 0.0 0.1 0.0 0.1 0 6
113 5.3325 2.8639 158.79568 4.0916 -0.0127 0.020402089 0.0265 0.019629145 0.0 0.1 0.0 0.1 0 6
114 17.0879 2.6994 167.53264 4.0865 -0.0078 0.020472767 0.0559 0.02372052 0.0 0.1 0.0 0.1 0 6
115 38.5597 2.4677 162.49884 3.838 -0.0396 0.016644469 0.0468 0.022070069 0.0 0.1 0.0 0.1 0 6
116 51.5052 2.3217 161.67416 3.4496 -0.0376 0.014711199 0.0344 0.019844458 0.0 0.1 0.0 0.1 0 6
117 60.5207 3.0148 152.54904 5.0197 -0.0272 0.019617015 0.0564 0.023513261 0.0 0.1 0.0 0.1 0 6
118 64.1288 2.5014 149.4384 4.176 -0.0279 0.019611098 0.011 0.021368358 0.0 0.1 0.0 0.1 0 6
119 65.1836 3.5885 152.23174 4.5123 0.0158 0.023448545 -0.0132 0.025992272 0.0 0.1 0.0 0.1 0 6
120 67.3454 3.1977 127.54202 7.0342 -0.0131 0.025695533 0.0804 0.04282534 0.0 0.1 0.0 0.1 1 6
121 71.6944 3.4619 123.077 6.3469 -0.0746 0.030191157 0.0274 0.031267274 0.0 0.1 0.0 0.1 1 6
122 65.9422 4.8793 125.87504 5.1353 -0.029 0.035296634 0.021 0.028819533 0.0 0.1 0.0 0.1 1 6
123 75.5686 6.7474 99.434784 4.9438 -0.0019 0.05643521 0.0839 0.02537078 0.0 0.1 0.0 0.1 1 6
124 76.1983 6.1543 95.935135 6.7456 0.0516 0.059033066 0.0468 0.058038075 0.0 0.1 0.0 0.1 1 6
125 77.5844 8.2808 108.5827 9.7672 -0.0088 0.07043423 -0.0107 0.06158494 0.0 0.1 0.0 0.1 1 6
126 -57.9682 8.1851 100.59556 6.8679 0.1059 0.07249255 0.0147 0.03751797 0.0 0.1 0.0 0.1 1 6
127 -50.0364 6.0715 105.38062 9.3959 0.0245 0.037878122 0.0529 0.05591674 0.0 0.1 0.0 0.1 1 6
128 -39.5985 4.1062 115.40487 5.8575 -0.0081 0.034907345 0.066 0.04122137 0.0 0.1 0.0 0.1 1 6
129 -31.1725 3.0501 131.9052 5.7941 -0.0199 0.02581057 0.0117 0.029179087 0.0 0.1 0.0 0.1 1 6
130 -32.6287 2.1747 146.7188 4.5359 0.0033 0.020937936 0.0012 0.028339522 0.0 0.1 0.0 0.1 0 6
131 -23.8216 2.8611 153.52753 4.2197 -0.0335 0.018911619 0.0219 0.018881982 0.0 0.1 0.0 0.1 0 6
132 -17.2669 2.357 171.82137 3.7049 -0.0266 0.017988715 -0.0025 0.018983526 0.0 0.1 0.0 0.1 0 6
133 -2.1737 2.4887 179.49255 3.356 -0.0109 0.014963549 0.045 0.015410488 0.0 0.1 0.0 0.1 0 6
134 17.8126 2.1066 180.2516 3.4299 -0.0211 0.015383491 0.0449 0.01660553 0.0 0.1 0.0 0.1 0 6
135 34.4918 2.0418 178.227 4.0084 -0.0275 0.014978296 0.0295 0.016858755 0.0 0.1 0.0 0.1 0 6
136 44.0008 1.5854 170.5897 4.732 -0.0314 0.014501397 0.0223 0.024988497 0.0 0.1 0.0 0.1 0 6
137 53.386 2.2495 155.2192 4.4515 -0.0277 0.018781278 0.0229 0.028501587 0.0 0.1 0.0 0.1 0 6
138 52.9012 3.3072 143.05768 4.6786 -0.054 0.025287142 0.0492 0.02231493 0.0 0.1 0.0 0.1 0 6
139 49.3358 3.3109 141.31213 5.4096 0.0111 0.027035186 0.0137 0.02853885 0.0 0.1 0.0 0.1 1 6
140 51.2946 3.5303 128.12193 7.3129 -0.0188 0.026500287 0.067 0.043337118 0.0 0.1 0.0 0.1 1 6
141 56.5282 6.1831 118.90115 5.6948 0.0131 0.044511467 0.0919 0.035031017 0.0 0.1 0.0 0.1 1 6
142 53.5976 5.1593 109.179726 6.1782 0.0792 0.046468884 0.0653 0.04590564 0.0 0.1 0.0 0.1 1 6
143 58.8311 7.5934 110.81563 7.5303 0.0798 0.073657684 -0.0014 0.061567094 0.0 0.1 0.0 0.1 1 6
144 -62.5326 6.0804 96.918884 5.5512 0.046 0.057131957 0.0693 0.025324546 0.0 0.1 0.0 0.1 1 6
145 -60.6674 5.8778 116.178085 6.3255 0.1093 0.044496503 -0.1049 0.03827271 0.0 0.1 0.0 0.1 1 6
146 -43.0635 4.312 109.78169 6.0083 -0.044 0.0368363 0.059 0.039666757 0.0 0.1 0.0 0.1 1 6
147 -44.9843 4.676 125.53726 7.0197 -0.0415 0.034446802 0.0352 0.046004463 0.0 0.1 0.0 0.1 1 6
148 -42.6949 3.9842 139.80035 4.6358 -0.0669 0.023313176 0.0038 0.029599654 0.0 0.1 0.0 0.1 0 6
149 -46.2171 3.3896 149.04088 3.8823 -0.0567 0.023158632 0.0265 0.024074972 0.0 0.1 0.0 0.1 0 6
150 -48.3822 3.21 164.17285 3.9602 0.0066 0.020179123 0.0168 0.020781929 0.0 0.1 0.0 0.1 0 6
151 -41.153 2.9325 176.0999 4.3676 0.0252 0.01744344 0.009 0.022374315 0.0 0.1 0.0 0.1 0 6
152 -27.9098 2.8257 180.77303 3.1876 0.017 0.015748331 0.0165 0.017317213 0.0 0.1 0.0 0.1 0 6
153 -8.814 2.4757 185.21254 4.0622 -0.0011 0.014951342 0.0354 0.017654572 0.0 0.1 0.0 0.1 0 6
154 12.4434 3.1875 184.7353 3.4587 -0.02 0.015685955 0.0245 0.019302338 0.0 0.1 0.0 0.1 0 6
155 25.3101 2.6685 172.32315 4.9986 -0.0206 0.017636437 0.0207 0.01974689 0.0 0.1 0.0 0.1 0 6
156 36.8705 3.147 150.98654 5.5811 -0.0264 0.022938022 0.0592 0.028220423 0.0 0.1 0.0 0.1 0 6
157 40.3474 3.5544 143.55232 5.3154 -0.0143 0.024229951 0.023 0.026156543 0.0 0.1 0.0 0.1 0 6
158 33.3659 4.0179 124.6245 5.2807 0.0236 0.031460445 0.0668 0.02158886 0.0 0.1 0.0 0.1 0 6
159 40.4262 2.5621 138.24258 4.7466 -0.0093 0.026885623 -0.0342 0.029678853 0.0 0.1 0.0 0.1 1 6
160 48.2863 3.202 119.174995 6.484 -0.0463 0.03071385 0.0762 0.04238379 0.0 0.1 0.0 0.1 1 6
161 42.4438 6.0636 111.99006 4.4515 0.0243 0.037110776 0.0889 0.02253523 0.0 0.1 0.0 0.1 1 6
162 32.425 7.1465 104.171234 10.359 0.0267 0.05491851 0.0405 0.07435503 0.0 0.1 0.0 0.1 1 6
163 -62.3444 6.784 98.64393 7.7886 -0.0564 0.056127843 0.0506 0.03467678 0.0 0.1 0.0 0.1 1 6
164 -59.7897 4.6084 108.31317 11.6322 0.0204 0.043471914 -0.003 0.065935165 0.0 0.1 0.0 0.1 1 6
165 -62.9601 3.8825 119.572945 5.3628 0.0192 0.04019978 0.0474 0.03446149 0.0 0.1 0.0 0.1 1 6
166 -59.4438 3.8687 131.89029 3.5609 -0.0234 0.026596356 0.0191 0.025061633 0.0 0.1 0.0 0.1 1 6
167 -54.6164 2.7756 135.88008 4.2407 -0.0302 0.02260343 0.0231 0.023869839 0.0 0.1 0.0 0.1 1 6
168 -56.9268 2.6407 146.06139 3.2548 -0.0079 0.017908717 0.0409 0.017911911 0.0 0.1 0.0 0.1 0 6
169 -63.3245 3.0811 156.39885 3.7981 0.0198 0.021991555 0.0355 0.020787453 0.0 0.1 0.0 0.1 0 6
170 -58.0739 2.4881 168.34145 3.8757 0.0381 0.017312456 0.0122 0.01815313 0.0 0.1 0.0 0.1 0 6
171 -47.4699 2.4662 174.294 3.0248 0.0064 0.017406236 0.0136 0.015171438 0.0 0.1 0.0 0.1 0 6
