data/processed/NGC4564-h6/gauss_hermite_kins_o.ecsv
# %ECSV 1.0
# ---
# datatype:
# - {name: vbin_id, datatype: int64}
# - {name: v, datatype: float32}
# - {name: dv, datatype: float32}
# - {name: sigma, datatype: float32}
# - {name: dsigma, datatype: float32}
# - {name: h3, datatype: float32}
# - {name: dh3, datatype: float32}
# - {name: h4, datatype: float32}
# - {name: dh4, datatype: float32}
# - {name: h5, datatype: float32}
# - {name: dh5, datatype: float32}
# - {name: h6, datatype: float32}
# - {name: dh6, datatype: float32}
# - {name: is_good, datatype: int64}
# - {name: n_gh, datatype: int64}
# meta: !!omap
# - PSF:
#     sigma: [0.30981562904828125, 1.303031411282882]
#     weight: [0.7894296863335304, 0.2105703136664696]
# schema: astropy-2.0
vbin_id v dv sigma dsigma h3 dh3 h4 dh4 h5 dh5 h6 dh6 is_good n_gh
[from data line 173]
174 -51.958 8.0867 176.7434 12.6175 -0.0348 0.06643812 -0.0022 0.08790728 0.0 0.1 0.0 0.1 1 6
175 -79.1611 7.5827 154.3091 15.322 0.0271 0.074433 0.0505 0.09655352 0.0 0.1 0.0 0.1 1 6
176 9.5181 5.7141 197.2478 8.5052 -0.0036 0.041879732 0.0119 0.04502086 0.0 0.1 0.0 0.1 1 6
177 53.3796 5.9784 182.5412 9.2605 0.0015 0.04722094 -0.0087 0.050329193 0.0 0.1 0.0 0.1 1 6
178 -63.0312 8.6338 164.8904 20.4812 -0.0455 0.090384364 0.0624 0.109316334 0.0 0.1 0.0 0.1 1 6
179 32.2196 5.5555 183.1645 9.7961 -0.0553 0.040231273 0.0247 0.050467853 0.0 0.1 0.0 0.1 1 6
180 64.002 10.7309 133.9675 19.6709 -0.0096 0.13505356 0.0022 0.13765241 0.0 0.1 0.0 0.1 1 6
181 -39.6648 4.8978 203.6987 8.3561 0.0066 0.034154877 -0.0202 0.043079395 0.0 0.1 0.0 0.1 1 6
182 -31.0034 5.014 190.2042 9.7117 -0.0166 0.043310836 0.0291 0.04690196 0.0 0.1 0.0 0.1 1 6
183 32.1862 5.6014 177.1363 8.3786 -0.0136 0.04926741 -0.0352 0.059424005 0.0 0.1 0.0 0.1 1 6
184 -9.2906 4.9852 194.6255 8.8624 0.0077 0.043442313 -0.0219 0.048973355 0.0 0.1 0.0 0.1 1 6
185 -55.5041 7.0315 187.8832 9.6099 -0.0655 0.051951446 -0.0316 0.054125503 0.0 0.1 0.0 0.1 1 6
186 -65.6493 13.3471 135.5893 19.5331 0.0179 0.14672075 -0.0352 0.09872687 0.0 0.1 0.0 0.1 1 6
187 -79.0381 9.7923 165.3948 17.0378 -0.0036 0.09217479 0.0201 0.10546023 0.0 0.1 0.0 0.1 1 6
188 -74.6976 8.1591 147.1321 16.5351 -0.0026 0.10230219 0.0242 0.10273845 0.0 0.1 0.0 0.1 1 6
189 -57.4703 8.0268 173.6265 15.0138 -0.0121 0.06329882 0.0495 0.09436768 0.0 0.1 0.0 0.1 1 6
190 -77.6708 10.6886 141.116 17.7533 -0.0159 0.10838662 0.0263 0.1168855 0.0 0.1 0.0 0.1 1 6
191 21.338 5.2825 182.599 8.8261 -0.0267 0.047235236 -0.0062 0.056752343 0.0 0.1 0.0 0.1 1 6
192 29.1738 6.3677 168.5569 9.744 -0.0131 0.062040392 0.0069 0.09057475 0.0 0.1 0.0 0.1 1 6
193 -31.9986 5.1273 193.4993 9.366 -0.0081 0.03605459 0.0115 0.051032342 0.0 0.1 0.0 0.1 1 6
194 -55.1238 5.0015 182.6433 9.0155 0.0392 0.044098087 0.0094 0.04507139 0.0 0.1 0.0 0.1 1 6
195 -22.4405 4.4247 185.0187 8.2746 -0.033 0.03905012 0.0116 0.040507995 0.0 0.1 0.0 0.1 1 6
196 -44.9106 7.4283 177.5793 11.1274 -0.0101 0.05202267 -0.0102 0.06273509 0.0 0.1 0.0 0.1 1 6
197 -65.7909 8.7264 170.969 15.4844 -0.0865 0.06567216 -0.0536 0.09315273 0.0 0.1 0.0 0.1 1 6
198 67.8704 8.8935 162.6144 12.1089 -0.0535 0.085819736 -0.0424 0.08965634 0.0 0.1 0.0 0.1 1 6
199 58.0807 6.5092 171.7331 8.1593 -0.041 0.05621092 -0.0923 0.0436182 0.0 0.1 0.0 0.1 1 6
200 23.5828 6.0372 173.0266 10.5016 -0.0179 0.044536322 0.0275 0.05303587 0.0 0.1 0.0 0.1 1 6
201 2.5278 5.2708 196.2037 9.1106 0.011 0.03995376 -0.0373 0.045245938 0.0 0.1 0.0 0.1 1 6
202 63.6671 9.3275 152.0791 14.8976 0.0214 0.110236935 -0.0693 0.14552404 0.0 0.1 0.0 0.1 1 6
203 57.4987 6.8028 157.0214 12.0662 -0.0415 0.0720368 -0.0406 0.065547585 0.0 0.1 0.0 0.1 1 6
204 -83.1902 12.1695 134.2826 16.3506 0.0212 0.14639942 -0.0416 0.13455057 0.0 0.1 0.0 0.1 1 6
205 -78.4217 11.6938 139.7806 16.8351 0.0114 0.113340214 0.0176 0.10351885 0.0 0.1 0.0 0.1 1 6
206 -90.6554 8.5528 156.7402 12.1555 -0.0601 0.09707876 -0.0253 0.10064633 0.0 0.1 0.0 0.1 1 6
207 -33.5956 5.8458 187.2424 9.567 0.0396 0.04454603 -0.0222 0.073354125 0.0 0.1 0.0 0.1 1 6
208 -29.3175 5.434 177.7855 7.6765 0.0115 0.050563756 -0.0508 0.054875806 0.0 0.1 0.0 0.1 1 6
209 -36.3402 6.533 160.7778 8.9389 -0.0496 0.066971555 -0.0898 0.06570814 0.0 0.1 0.0 0.1 1 6
210 18.8833 5.5194 176.6996 8.6939 -0.0298 0.04841937 -0.0257 0.05929346 0.0 0.1 0.0 0.1 1 6
211 -12.3443 4.9338 183.7849 8.3009 -0.021 0.037317622 0.0079 0.048894055 0.0 0.1 0.0 0.1 1 6
212 -67.3137 9.1733 142.2979 20.0927 -0.0221 0.101075605 0.0311 0.117009975 0.0 0.1 0.0 0.1 1 6
213 36.1172 7.5792 167.5342 13.7734 -0.0663 0.08383876 0.0098 0.1089745 0.0 0.1 0.0 0.1 1 6
214 45.2089 12.3103 112.6556 20.4224 0.0163 0.18451315 -0.0615 0.17983718 0.0 0.1 0.0 0.1 1 6
215 10.5009 6.6748 173.7577 11.0097 -0.0011 0.05728133 -0.0202 0.0587297 0.0 0.1 0.0 0.1 1 6
216 62.4415 12.928 124.4255 22.3509 0.0061 0.18110451 -0.0614 0.14463378 0.0 0.1 0.0 0.1 1 6
217 14.3875 6.6276 173.4195 10.2476 0.0107 0.06709152 -0.009 0.06617485 0.0 0.1 0.0 0.1 1 6
218 77.1846 8.2114 135.2295 15.3949 -0.0061 0.09411292 -0.042 0.08524731 0.0 0.1 0.0 0.1 1 6
219 66.7174 8.6096 151.6364 13.323 0.0068 0.10507609 0.0134 0.10020897 0.0 0.1 0.0 0.1 1 6
220 70.1681 7.2871 165.7745 15.9078 -0.0646 0.082808815 -0.0588 0.11540877 0.0 0.1 0.0 0.1 1 6
221 54.0502 6.4869 171.8478 9.9399 -0.0108 0.061286047 -0.0972 0.06894787 0.0 0.1 0.0 0.1 1 6
222 71.7213 14.8356 123.6584 21.3933 -0.0182 0.16973306 -0.0438 0.14004576 0.0 0.1 0.0 0.1 1 6
223 -33.5233 5.486 162.8616 11.5792 -0.0314 0.05797498 -0.0257 0.059363365 0.0 0.1 0.0 0.1 1 6
224 -18.8465 5.5148 171.8858 8.6875 0.0276 0.056619763 -0.0266 0.07733627 0.0 0.1 0.0 0.1 1 6
225 -65.4298 12.4258 159.8721 17.6485 0.0363 0.110759795 0.0135 0.085591815 0.0 0.1 0.0 0.1 1 6
226 54.5754 10.0415 146.3086 15.1862 0.05 0.1101414 -0.031 0.1012595 0.0 0.1 0.0 0.1 1 6
227 2.161 10.4309 145.3196 15.6325 0.0218 0.11289293 0.0119 0.098166406 0.0 0.1 0.0 0.1 1 6
228 58.5869 9.1882 153.3053 14.62 -0.1122 0.06922951 0.0041 0.0715502 0.0 0.1 0.0 0.1 1 6
229 -52.9754 6.7974 168.2318 11.6263 0.0093 0.065368414 0.0091 0.091555774 0.0 0.1 0.0 0.1 1 6
230 -65.2075 9.3054 160.8438 14.8052 -0.0301 0.09179801 -0.0232 0.12160199 0.0 0.1 0.0 0.1 1 6
231 -47.7928 6.4323 175.3536 13.2163 0.0467 0.049912557 0.0412 0.053644728 0.0 0.1 0.0 0.1 1 6
232 -25.629 10.3252 164.871 15.0312 0.0599 0.09122413 0.0249 0.1087491 0.0 0.1 0.0 0.1 1 6
233 39.2362 10.4574 159.0889 17.6822 -0.0603 0.10293616 -0.0167 0.091914915 0.0 0.1 0.0 0.1 1 6
234 -73.8016 13.8308 130.1458 22.576 -0.0372 0.17563374 0.0125 0.15582375 0.0 0.1 0.0 0.1 1 6
235 -89.6247 10.8178 148.6957 16.9937 -0.0442 0.12087944 -0.0607 0.14220801 0.0 0.1 0.0 0.1 1 6
236 -71.7429 10.0073 142.676 18.7771 -0.0155 0.11494688 0.0333 0.101623766 0.0 0.1 0.0 0.1 1 6
237 -42.9017 9.0005 155.2822 17.5386 -0.0464 0.09407606 0.0161 0.12332035 0.0 0.1 0.0 0.1 1 6
238 19.4743 10.3189 165.5091 10.8569 0.0786 0.09820579 -0.0869 0.07409282 0.0 0.1 0.0 0.1 1 6
239 80.5236 9.8382 146.4413 15.564 0.0561 0.1198062 -0.0497 0.13574538 0.0 0.1 0.0 0.1 1 6
240 71.9583 11.49 129.5177 17.8042 -0.0214 0.15731348 -0.0196 0.14725682 0.0 0.1 0.0 0.1 1 6
241 -31.1863 8.2486 167.9634 15.6378 0.0338 0.074083626 -0.028 0.09030853 0.0 0.1 0.0 0.1 1 6
242 50.6171 16.7356 102.1051 20.5183 0.0156 0.2138738 -0.1153 0.1758602 0.0 0.1 0.0 0.1 1 6
243 83.5842 11.8742 127.0326 21.1478 -0.056 0.14116853 0.0311 0.115389615 0.0 0.1 0.0 0.1 1 6
244 55.2991 16.5685 121.4806 20.8697 0.0275 0.19307959 -0.0706 0.17792241 0.0 0.1 0.0 0.1 1 6
245 18.2348 11.0206 163.5429 16.0222 0.0243 0.097597815 -0.0211 0.07501814 0.0 0.1 0.0 0.1 1 6
246 -0.7738 9.078 167.2748 14.169 0.0072 0.08513077 -0.0373 0.07149398 0.0 0.1 0.0 0.1 1 6
247 66.187 12.8841 150.8048 17.8558 -0.0198 0.12242749 -0.0898 0.14851603 0.0 0.1 0.0 0.1 1 6
248 72.4396 9.6544 156.5493 17.2377 -0.0241 0.12844694 -0.0622 0.13070026 0.0 0.1 0.0 0.1 1 6
249 65.5612 11.8005 146.3832 19.7623 -0.0893 0.1251529 0.0133 0.13612959 0.0 0.1 0.0 0.1 1 6
250 -40.4447 10.226 140.6499 18.5187 -0.0167 0.10157188 0.0456 0.0880368 0.0 0.1 0.0 0.1 1 6
251 15.7152 9.3624 168.2284 12.5219 0.049 0.09004555 -0.0514 0.09749321 0.0 0.1 0.0 0.1 1 6
252 73.8336 12.9773 125.3616 21.4861 -0.0159 0.15955554 0.0135 0.14194073 0.0 0.1 0.0 0.1 1 6
253 52.7079 11.1067 151.6053 18.401 0.0161 0.107753396 -0.0043 0.111586735 0.0 0.1 0.0 0.1 1 6
254 45.7296 8.7753 158.046 13.6501 -0.0242 0.088470116 -0.0243 0.09562613 0.0 0.1 0.0 0.1 1 6
255 -17.3244 8.744 156.9852 17.4618 -0.015 0.07705322 0.021 0.09784209 0.0 0.1 0.0 0.1 1 6
256 -59.9012 9.0361 142.082 15.8493 -0.0109 0.1098288 0.0064 0.09777247 0.0 0.1 0.0 0.1 1 6
257 -49.0727 9.8397 153.6689 18.7595 0.029 0.10083851 -0.0039 0.111487344 0.0 0.1 0.0 0.1 1 6
258 9.1015 8.7891 161.7232 12.5965 -0.0146 0.07365362 -0.0284 0.07806569 0.0 0.1 0.0 0.1 1 6
259 -73.4503 9.2846 153.8752 17.2319 0.0228 0.102279276 0.0659 0.13091029 0.0 0.1 0.0 0.1 1 6
260 -71.6051 10.2404 149.0896 18.8358 -0.0218 0.10648289 0.033 0.1417975 0.0 0.1 0.0 0.1 1 6
261 43.1267 9.9107 172.5895 8.969 0.0297 0.092361346 -0.0826 0.08232628 0.0 0.1 0.0 0.1 1 6
262 -17.1323 7.8842 164.5743 17.5708 -0.052 0.07833288 -0.03 0.077189766 0.0 0.1 0.0 0.1 1 6
263 86.8298 7.4429 152.1396 11.3972 -0.0391 0.09529402 -0.102 0.074118316 0.0 0.1 0.0 0.1 1 6
264 -0.1097 11.7837 146.4146 17.6861 0.0175 0.11168506 -0.0025 0.101730645 0.0 0.1 0.0 0.1 1 6
265 -70.9259 9.9936 138.9891 18.5865 0.0367 0.1067275 0.0158 0.108201124 0.0 0.1 0.0 0.1 1 6
266 -49.8823 8.148 148.5272 17.7264 0.0278 0.09581415 0.019 0.12966712 0.0 0.1 0.0 0.1 1 6
267 86.8275 14.3809 134.9842 18.1295 -0.0199 0.15871093 -0.0376 0.14135092 0.0 0.1 0.0 0.1 1 6
268 34.8237 12.2416 141.9446 14.3536 -0.0325 0.11210096 0.0072 0.08380105 0.0 0.1 0.0 0.1 1 6
269 73.4448 13.7723 125.7922 21.5617 0.0084 0.15670915 -0.0496 0.1477193 0.0 0.1 0.0 0.1 1 6
270 75.1867 12.2841 115.3994 18.6051 -0.0012 0.1876881 -0.062 0.19051038 0.0 0.1 0.0 0.1 1 6
271 22.7796 11.069 143.7174 18.2615 -0.0267 0.10875857 0.0179 0.111269705 0.0 0.1 0.0 0.1 1 6
272 -18.7392 8.2503 161.5996 10.683 -0.0209 0.09304432 -0.0712 0.08867197 0.0 0.1 0.0 0.1 1 6
273 49.1083 7.4213 162.4565 9.7741 -0.0226 0.07317159 -0.1295 0.07290138 0.0 0.1 0.0 0.1 1 6
274 68.8103 10.3851 140.857 15.8613 0.0209 0.11324628 -0.07 0.109225124 0.0 0.1 0.0 0.1 1 6
275 59.325 9.0225 135.7776 16.2456 -0.0237 0.10946971 -0.0181 0.08903974 0.0 0.1 0.0 0.1 1 6
276 -55.7432 8.3733 159.626 13.9438 -0.0613 0.09312849 0.0363 0.12058385 0.0 0.1 0.0 0.1 1 6
277 -86.2361 13.9518 141.9622 19.3169 0.0056 0.13457532 0.0394 0.13996027 0.0 0.1 0.0 0.1 1 6
278 -64.716 11.7521 128.6792 17.4162 0.0028 0.13492195 0.0413 0.098845825 0.0 0.1 0.0 0.1 1 6
279 -40.0467 11.7713 144.367 17.3623 -0.0297 0.124517374 -0.0208 0.09202235 0.0 0.1 0.0 0.1 1 6
280 50.1444 9.3278 142.5686 12.7555 -0.018 0.11871338 -0.0436 0.08903516 0.0 0.1 0.0 0.1 1 6
281 -12.1122 13.0247 130.9288 19.7221 -0.0154 0.15808938 0.0103 0.1447229 0.0 0.1 0.0 0.1 1 6
282 73.5214 10.6537 136.5764 17.3867 0.0301 0.13148674 -0.0533 0.14447987 0.0 0.1 0.0 0.1 1 6
283 1.1404 14.286 133.0901 17.3076 0.0704 0.15823288 -0.0071 0.11293596 0.0 0.1 0.0 0.1 1 6
284 31.3517 9.0345 156.044 10.5828 0.0457 0.09983649 -0.0987 0.090329275 0.0 0.1 0.0 0.1 1 6
285 -80.9442 10.6584 138.995 17.8705 0.0174 0.14166059 0.0728 0.1230819 0.0 0.1 0.0 0.1 1 6
286 -82.7644 13.7009 129.9569 20.6631 0.0421 0.16610262 0.0116 0.12511863 0.0 0.1 0.0 0.1 1 6
287 75.6342 11.1257 164.0717 11.5768 -0.0385 0.11425057 -0.1759 0.10798033 0.0 0.1 0.0 0.1 1 6
288 45.4158 10.7683 131.7445 12.9786 0.0622 0.1430064 -0.1307 0.12504542 0.0 0.1 0.0 0.1 1 6
289 50.0612 15.0173 113.2885 18.1802 -0.0039 0.19507895 -0.0322 0.17547072 0.0 0.1 0.0 0.1 1 6
290 81.9525 11.4457 149.2574 14.7705 -0.0742 0.11891344 -0.1672 0.11578515 0.0 0.1 0.0 0.1 1 6
291 64.8069 9.676 143.6178 14.3497 0.0708 0.12538785 -0.0565 0.10529081 0.0 0.1 0.0 0.1 1 6
292 42.5789 10.4443 141.4549 16.0964 0.0719 0.124002784 -0.0222 0.1243006 0.0 0.1 0.0 0.1 1 6
293 26.0593 14.3085 141.8272 18.9995 -0.0316 0.13792557 -0.0242 0.124744006 0.0 0.1 0.0 0.1 1 6
294 -24.5069 9.2686 150.3306 17.5631 0.064 0.10802165 -0.0283 0.10497527 0.0 0.1 0.0 0.1 1 6
295 -46.7418 7.3661 157.7615 13.2436 0.0244 0.08054144 -0.0351 0.112658724 0.0 0.1 0.0 0.1 1 6
296 -56.7062 13.3745 127.8539 22.3615 -0.0568 0.15618156 -0.0309 0.13983366 0.0 0.1 0.0 0.1 1 6
297 78.8916 10.4092 135.6683 17.301 -0.0014 0.12786412 -0.0414 0.13387318 0.0 0.1 0.0 0.1 1 6
298 77.3887 12.1567 140.9296 14.5875 -0.1277 0.13456112 -0.1118 0.12994981 0.0 0.1 0.0 0.1 1 6
299 64.8172 16.5667 112.9644 17.2278 -0.058 0.18567663 -0.134 0.1420998 0.0 0.1 0.0 0.1 1 6
300 8.5787 11.3808 150.9398 15.7275 0.0819 0.121892124 0.0168 0.13323793 0.0 0.1 0.0 0.1 1 6
301 -80.2576 10.773 141.2784 18.1668 0.0531 0.121719986 -0.0101 0.16146438 0.0 0.1 0.0 0.1 1 6
302 -14.8301 12.2852 142.9974 17.041 0.0787 0.12303993 -0.0104 0.09720226 0.0 0.1 0.0 0.1 1 6
303 28.9447 15.2287 128.855 18.2316 -0.0121 0.18283369 -0.0944 0.123997174 0.0 0.1 0.0 0.1 1 6
304 -3.9693 9.7392 138.4937 20.366 0.0393 0.12485516 0.0139 0.1275995 0.0 0.1 0.0 0.1 1 6
305 -34.4217 15.6883 117.5052 18.803 -0.0389 0.18176858 -0.0586 0.15722133 0.0 0.1 0.0 0.1 1 6
306 69.9957 12.0829 121.6013 19.1903 0.002 0.1614301 0.0003 0.13733803 0.0 0.1 0.0 0.1 1 6
307 76.2678 15.7813 126.3565 21.3666 -0.0735 0.18564261 -0.0315 0.17344199 0.0 0.1 0.0 0.1 1 6
308 57.174 12.7194 144.7097 19.4671 -0.0467 0.14835207 -0.0759 0.18093719 0.0 0.1 0.0 0.1 1 6
309 76.4249 15.3442 112.9474 22.5113 -0.0218 0.17695665 -0.0324 0.18669921 0.0 0.1 0.0 0.1 1 6
310 17.0388 10.6483 145.2765 14.461 0.0335 0.14610435 -0.1157 0.11727103 0.0 0.1 0.0 0.1 1 6
311 84.4993 12.9877 147.4863 21.0315 0.0073 0.14222626 -0.089 0.15841456 0.0 0.1 0.0 0.1 1 6
312 84.0426 11.6527 117.838 18.0329 -0.014 0.1676741 -0.0946 0.13196489 0.0 0.1 0.0 0.1 1 6
313 -20.1334 12.0156 141.1872 16.1566 0.0655 0.14403637 -0.0544 0.1310951 0.0 0.1 0.0 0.1 1 6
314 -58.6243 10.1524 132.3345 17.1522 0.0172 0.109427065 -0.0133 0.07943871 0.0 0.1 0.0 0.1 1 6
315 -46.4946 13.1717 116.0369 18.3678 0.0376 0.17850958 -0.0332 0.14978853 0.0 0.1 0.0 0.1 1 6
316 -80.9774 10.4151 148.4877 19.8685 0.0391 0.1264297 -0.0481 0.11395271 0.0 0.1 0.0 0.1 1 6
317 -69.2989 10.2646 145.1508 19.7732 0.0486 0.125244 0.0146 0.122817114 0.0 0.1 0.0 0.1 1 6
318 18.5901 9.8974 139.223 13.7605 0.0496 0.13392326 -0.138 0.10960714 0.0 0.1 0.0 0.1 1 6
319 63.6327 13.2601 128.8572 19.321 0.0059 0.15967482 -0.0836 0.12634222 0.0 0.1 0.0 0.1 1 6
320 43.8966 15.047 121.3115 20.8293 0.0255 0.16985925 -0.0771 0.14277779 0.0 0.1 0.0 0.1 1 6
321 82.0068 17.3021 114.6973 22.4742 -0.0194 0.20901267 -0.0758 0.16435836 0.0 0.1 0.0 0.1 1 6
322 59.9796 15.8775 116.1464 17.8288 0.0414 0.20553304 -0.076 0.21132733 0.0 0.1 0.0 0.1 1 6
323 62.6964 9.7152 130.755 17.1254 -0.0204 0.13223654 -0.0045 0.14937012 0.0 0.1 0.0 0.1 1 6
324 70.3704 18.1217 122.1989 20.369 0.0207 0.20798825 -0.0965 0.15084346 0.0 0.1 0.0 0.1 1 6
325 -7.3912 11.9045 129.2306 16.6296 0.0383 0.14931557 -0.0276 0.18698171 0.0 0.1 0.0 0.1 1 6
326 49.016 12.871 140.0141 21.0249 0.0514 0.13234982 0.031 0.15175094 0.0 0.1 0.0 0.1 1 6
327 -16.0669 11.9469 129.0098 19.0966 -0.0061 0.15647164 -0.0376 0.14692453 0.0 0.1 0.0 0.1 1 6
328 39.7037 16.2313 122.858 17.4308 0.0012 0.19408509 -0.0471 0.1804698 0.0 0.1 0.0 0.1 1 6
329 84.5645 19.7511 120.0143 21.6006 -0.0087 0.22772779 -0.1365 0.18730278 0.0 0.1 0.0 0.1 1 6
330 33.0302 10.7935 115.1263 19.6086 0.0322 0.17280194 -0.0529 0.14696223 0.0 0.1 0.0 0.1 1 6
331 -3.8773 14.1903 128.8065 19.9554 -0.0067 0.18840808 -0.102 0.15292169 0.0 0.1 0.0 0.1 1 6
332 4.5415 12.4566 118.8176 15.973 0.048 0.1771692 -0.1072 0.13121298 0.0 0.1 0.0 0.1 1 6
333 24.8344 13.99 124.9843 18.2305 0.0072 0.18733737 -0.0596 0.18660143 0.0 0.1 0.0 0.1 1 6
334 -75.9951 9.2453 148.869 16.5824 0.0127 0.107477866 -0.0435 0.1397838 0.0 0.1 0.0 0.1 1 6
335 -86.2394 13.0091 129.2015 21.4289 0.0186 0.14940134 -0.0298 0.14464961 0.0 0.1 0.0 0.1 1 6
336 -64.7532 16.0683 126.1397 21.0735 0.0358 0.17771244 -0.0006 0.17023996 0.0 0.1 0.0 0.1 1 6
337 -23.0029 13.9439 120.4873 19.0367 0.0137 0.16839786 -0.004 0.15890037 0.0 0.1 0.0 0.1 1 6
338 -44.7396 14.4272 135.2914 20.9442 -0.0069 0.16624258 -0.01 0.15754452 0.0 0.1 0.0 0.1 1 6
339 -29.7612 11.908 122.3463 16.9835 -0.0077 0.1633995 -0.0787 0.1158556 0.0 0.1 0.0 0.1 1 6
340 -60.4612 14.0656 130.426 23.307 -0.0201 0.18007661 0.0157 0.15117832 0.0 0.1 0.0 0.1 1 6
341 7.9243 13.8361 117.1382 21.5763 -0.0504 0.19498232 -0.0439 0.19878067 0.0 0.1 0.0 0.1 1 6
342 54.278 17.7108 128.518 20.5066 0.0084 0.18155181 -0.0514 0.1908543 0.0 0.1 0.0 0.1 1 6
343 -11.4254 13.5301 115.2822 20.6691 -0.0213 0.20005827 -0.073 0.16522445 0.0 0.1 0.0 0.1 1 6
