data/processed/NGC4564-h6/gauss_hermite_kins_o.ecsv
# %ECSV 1.0
# ---
# datatype:
# - {name: vbin_id, datatype: int64}
# - {name: v, datatype: float32}
# - {name: dv, datatype: float32}
# - {name: sigma, datatype: float32}
# - {name: dsigma, datatype: float32}
# - {name: h3, datatype: float32}
# - {name: dh3, datatype: float32}
# - {name: h4, datatype: float32}
# - {name: dh4, datatype: float32}
# - {name: h5, datatype: float32}
# - {name: dh5, datatype: float32}
# - {name: h6, datatype: float32}
# - {name: dh6, datatype: float32}
# - {name: is_good, datatype: int64}
# - {name: n_gh, datatype: int64}
# meta: !!omap
# - PSF:
#     sigma: [0.30981562904828125, 1.303031411282882]
#     weight: [0.7894296863335304, 0.2105703136664696]
# schema: astropy-2.0
vbin_id v dv sigma dsigma h3 dh3 h4 dh4 h5 dh5 h6 dh6 is_good n_gh
1 -10.3578 5.4663 205.2878 7.9622 0.0061 0.039343722 -0.0629 0.045925632 0.0 0.1 0.0 0.1 1 6
2 -3.5287 4.6196 204.2089 7.3269 -0.0676 0.033283025 0.0048 0.038052198 0.0 0.1 0.0 0.1 1 6
3 -4.4355 5.0566 196.2846 7.3489 -0.0427 0.041580413 0.018 0.03920133 0.0 0.1 0.0 0.1 1 6
4 -25.759 4.918 203.7424 7.1106 -0.0621 0.047346976 -0.0504 0.04561151 0.0 0.1 0.0 0.1 1 6
5 -0.0578 5.7329 181.8428 12.8075 -0.0157 0.04972392 0.0342 0.07038977 0.0 0.1 0.0 0.1 1 6
6 20.1519 5.8043 192.846 11.6267 -0.0633 0.051741768 0.0055 0.056963056 0.0 0.1 0.0 0.1 1 6
7 -22.5403 6.2837 208.7958 7.5751 0.0087 0.045837894 -0.081 0.046563413 0.0 0.1 0.0 0.1 1 6
8 -13.2637 5.6484 184.9856 9.5903 0.013 0.041929353 0.0038 0.06510539 0.0 0.1 0.0 0.1 1 6
9 -39.5207 5.3233 208.6103 8.9355 -0.0049 0.047243923 -0.0754 0.051402614 0.0 0.1 0.0 0.1 1 6
10 7.1443 6.0717 190.9664 10.4296 -0.0346 0.044539582 -0.0242 0.061495297 0.0 0.1 0.0 0.1 1 6
11 8.197 5.3617 195.9602 13.8336 -0.002 0.036447234 0.0224 0.051699292 0.0 0.1 0.0 0.1 1 6
12 22.3051 5.1571 189.3004 7.6245 -0.0108 0.04205519 -0.0499 0.038199242 0.0 0.1 0.0 0.1 1 6
13 31.0078 6.7424 183.8904 9.2622 -0.0212 0.0485788 -0.0222 0.04859364 0.0 0.1 0.0 0.1 1 6
14 9.955 4.9963 187.7441 6.8364 -0.0328 0.04233229 -0.0254 0.044559076 0.0 0.1 0.0 0.1 1 6
15 27.3805 7.912 171.0632 11.9951 0.054 0.07999453 -0.0901 0.07804869 0.0 0.1 0.0 0.1 1 6
16 10.0149 5.1633 205.8002 7.1276 0.0026 0.039246637 -0.0044 0.033443935 0.0 0.1 0.0 0.1 1 6
17 32.1189 8.4425 180.7118 11.211 -0.0819 0.060498975 -0.0279 0.0593042 0.0 0.1 0.0 0.1 1 6
18 32.3353 11.2964 162.6127 18.0739 -0.0886 0.087197 0.0356 0.07827474 0.0 0.1 0.0 0.1 1 6
19 -19.3522 5.9265 184.9255 9.2622 0.0362 0.046767417 -0.0268 0.055263 0.0 0.1 0.0 0.1 1 6
20 -27.2727 6.7752 195.3401 10.2785 -0.0465 0.06863188 -0.0632 0.059392124 0.0 0.1 0.0 0.1 1 6
21 19.1342 6.6746 171.9805 9.0844 -0.0426 0.05631088 -0.0217 0.045969274 0.0 0.1 0.0 0.1 1 6
22 1.4926 5.4392 182.5626 7.2013 0.0332 0.05222751 -0.0602 0.046339072 0.0 0.1 0.0 0.1 1 6
23 28.4921 5.1725 186.411 7.8004 0.0265 0.048055027 -0.052 0.07206987 0.0 0.1 0.0 0.1 1 6
24 2.9363 7.2116 162.1553 11.4895 0.0139 0.06361235 0.0449 0.060068738 0.0 0.1 0.0 0.1 1 6
25 33.4046 6.7538 160.7347 9.4281 -0.0273 0.06600165 -0.0023 0.07598234 0.0 0.1 0.0 0.1 1 6
26 -6.5055 5.9837 170.9513 10.3422 0.0127 0.05648533 -0.0052 0.063024916 0.0 0.1 0.0 0.1 1 6
27 -23.4673 6.3154 180.3814 7.5889 -0.0464 0.05372916 -0.0049 0.054013357 0.0 0.1 0.0 0.1 1 6
28 -48.1543 5.9089 200.8458 11.02 0.0016 0.04893145 -0.0177 0.06646875 0.0 0.1 0.0 0.1 1 6
29 -22.5299 8.4582 174.7264 9.2825 -0.0973 0.06661578 -0.0113 0.055712525 0.0 0.1 0.0 0.1 1 6
30 -40.7682 4.7651 205.295 8.064 -0.0321 0.038157813 -0.0154 0.044223122 0.0 0.1 0.0 0.1 1 6
31 -38.8944 5.1473 203.0323 9.2557 -0.0593 0.04667262 -0.0276 0.06418803 0.0 0.1 0.0 0.1 1 6
32 -45.0532 5.7358 195.5818 8.6145 -0.0447 0.040747944 0.0144 0.052834116 0.0 0.1 0.0 0.1 1 6
33 -43.3998 5.1706 199.3194 6.9496 -0.0136 0.04176299 -0.0102 0.044013806 0.0 0.1 0.0 0.1 1 6
34 -25.284 5.6941 197.5975 8.7659 0.0424 0.044361085 -0.0311 0.038847458 0.0 0.1 0.0 0.1 1 6
35 -4.9972 8.5124 170.5181 14.6939 -0.0564 0.07867428 0.0226 0.09556858 0.0 0.1 0.0 0.1 1 6
36 -36.7611 7.4559 174.5812 14.8487 -0.0367 0.060007572 0.0433 0.08139549 0.0 0.1 0.0 0.1 1 6
37 1.3015 12.4926 147.2498 18.1764 -0.0953 0.098693594 0.0554 0.09455554 0.0 0.1 0.0 0.1 1 6
38 -47.506 5.2149 201.7062 9.629 -0.0265 0.03605761 -0.0033 0.042596135 0.0 0.1 0.0 0.1 1 6
39 34.5437 6.8173 166.2714 7.7177 -0.0123 0.0574119 -0.0436 0.049348325 0.0 0.1 0.0 0.1 1 6
40 18.0689 8.4773 170.4611 12.3907 0.0309 0.07066586 -0.0324 0.06909685 0.0 0.1 0.0 0.1 1 6
41 26.7423 7.7621 153.5746 10.346 0.0398 0.0852034 -0.0355 0.06700169 0.0 0.1 0.0 0.1 1 6
42 50.0792 8.1903 173.7114 13.8908 0.0066 0.09038761 -0.0267 0.10357889 0.0 0.1 0.0 0.1 1 6
43 36.4063 9.9341 160.981 15.454 0.0435 0.095896676 0.0182 0.09098331 0.0 0.1 0.0 0.1 1 6
44 -0.142 9.6691 159.2404 19.8655 -0.0039 0.11369602 0.0644 0.13164094 0.0 0.1 0.0 0.1 1 6
45 41.0402 5.1511 184.8563 5.8339 -0.0033 0.04188617 -0.0945 0.04340528 0.0 0.1 0.0 0.1 1 6
46 34.8142 6.7573 189.6727 10.5663 -0.047 0.07293806 -0.0725 0.059737217 0.0 0.1 0.0 0.1 1 6
47 48.4606 7.6727 171.2987 10.5362 0.0161 0.07496279 -0.0018 0.08556211 0.0 0.1 0.0 0.1 1 6
48 47.6079 7.0877 167.2676 10.1528 -0.049 0.07026036 -0.0744 0.06485887 0.0 0.1 0.0 0.1 1 6
49 27.315 6.8984 185.6362 13.8044 -0.0303 0.057020847 0.0317 0.07373047 0.0 0.1 0.0 0.1 1 6
50 -19.7959 9.2417 168.7056 17.3821 -0.0689 0.081601255 0.0035 0.09421141 0.0 0.1 0.0 0.1 1 6
51 -6.4385 7.2857 165.9063 12.6714 -0.0695 0.07480009 -0.051 0.08356579 0.0 0.1 0.0 0.1 1 6
52 -46.2439 8.1423 171.0679 14.6689 -0.0022 0.072378844 0.0227 0.07755785 0.0 0.1 0.0 0.1 1 6
53 -35.9256 8.4798 155.848 17.5116 -0.0441 0.08396924 0.0364 0.09690711 0.0 0.1 0.0 0.1 1 6
54 4.7647 11.8326 147.442 19.7708 0.0227 0.10431152 0.0399 0.10765669 0.0 0.1 0.0 0.1 1 6
55 15.5711 9.0089 157.3211 13.862 -0.0242 0.098338924 -0.0393 0.071147114 0.0 0.1 0.0 0.1 1 6
56 29.3314 9.5862 146.2584 16.3389 -0.033 0.105192624 -0.0132 0.10138564 0.0 0.1 0.0 0.1 1 6
57 33.1218 10.8935 138.4125 18.3477 0.0195 0.13365236 0.0079 0.08032857 0.0 0.1 0.0 0.1 1 6
58 50.4152 11.2713 139.2914 18.8715 -0.0075 0.13257001 0.0039 0.11967561 0.0 0.1 0.0 0.1 1 6
59 -11.9137 8.4308 167.491 13.971 -0.029 0.07668298 -0.0515 0.10170521 0.0 0.1 0.0 0.1 1 6
60 49.1436 9.5489 151.7401 16.8277 0.0037 0.094727896 -0.0056 0.10869786 0.0 0.1 0.0 0.1 1 6
61 -42.7558 4.5743 164.782 6.7761 -0.0529 0.05017285 -0.0584 0.049934495 0.0 0.1 0.0 0.1 1 6
62 13.7537 11.4051 148.2048 17.2756 -0.0964 0.101256244 -0.0267 0.09224806 0.0 0.1 0.0 0.1 1 6
63 -5.4969 13.8804 123.3114 20.2814 -0.0248 0.17272626 -0.0531 0.16000083 0.0 0.1 0.0 0.1 1 6
64 -23.1182 8.5592 160.504 17.5897 -0.0718 0.09018386 -0.0315 0.09769903 0.0 0.1 0.0 0.1 1 6
65 18.6956 12.8567 138.9813 19.1848 0.0035 0.14115615 0.0022 0.087916724 0.0 0.1 0.0 0.1 1 6
66 -44.9551 10.3874 149.1615 20.5236 0.0419 0.10539736 0.0674 0.10710265 0.0 0.1 0.0 0.1 1 6
67 -51.6518 5.2194 198.8229 8.7661 0.0256 0.040281978 0.0122 0.050617315 0.0 0.1 0.0 0.1 1 6
68 -36.9585 9.9576 159.9371 15.2159 0.0422 0.10109956 0.021 0.09403083 0.0 0.1 0.0 0.1 1 6
69 -14.4778 10.9076 143.6654 19.8666 -0.0277 0.11933304 0.0313 0.1591462 0.0 0.1 0.0 0.1 1 6
70 -53.8143 6.2451 156.8905 10.6335 -0.0294 0.062312346 -0.0348 0.067541026 0.0 0.1 0.0 0.1 1 6
71 -1.1866 11.4928 126.6856 16.1349 0.0738 0.15148933 -0.0435 0.13657786 0.0 0.1 0.0 0.1 1 6
72 43.1463 11.138 145.0768 15.9972 -0.1007 0.114406 -0.0194 0.085641034 0.0 0.1 0.0 0.1 1 6
73 16.1698 14.5546 140.2784 18.1531 0.0597 0.1472521 -0.0648 0.13310173 0.0 0.1 0.0 0.1 1 6
74 40.6665 7.6367 165.4383 8.8915 -0.0004 0.07012286 -0.0832 0.07667759 0.0 0.1 0.0 0.1 1 6
75 33.4967 11.3901 136.2258 14.8839 0.0413 0.122590505 -0.0609 0.118081026 0.0 0.1 0.0 0.1 1 6
76 23.2896 15.6726 132.8184 21.3824 0.046 0.17278579 -0.053 0.11906777 0.0 0.1 0.0 0.1 1 6
77 -39.6766 11.8026 139.6379 16.4655 0.0079 0.12779684 -0.0338 0.11528451 0.0 0.1 0.0 0.1 1 6
78 -10.1984 12.4532 132.8735 21.2835 0.0191 0.14288157 0.0095 0.15218857 0.0 0.1 0.0 0.1 1 6
79 -33.8457 7.6331 150.3162 15.2867 -0.0057 0.0924947 -0.0041 0.0959022 0.0 0.1 0.0 0.1 1 6
80 -17.9188 12.2572 127.4625 17.154 0.0301 0.15326653 -0.0405 0.12866351 0.0 0.1 0.0 0.1 1 6
81 -1.0272 16.2629 115.2499 23.2449 0.0116 0.20731415 -0.0105 0.1785697 0.0 0.1 0.0 0.1 1 6
82 8.1942 11.7584 125.7214 18.0435 0.0466 0.15796769 -0.0895 0.116748825 0.0 0.1 0.0 0.1 1 6
83 30.4538 10.5818 136.6452 13.687 0.0312 0.13871442 -0.1154 0.116034396 0.0 0.1 0.0 0.1 1 6
84 28.3092 12.0017 138.9667 17.8098 -0.0268 0.13599814 -0.0704 0.119105086 0.0 0.1 0.0 0.1 1 6
85 -9.6767 11.7193 134.1368 19.5045 0.0548 0.14022471 -0.0634 0.12997296 0.0 0.1 0.0 0.1 1 6
86 -16.8118 13.1528 131.0633 18.5844 -0.0398 0.14912313 -0.0114 0.12959705 0.0 0.1 0.0 0.1 1 6
87 -40.2241 12.5021 136.4276 16.3398 -0.0335 0.14604911 -0.0148 0.10228392 0.0 0.1 0.0 0.1 1 6
88 -50.3774 8.2064 149.823 15.88 -0.0412 0.08112294 0.0043 0.082519695 0.0 0.1 0.0 0.1 1 6
89 -44.9408 13.4758 131.8221 19.2668 -0.0564 0.14445606 0.0027 0.14759442 0.0 0.1 0.0 0.1 1 6
90 1.547 14.0391 131.1725 17.839 0.0284 0.175011 -0.0295 0.18701254 0.0 0.1 0.0 0.1 1 6
91 18.6774 14.2916 111.1039 18.5379 -0.0228 0.21659665 -0.0542 0.19293013 0.0 0.1 0.0 0.1 1 6
92 37.3441 11.2501 138.7836 18.704 -0.0174 0.134332 -0.0532 0.13474916 0.0 0.1 0.0 0.1 1 6
93 51.0932 10.1991 140.7307 17.8951 -0.0312 0.12087243 -0.0693 0.12529485 0.0 0.1 0.0 0.1 1 6
94 64.4182 8.6606 153.6051 10.1515 -0.0087 0.090679176 -0.0697 0.07931725 0.0 0.1 0.0 0.1 1 6
95 38.0507 13.9151 113.3393 19.8879 -0.0364 0.19854964 -0.0402 0.16429685 0.0 0.1 0.0 0.1 1 6
96 39.1323 15.3071 120.2786 16.7331 -0.0203 0.19120683 -0.1169 0.11608206 0.0 0.1 0.0 0.1 1 6
97 59.804 9.1981 164.5123 8.0143 -0.0025 0.090398 -0.1723 0.06011192 0.0 0.1 0.0 0.1 1 6
98 2.3735 13.5284 119.7834 17.7748 0.0448 0.17914236 -0.141 0.14855868 0.0 0.1 0.0 0.1 1 6
99 -17.8213 14.1304 122.036 21.0412 0.0244 0.18749085 -0.0813 0.16700746 0.0 0.1 0.0 0.1 1 6
100 -22.246 12.78 128.709 18.9765 -0.009 0.15273766 -0.0347 0.121939115 0.0 0.1 0.0 0.1 1 6
101 -57.1908 12.5249 143.7343 16.8012 -0.0185 0.15168674 0.0017 0.13745554 0.0 0.1 0.0 0.1 1 6
102 -15.9903 14.2181 130.3299 18.8873 -0.055 0.17028713 0.0116 0.17151253 0.0 0.1 0.0 0.1 1 6
103 2.8212 15.1215 127.792 20.2964 0.0216 0.20329335 -0.0688 0.19009028 0.0 0.1 0.0 0.1 1 6
104 22.1176 14.6924 116.4927 18.794 0.0284 0.19397557 -0.103 0.1921928 0.0 0.1 0.0 0.1 1 6
105 29.8458 12.5928 126.3527 18.165 0.0208 0.17641747 -0.0656 0.1723928 0.0 0.1 0.0 0.1 1 6
106 -0.0049 14.5724 123.3295 16.5327 0.0392 0.18119626 -0.1291 0.15705012 0.0 0.1 0.0 0.1 1 6
107 54.1764 10.7368 126.8098 17.1334 -0.0345 0.13877833 -0.1001 0.1120844 0.0 0.1 0.0 0.1 1 6
108 42.8721 12.3278 118.0753 19.6631 0.0423 0.16707781 -0.1005 0.18208049 0.0 0.1 0.0 0.1 1 6
109 44.5988 13.4673 121.6664 21.7784 -0.0167 0.1757241 -0.0034 0.16998811 0.0 0.1 0.0 0.1 1 6
110 63.8627 12.7976 142.8778 18.5897 -0.0942 0.14177689 -0.0445 0.14459658 0.0 0.1 0.0 0.1 1 6
111 -4.8 16.8384 106.8283 16.2706 -0.008 0.22863959 -0.1444 0.17893822 0.0 0.1 0.0 0.1 1 6
112 29.7772 13.502 98.0884 20.0363 -0.0177 0.22027738 -0.0972 0.18094757 0.0 0.1 0.0 0.1 1 6
113 53.7344 11.0149 143.9082 19.647 0.0642 0.123233706 -0.0382 0.145227 0.0 0.1 0.0 0.1 1 6
114 57.1858 6.8035 156.4704 13.5088 0.037 0.06459074 0.0134 0.08601038 0.0 0.1 0.0 0.1 1 6
115 5.4041 14.778 103.6072 21.6979 -0.0821 0.21538566 -0.0959 0.18508786 0.0 0.1 0.0 0.1 1 6
116 -48.7401 11.9964 117.3238 17.9125 -0.032 0.1537417 -0.0041 0.10610839 0.0 0.1 0.0 0.1 1 6
117 -45.6177 12.0271 125.1715 18.0181 0.0691 0.17778356 -0.0706 0.16513045 0.0 0.1 0.0 0.1 1 6
118 -14.5752 14.7603 114.4346 18.6718 0.0164 0.20794529 -0.0825 0.18177181 0.0 0.1 0.0 0.1 1 6
119 -47.9152 9.8529 154.4129 17.0873 -0.0266 0.10699359 -0.0388 0.09694595 0.0 0.1 0.0 0.1 1 6
120 -44.4661 10.0422 138.4639 20.5621 -0.0261 0.12869403 0.0382 0.1172953 0.0 0.1 0.0 0.1 1 6
121 -58.7855 8.9766 156.3541 14.2191 -0.0609 0.086405635 -0.0205 0.08569468 0.0 0.1 0.0 0.1 1 6
122 -54.3613 12.3911 143.3548 17.4454 -0.05 0.13570152 -0.0171 0.08762006 0.0 0.1 0.0 0.1 1 6
123 -62.2977 8.795 158.1048 17.0485 0.0517 0.09252108 0.0479 0.086629085 0.0 0.1 0.0 0.1 1 6
124 -75.6786 11.9488 148.9055 19.8491 0.0166 0.12396436 -0.0048 0.11447471 0.0 0.1 0.0 0.1 1 6
125 -64.3631 7.322 187.6767 11.9272 0.0414 0.054296564 0.0112 0.05444817 0.0 0.1 0.0 0.1 1 6
126 -31.2045 18.5142 114.6602 19.0636 -0.0012 0.20319644 -0.0573 0.18921146 0.0 0.1 0.0 0.1 1 6
127 -51.0609 14.5539 122.1104 22.6734 -0.0299 0.17375071 -0.0205 0.17120837 0.0 0.1 0.0 0.1 1 6
128 -50.6138 11.0491 133.5464 20.817 -0.0035 0.133468 0.021 0.14433081 0.0 0.1 0.0 0.1 1 6
129 3.6414 15.9072 124.2409 19.9946 -0.0666 0.15753406 -0.0828 0.195526 0.0 0.1 0.0 0.1 1 6
130 -66.3821 6.9825 169.8338 12.2843 -0.0479 0.061388485 -0.0683 0.075758606 0.0 0.1 0.0 0.1 1 6
131 -69.1138 9.707 150.2998 21.0368 -0.0462 0.08839665 0.1082 0.0865117 0.0 0.1 0.0 0.1 1 6
132 -51.8762 4.5715 188.3626 8.4608 -0.0031 0.03985624 0.008 0.043400247 0.0 0.1 0.0 0.1 1 6
133 -53.783 8.1874 153.0276 15.6575 -0.042 0.105579115 -0.0002 0.13892351 0.0 0.1 0.0 0.1 1 6
134 -74.2972 4.1995 195.0608 7.5784 0.0258 0.0332648 -0.0095 0.040907122 0.0 0.1 0.0 0.1 1 6
135 -46.5773 5.5519 185.8732 11.8311 0.024 0.053740326 0.035 0.060488045 0.0 0.1 0.0 0.1 1 6
136 -56.2651 12.8243 138.145 21.9269 -0.0954 0.11957728 -0.0077 0.11329385 0.0 0.1 0.0 0.1 1 6
137 -61.2073 12.7329 138.6248 20.9097 -0.0657 0.1342375 0.0231 0.11547306 0.0 0.1 0.0 0.1 1 6
138 -70.2876 9.0924 156.0882 20.9011 -0.0467 0.081845894 0.1077 0.10306981 0.0 0.1 0.0 0.1 1 6
139 -44.8739 5.6142 199.167 7.878 -0.0005 0.038245216 0.0224 0.034420904 0.0 0.1 0.0 0.1 1 6
140 -50.1881 13.2577 124.6675 20.8812 0.024 0.17264436 -0.0292 0.12923993 0.0 0.1 0.0 0.1 1 6
141 -76.4363 6.0767 179.6781 8.5927 0.0005 0.05641438 -0.0209 0.055499014 0.0 0.1 0.0 0.1 1 6
142 -72.2735 5.9882 196.2633 8.8485 0.0723 0.04269867 0.0044 0.050905313 0.0 0.1 0.0 0.1 1 6
143 -70.3542 5.5966 178.1325 7.7631 -0.0306 0.051998317 -0.0973 0.04877579 0.0 0.1 0.0 0.1 1 6
144 -61.938 12.8974 143.2205 22.9368 -0.0326 0.1263083 0.032 0.112667665 0.0 0.1 0.0 0.1 1 6
145 -64.0493 14.8748 126.6934 20.1492 0.0776 0.18586805 0.0014 0.16410019 0.0 0.1 0.0 0.1 1 6
146 -81.8514 8.6396 152.4706 16.5564 0.0876 0.08638487 0.058 0.095473945 0.0 0.1 0.0 0.1 1 6
147 -41.1151 5.2936 207.9602 7.5869 0.0003 0.038337126 -0.0121 0.046247445 0.0 0.1 0.0 0.1 1 6
148 -67.3379 9.2265 137.8153 18.5548 -0.0348 0.11245609 0.0394 0.104369834 0.0 0.1 0.0 0.1 1 6
149 -53.8812 4.6641 187.4337 7.495 0.0045 0.03702182 0.0018 0.043094676 0.0 0.1 0.0 0.1 1 6
150 -76.4116 6.0825 169.7203 12.425 0.006 0.051452693 0.0296 0.070424214 0.0 0.1 0.0 0.1 1 6
151 -77.7849 9.4875 158.346 21.3991 0.018 0.10294774 0.0216 0.11870492 0.0 0.1 0.0 0.1 1 6
152 -59.0813 5.4046 185.6939 7.718 -0.0234 0.042410534 -0.0333 0.057642385 0.0 0.1 0.0 0.1 1 6
153 -81.3609 7.0043 158.1555 14.3291 0.0088 0.06514738 0.0121 0.07634091 0.0 0.1 0.0 0.1 1 6
154 58.5382 9.4999 162.1331 15.3518 -0.0318 0.09369043 -0.0291 0.07229592 0.0 0.1 0.0 0.1 1 6
155 64.8833 8.8309 162.9957 14.3742 0.0089 0.07695201 0.0006 0.06501199 0.0 0.1 0.0 0.1 1 6
156 -30.3251 7.9963 174.4019 14.9063 -0.094 0.07770311 0.0382 0.064604625 0.0 0.1 0.0 0.1 1 6
157 -32.4559 5.9054 209.4376 10.2016 0.0399 0.045072448 -0.0344 0.071082756 0.0 0.1 0.0 0.1 1 6
158 -57.7598 9.077 140.0574 17.7102 -0.0407 0.10540494 0.0444 0.1414594 0.0 0.1 0.0 0.1 1 6
159 -46.6258 5.6024 176.8788 8.1737 -0.0794 0.03929446 -0.0172 0.053269275 0.0 0.1 0.0 0.1 1 6
160 -78.1517 8.4492 157.0438 16.4455 -0.0146 0.07066475 0.0564 0.1002137 0.0 0.1 0.0 0.1 1 6
161 -21.7435 8.1992 179.4186 14.6142 0.0659 0.054977074 0.0983 0.058862932 0.0 0.1 0.0 0.1 1 6
162 52.5571 5.1654 193.5159 6.5502 -0.0483 0.04001818 -0.075 0.034015328 0.0 0.1 0.0 0.1 1 6
163 -49.8915 6.7519 179.8561 12.4305 -0.015 0.058991846 -0.0097 0.07782772 0.0 0.1 0.0 0.1 1 6
164 -77.8679 6.9508 160.6027 14.7451 -0.0723 0.06264285 0.0047 0.086397514 0.0 0.1 0.0 0.1 1 6
165 28.5496 5.3276 197.5997 9.1334 -0.0526 0.043090593 0.0219 0.045061722 0.0 0.1 0.0 0.1 1 6
166 34.5764 7.4749 192.4844 8.821 -0.065 0.07457287 -0.0765 0.055526424 0.0 0.1 0.0 0.1 1 6
167 -33.2234 4.638 196.5618 7.5645 0.0292 0.037241023 0.0017 0.038533583 0.0 0.1 0.0 0.1 1 6
168 -42.5951 5.9104 189.4136 7.5927 -0.0919 0.041803796 -0.0238 0.05386436 0.0 0.1 0.0 0.1 1 6
169 -25.711 6.394 193.1387 14.2875 0.0149 0.054309577 0.0236 0.074311845 0.0 0.1 0.0 0.1 1 6
170 67.4412 7.9131 159.3864 14.0729 0.0111 0.080813825 -0.0265 0.092257224 0.0 0.1 0.0 0.1 1 6
171 -66.2688 9.1509 152.5312 22.0206 -0.0335 0.08283432 0.06 0.089526296 0.0 0.1 0.0 0.1 1 6
172 63.1126 6.8481 150.8626 11.2774 0.0314 0.096662164 -0.0275 0.10314136 0.0 0.1 0.0 0.1 1 6
