data/processed/NGC4564-h6/hist_kins_s.ecsv
# %ECSV 1.0
# ---
# datatype:
# - {name: binID_dynamite, datatype: int64}
# - {name: v, datatype: float32}
# - {name: sigma, datatype: float32}
# - {name: losvd_0, datatype: float64}
# - {name: dlosvd_0, datatype: float64}
# - {name: losvd_1, datatype: float64}
# - {name: dlosvd_1, datatype: float64}
# - {name: losvd_2, datatype: float64}
# - {name: dlosvd_2, datatype: float64}
# - {name: losvd_3, datatype: float64}
# - {name: dlosvd_3, datatype: float64}
# - {name: losvd_4, datatype: float64}
# - {name: dlosvd_4, datatype: float64}
# - {name: losvd_5, datatype: float64}
# - {name: dlosvd_5, datatype: float64}
# - {name: losvd_6, datatype: float64}
# - {name: dlosvd_6, datatype: float64}
# - {name: losvd_7, datatype: float64}
# - {name: dlosvd_7, datatype: float64}
# - {name: losvd_8, datatype: float64}
# - {name: dlosvd_8, datatype: float64}
# - {name: losvd_9, datatype: float64}
# - {name: dlosvd_9, datatype: float64}
# - {name: losvd_10, datatype: float64}
# - {name: dlosvd_10, datatype: float64}
# - {name: losvd_11, datatype: float64}
# - {name: dlosvd_11, datatype: float64}
# - {name: losvd_12, datatype: float64}
# - {name: dlosvd_12, datatype: float64}
# - {name: losvd_13, datatype: float64}
# - {name: dlosvd_13, datatype: float64}
# - {name: losvd_14, datatype: float64}
# - {name: dlosvd_14, datatype: float64}
# - {name: losvd_15, datatype: float64}
# - {name: dlosvd_15, datatype: float64}
# - {name: losvd_16, datatype: float64}
# - {name: dlosvd_16, datatype: float64}
# - {name: losvd_17, datatype: float64}
# - {name: dlosvd_17, datatype: float64}
# - {name: losvd_18, datatype: float64}
# - {name: dlosvd_18, datatype: float64}
# - {name: losvd_19, datatype: float64}
# - {name: dlosvd_19, datatype: float64}
# - {name: losvd_20, datatype: float64}
# - {name: dlosvd_20, datatype: float64}
# - {name: losvd_21, datatype: float64}
# - {name: dlosvd_21, datatype: float64}
# - {name: losvd_22, datatype: float64}
# - {name: dlosvd_22, datatype: float64}
# - {name: losvd_23, datatype: float64}
# - {name: dlosvd_23, datatype: float64}
# - {name: losvd_24, datatype: float64}
# - {name: dlosvd_24, datatype: float64}
# - {name: losvd_25, datatype: float64}
# - {name: dlosvd_25, datatype: float64}
# - {name: losvd_26, datatype: float64}
# - {name: dlosvd_26, datatype: float64}
# - {name: losvd_27, datatype: float64}
# - {name: dlosvd_27, datatype: float64}
# - {name: losvd_28, datatype: float64}
# - {name: dlosvd_28, datatype: float64}
# - {name: losvd_29, datatype: float64}
# - {name: dlosvd_29, datatype: float64}
# - {name: is_good, datatype: int64}
# meta: !!omap
# - {dv: 100.0}
# - vcent: [-1450.0, -1350.0, -1250.0, -1150.0, -1050.0, -950.0, -850.0, -750.0, -650.0, -550.0, -450.0, -350.0, -250.0, -150.0, -50.0,
#     50.0, 150.0, 250.0, 350.0, 450.0, 550.0, 650.0, 750.0, 850.0, 950.0, 1050.0, 1150.0, 1250.0, 1350.0, 1450.0]
# - {nbins: 689}
# - {nvbins: 30}
# - PSF:
#     sigma: [0.9742837712172444, 4.520288137872436]
#     weight: [0.9230141364684558, 0.07698586353154424]
# schema: astropy-2.0
binID_dynamite v sigma losvd_0 dlosvd_0 losvd_1 dlosvd_1 losvd_2 dlosvd_2 losvd_3 dlosvd_3 losvd_4 dlosvd_4 losvd_5 dlosvd_5 losvd_6 dlosvd_6 losvd_7 dlosvd_7 losvd_8 dlosvd_8 losvd_9 dlosvd_9 losvd_10 dlosvd_10 losvd_11 dlosvd_11 losvd_12 dlosvd_12 losvd_13 dlosvd_13 losvd_14 dlosvd_14 losvd_15 dlosvd_15 losvd_16 dlosvd_16 losvd_17 dlosvd_17 losvd_18 dlosvd_18 losvd_19 dlosvd_19 losvd_20 dlosvd_20 losvd_21 dlosvd_21 losvd_22 dlosvd_22 losvd_23 dlosvd_23 losvd_24 dlosvd_24 losvd_25 dlosvd_25 losvd_26 dlosvd_26 losvd_27 dlosvd_27 losvd_28 dlosvd_28 losvd_29 dlosvd_29 is_good
[from data line 580]
581 133.2132 105.04934 0.0 0.001 0.0 0.001 0.0 0.001 0.0 0.001 0.0 0.001 0.0 0.001 0.0 0.001 0.0 0.001 1.9107934672352548e-13 0.001 1.20648308311349e-09 0.001 8.701982427590807e-07 0.001 0.00013263249314880075 0.002671987612362102 0.003205567159797566 0.01835613252505204 0.027406940793452815 0.03148345164161537 0.09566090013922467 0.028712476583232165 0.2587242341757592 0.02720514936580913 0.3645900256596152 0.04175039166454195 0.20123410938661157 0.025256992921910526 0.044380563333540665 0.026571084674480355 0.004664155453932523 0.0334232416361979 0.0 0.011165263856713566 0.0 0.0010060999428042213 0.0 0.001 0.0 0.001 0.0 0.001 0.0 0.001 0.0 0.001 0.0 0.001 0.0 0.001 0.0 0.001 1
582 67.5511 125.88848 0.0 0.001 0.0 0.001 0.0 0.001 0.0 0.001 0.0 0.001 0.0 0.001 0.0 0.001 0.0 0.001 0.0 0.001 0.0 0.001 0.0 0.007509668390322643 0.0 0.025771095775840278 0.0 0.027924667481345984 0.05297103912179129 0.0298432544268454 0.2234646683858248 0.02228580524035917 0.30781939444005113 0.038663847661327855 0.23699651212417877 0.026846908058650823 0.1298966367310572 0.02469624586222558 0.04339821471198204 0.02496505345601802 0.00545353448511483 0.030060637012289792 0.0 0.012702516371922573 0.0 0.001952130824341035 0.0 0.001 0.0 0.001 0.0 0.001 0.0 0.001 0.0 0.001 0.0 0.001 0.0 0.001 0.0 0.001 1
583 -64.5024 73.25892 0.0 0.001 0.0 0.001 0.0 0.001 0.0 0.001 0.0 0.001 0.0 0.001 0.0 0.001 0.0 0.001 0.0 0.001 0.0 0.001 0.0 0.001 0.0002697938120525017 0.018030273972907927 0.04061747984482174 0.04896784766998301 0.2777630553571808 0.04472195350942178 0.49488877750890503 0.06920575575962071 0.17559152093430247 0.05308850986926826 0.010866734367256234 0.04678063100558402 2.638175481124912e-06 0.011466968743655876 0.0 0.001 0.0 0.001 0.0 0.001 0.0 0.001 0.0 0.001 0.0 0.001 0.0 0.001 0.0 0.001 0.0 0.001 0.0 0.001 0.0 0.001 0.0 0.001 1
584 108.7228 98.1121 0.0 0.001 0.0 0.001 0.0 0.001 0.0 0.001 0.0 0.001 0.0 0.001 0.0 0.001 0.0 0.001 2.0448125389366566e-14 0.001 1.67064051440832e-10 0.001 5.216285153528908e-07 0.001 0.00010811054435391979 0.0026834083694878934 0.00369713124409723 0.02120387625499596 0.03595319040493512 0.032812404390038644 0.13302987160696936 0.027927735093583622 0.31035077318205173 0.027850466844523386 0.3739700950731069 0.037500551619272876 0.1418942075286392 0.03186449587206219 0.0009960986202465748 0.027789226411533453 0.0 0.026960921935032033 0.0 0.004240225709287084 0.0 0.001 0.0 0.001 0.0 0.001 0.0 0.001 0.0 0.001 0.0 0.001 0.0 0.001 0.0 0.001 0.0 0.001 1
585 119.0182 103.64508 0.0 0.001 0.0 0.001 0.0 0.001 0.0 0.001 0.0 0.001 0.0 0.001 0.0 0.001 0.0 0.001 0.0 0.001 0.0 0.001 0.0 0.001 0.0 0.0036012761347591123 0.0 0.022423535281148276 0.008398876456262814 0.038753553586736725 0.10207819483998769 0.040296653915849606 0.3084486349186952 0.04377219253337494 0.35282085587212053 0.048648361934856416 0.17614243173509647 0.03580582904741571 0.045646654103972215 0.04396090588129636 0.00637915976597281 0.0325981786198612 8.516139714104101e-05 0.008581251850042389 3.091075104280164e-08 0.001 0.0 0.001 0.0 0.001 0.0 0.001 0.0 0.001 0.0 0.001 0.0 0.001 0.0 0.001 0.0 0.001 1
586 135.6446 118.2701 0.0 0.001 0.0 0.001 0.0 0.001 0.0 0.001 0.0 0.001 0.0 0.001 0.0 0.001 0.0 0.001 0.0 0.001 0.0 0.001 0.0 0.001 0.0 0.008118421502965989 0.0035970561545182965 0.028376603993582175 0.035066860188815566 0.0249778139109583 0.12047898440262453 0.024952817069809057 0.24091303333457753 0.021512605379678473 0.32680377348390693 0.03687192143728346 0.2290737243310898 0.019264962428713464 0.04406656810446738 0.02812535940159932 0.0 0.029970360858000818 0.0 0.02311127908702175 0.0 0.004469016549880223 0.0 0.001 0.0 0.001 0.0 0.001 0.0 0.001 0.0 0.001 0.0 0.001 0.0 0.001 0.0 0.001 1
587 101.9251 107.6103 0.0 0.001 0.0 0.001 0.0 0.001 0.0 0.001 0.0 0.001 0.0 0.001 0.0 0.001 1.795788056834013e-13 0.001 3.3856603813671646e-10 0.001 2.4699683196914865e-07 0.001 3.3018631861553444e-05 0.001 0.0012633183705428276 0.006881187473807495 0.014970740884381621 0.02954178813466918 0.06942327987438912 0.024362509766950598 0.1506775547956791 0.02294367368895313 0.28692170883436013 0.027718977452188015 0.3435356334554831 0.03018587722099808 0.1331744978177248 0.028338809060061705 0.0 0.023371362999741435 0.0 0.02991572048757188 0.0 0.007496424384959234 0.0 0.001 0.0 0.001 0.0 0.001 0.0 0.001 0.0 0.001 0.0 0.001 0.0 0.001 0.0 0.001 0.0 0.001 1
588 -136.0346 104.191284 0.0 0.001 0.0 0.001 0.0 0.001 0.0 0.001 9.801614095072361e-17 0.001 4.1742319014914383e-13 0.001 1.022743832377763e-09 0.001 6.630044522477787e-07 0.001 7.438517646295125e-05 0.001 0.0022192328274808354 0.011277764916927311 0.022381092281493896 0.03149631045915912 0.07653696061893965 0.023592291329987438 0.1879133497102828 0.015765610993721313 0.35733356579500314 0.036144944042249244 0.256514567364596 0.020961630645364895 0.072044378322422 0.027580610431456903 0.02076138630691544 0.031075763829058932 0.0040185801438844876 0.018213568059012072 0.00019765841651823337 0.0022038333764011807 4.162786886875605e-06 0.001 1.620575011644632e-08 0.001 1.5745731615631127e-11 0.001 4.12460022740722e-15 0.001 0.0 0.001 0.0 0.001 0.0 0.001 0.0 0.001 0.0 0.001 0.0 0.001 0.0 0.001 1
589 120.5826 110.6723 0.0 0.001 0.0 0.001 0.0 0.001 0.0 0.001 0.0 0.001 0.0 0.001 0.0 0.001 0.0 0.001 0.0 0.001 0.0 0.001 4.480939190043358e-07 0.001 0.0001466442527564244 0.006705590828741495 0.003958448871104836 0.026003640230399964 0.029359398406479765 0.030254307750238237 0.11006308756470692 0.032316922961513686 0.27933783429461106 0.037051367153701 0.3298704516609964 0.04421836194255796 0.17004778579124996 0.029832768224518802 0.05935488432274629 0.031069811210739765 0.016268560254693747 0.031799622882262006 0.0015643763938951935 0.012563732462958587 2.8044071450997423e-05 0.0016410373352678648 3.60204187480368e-08 0.001 9.706250382119315e-13 0.001 0.0 0.001 0.0 0.001 0.0 0.001 0.0 0.001 0.0 0.001 0.0 0.001 1
590 -143.7452 96.90964 0.0 0.001 0.0 0.001 0.0 0.001 0.0 0.001 0.0 0.001 0.0 0.001 0.0 0.001 0.0 0.001 0.0 0.001 0.0 0.008160932908722796 0.0 0.03505497570240474 0.01928237246775429 0.029590312170954033 0.22892414470122202 0.02977117214117775 0.3934486009844842 0.04337992766844831 0.2374022195938873 0.024707173298046697 0.09631626931688679 0.029536102200401815 0.02328709647721651 0.03515659599129003 0.0013186718883604481 0.010874274922706581 2.061663641911052e-05 0.001 7.931913915768728e-09 0.001 1.8552161533529868e-12 0.001 3.143548469585542e-16 0.001 0.0 0.001 0.0 0.001 0.0 0.001 0.0 0.001 0.0 0.001 0.0 0.001 0.0 0.001 0.0 0.001 1
591 -95.2447 117.732086 0.0 0.001 0.0 0.001 0.0 0.001 0.0 0.001 0.0 0.001 0.0 0.001 0.0 0.001 0.0 0.001 0.0 0.001684907287010594 0.0 0.011971550245518377 0.0 0.03132883706143974 0.029743819666722484 0.027049950627831984 0.149560344071777 0.027111779446652697 0.30402856893828234 0.03357286908846763 0.3080975342473828 0.03718694350726659 0.1652406869804494 0.025238385077926986 0.041403044204656445 0.025604311116080865 0.0019260018907295252 0.03075514772157137 0.0 0.014034134686359605 0.0 0.0020745628771904555 0.0 0.001 0.0 0.001 0.0 0.001 0.0 0.001 0.0 0.001 0.0 0.001 0.0 0.001 0.0 0.001 0.0 0.001 0.0 0.001 1
592 -126.9181 104.87715 0.0 0.001 0.0 0.001 0.0 0.001 0.0 0.001 0.0 0.001 0.0 0.001 0.0 0.001 0.0 0.001 0.0 0.001 0.0 0.01081390118662502 0.0 0.03462505198890259 0.026243634590730702 0.025176263484688995 0.19263301790193382 0.025371595704830385 0.3643170814835496 0.03566054911381439 0.26495168846610745 0.02351874994403262 0.11469461113827621 0.0285679442393691 0.03324436687462844 0.03179611274083569 0.0037872737327043367 0.021685315839666895 0.0001278452675521616 0.0031996347355246835 4.775597184010237e-07 0.001 2.9819860536806104e-09 0.001 2.8124914620314053e-12 0.001 4.1097904402556543e-16 0.001 0.0 0.001 0.0 0.001 0.0 0.001 0.0 0.001 0.0 0.001 0.0 0.001 0.0 0.001 1
593 -130.6202 111.8693 0.0 0.001 0.0 0.001 0.0 0.001 0.0 0.001 0.0 0.001 0.0 0.001 0.0 0.001 0.0 0.001 0.0 0.0025342124424873923 0.0 0.016663249910500645 0.0 0.03622627873180581 0.02682754172908439 0.03916414368372917 0.2192290027819708 0.03689637207687449 0.34610685336116426 0.04925495555608869 0.2595090329588052 0.03642379543923406 0.11978771776502452 0.036136146771503605 0.02750672271653134 0.03906720805925811 0.0010331286874194461 0.025819328892915598 0.0 0.0058061027452936224 0.0 0.001 0.0 0.001 0.0 0.001 0.0 0.001 0.0 0.001 0.0 0.001 0.0 0.001 0.0 0.001 0.0 0.001 0.0 0.001 0.0 0.001 1
594 -64.6487 104.86286 0.0 0.001 0.0 0.001 0.0 0.001 0.0 0.001 0.0 0.001 1.0393468146418363e-16 0.001 1.177013696205806e-13 0.001 3.8094683729220327e-10 0.001 3.853616084717154e-07 0.001 8.03063291404516e-05 0.002429351848152498 0.002369856489774404 0.01803869218668975 0.01631317639684854 0.030403819184222365 0.0759252491469908 0.028866668479108494 0.2612232147579737 0.024624275399766096 0.35585121560675104 0.03903789554634465 0.1924135800683288 0.01942200668115729 0.0724435589250727 0.025862377792375817 0.0211308628176895 0.032890229519950166 0.0021951626818220112 0.011265706882268068 5.3096050777247324e-05 0.0010986825988447229 3.343907586964674e-07 0.001 5.952369039449673e-10 0.001 1.6214244675863045e-13 0.001 0.0 0.001 0.0 0.001 0.0 0.001 0.0 0.001 0.0 0.001 0.0 0.001 0.0 0.001 1
595 -111.2947 97.38813 0.0 0.001 0.0 0.001 0.0 0.001 0.0 0.001 0.0 0.001 0.0 0.001 0.0 0.001 0.0 0.001 2.8050766632530905e-08 0.001 0.00010613110465933546 0.0037715252573621433 0.002813056755159733 0.02418412154021387 0.023469428892624065 0.025305640709436177 0.13501711348302084 0.025843999800846805 0.3660510977697154 0.03197590188630567 0.2960937279370426 0.02501587598145605 0.12385350732529908 0.024638281316615142 0.04624143250319654 0.02917154627322488 0.00618043756595197 0.018049555525730558 0.0001732776895465425 0.0019290131539162478 7.60503259850271e-07 0.001 4.197573666348256e-10 0.001 0.0 0.001 0.0 0.001 0.0 0.001 0.0 0.001 0.0 0.001 0.0 0.001 0.0 0.001 0.0 0.001 0.0 0.001 1
596 -142.357 99.18247 0.0 0.001 0.0 0.001 0.0 0.001 0.0 0.001 0.0 0.001 0.0 0.001 0.0 0.001 2.8458477971194355e-09 0.001 9.229929551815011e-06 0.001 0.000725982362734848 0.008981199242749066 0.006472209172316253 0.030975488036160223 0.03935023571989219 0.020625098535900638 0.20952090548712723 0.01737016008794033 0.38480534190051563 0.03711387601083985 0.2240546408434349 0.014434236513320597 0.0996733701441351 0.024228437210032115 0.03241978207420514 0.0322540046922548 0.002907459681338175 0.012125231630777864 6.0616124514444664e-05 0.001 2.2354135681786433e-07 0.001 1.7301679051926928e-10 0.001 1.2822707281170615e-14 0.001 0.0 0.001 0.0 0.001 0.0 0.001 0.0 0.001 0.0 0.001 0.0 0.001 0.0 0.001 0.0 0.001 1
597 135.6852 107.19638 0.0 0.001 0.0 0.001 0.0 0.001 0.0 0.001 0.0 0.001 0.0 0.001 0.0 0.001 0.0 0.001 0.0 0.001 0.0 0.001 0.0 0.001 0.0 0.003463696605807897 0.0008427017818658708 0.02007802126482177 0.02136427881483274 0.03464585730910864 0.10721080558086843 0.031243113567959155 0.25818563364435865 0.03201563713433188 0.3590745080152155 0.05105328489648364 0.22289984410558056 0.032577433770304004 0.03042222805727826 0.03290489278664281 0.0 0.034556587242243995 0.0 0.013821467221701664 0.0 0.0017982830714731303 0.0 0.001 0.0 0.001 0.0 0.001 0.0 0.001 0.0 0.001 0.0 0.001 0.0 0.001 0.0 0.001 1
598 107.4266 123.61114 0.0 0.001 0.0 0.001 0.0 0.001 0.0 0.001 0.0 0.001 0.0 0.001 0.0 0.001 0.0 0.001 0.0 0.001 0.0 0.001 0.0 0.0030770190009390542 0.0 0.016323673524091382 0.0 0.03151567215667638 0.040264440714686454 0.0261994558592824 0.16417319710913472 0.02105878743359403 0.27615420061989604 0.03141580290915347 0.30698539417480103 0.03852511962636854 0.1909363468022953 0.022024214234281927 0.021486420579186323 0.030623053356161584 0.0 0.03076718940203836 0.0 0.020380052025482633 0.0 0.004309909021765497 0.0 0.001 0.0 0.001 0.0 0.001 0.0 0.001 0.0 0.001 0.0 0.001 0.0 0.001 0.0 0.001 1
599 -59.9679 82.864525 0.0 0.001 0.0 0.001 0.0 0.001 0.0 0.001 0.0 0.001 0.0 0.001 0.0 0.001 0.0 0.001 0.0 0.001 0.0 0.001 0.0 0.004534612379860433 0.0 0.028306583824122027 0.03633358099285072 0.05212054382040133 0.2694443132232848 0.045793333127053984 0.451084162703605 0.09942590770079607 0.2107635085537033 0.04530077858119204 0.03197118435740632 0.04449848033911344 0.00040324881194891174 0.0211869732250504 1.3572008332229932e-09 0.0022796051770778538 0.0 0.001 0.0 0.001 0.0 0.001 0.0 0.001 0.0 0.001 0.0 0.001 0.0 0.001 0.0 0.001 0.0 0.001 0.0 0.001 0.0 0.001 1
600 108.3162 88.19443 0.0 0.001 0.0 0.001 0.0 0.001 0.0 0.001 0.0 0.001 0.0 0.001 0.0 0.001 0.0 0.001 0.0 0.001 5.549567060130653e-16 0.001 3.411467521019811e-11 0.001 3.7192954130516305e-07 0.001 0.0003935352581538596 0.01254325593994533 0.017538155878989325 0.04105092350851684 0.11967516999918557 0.043310338060460106 0.33888233391582545 0.04563498225519086 0.4014793999625735 0.054936267775781394 0.1220310329266528 0.0505554275582501 0.0 0.040597259098217736 0.0 0.017991817895476298 0.0 0.0014899673478150368 9.496073676331462e-11 0.001 2.284193693147697e-15 0.001 0.0 0.001 0.0 0.001 0.0 0.001 0.0 0.001 0.0 0.001 0.0 0.001 0.0 0.001 1
601 131.8694 104.08871 0.0 0.001 0.0 0.001 0.0 0.001 0.0 0.001 0.0 0.001 0.0 0.001 0.0 0.001 6.320031769154927e-15 0.001 1.6416613296073654e-11 0.001 1.579028840217285e-08 0.001 4.115509118661816e-06 0.001 0.0002889749283547791 0.002409572722433353 0.005960117364411014 0.01932085642601706 0.04099755334001624 0.030688489195938765 0.11475193205516658 0.026380369006178052 0.24709271898028448 0.017676222422380816 0.36925733563212393 0.03500967408003128 0.19970301651160177 0.01917907429173997 0.02194421987221129 0.02103842566516798 0.0 0.03191483537055302 0.0 0.01060716034817622 0.0 0.001 0.0 0.001 0.0 0.001 0.0 0.001 0.0 0.001 0.0 0.001 0.0 0.001 0.0 0.001 0.0 0.001 1
602 51.7153 105.106674 0.0 0.001 0.0 0.001 0.0 0.001 0.0 0.001 0.0 0.001 0.0 0.001 0.0 0.001 0.0 0.001 7.98433606614676e-12 0.001 7.02760971121835e-08 0.001 3.8102521786264283e-05 0.0013967070607943059 0.0022549283835861366 0.013817103587449257 0.022368290977468043 0.030510600413466364 0.06999130646151651 0.021840093944602026 0.2120378437027557 0.015454780312790822 0.36337405988328625 0.03703699859763521 0.2150095105348156 0.01564718169188256 0.08103869434367444 0.02345932295055336 0.029968593468400997 0.030793937304659777 0.003801239573394988 0.014016550441349696 0.00011699329363208689 0.0015036639930074414 3.662358195916143e-07 0.001 3.357773422474542e-10 0.001 4.5473324720575126e-15 0.001 0.0 0.001 0.0 0.001 0.0 0.001 0.0 0.001 0.0 0.001 0.0 0.001 1
603 -131.7581 89.02456 0.0 0.001 0.0 0.001 0.0 0.001 0.0 0.001 0.0 0.001 0.0 0.001 1.0718907936806304e-16 0.001 5.409988833131433e-12 0.001 4.510822667664867e-09 0.001 2.2173319822124282e-05 0.0026469457878792483 0.0014685855646057134 0.02470807286139648 0.023298965497840357 0.0331361714624355 0.18414798354908557 0.031403965436849396 0.41955740533142116 0.04351350458461892 0.27252346408611106 0.030179584472853155 0.08604550937082617 0.032542416794154316 0.012667648309968685 0.035746506462019864 0.0002682604540864883 0.007238130304766605 0.0 0.001 0.0 0.001 0.0 0.001 0.0 0.001 0.0 0.001 0.0 0.001 0.0 0.001 0.0 0.001 0.0 0.001 0.0 0.001 0.0 0.001 0.0 0.001 1
