data/processed/NGC4564-h6/hist_kins_o.ecsv
# %ECSV 1.0
# ---
# datatype:
# - {name: binID_dynamite, datatype: int64}
# - {name: v, datatype: float32}
# - {name: sigma, datatype: float32}
# - {name: losvd_0, datatype: float64}
# - {name: dlosvd_0, datatype: float64}
# - {name: losvd_1, datatype: float64}
# - {name: dlosvd_1, datatype: float64}
# - {name: losvd_2, datatype: float64}
# - {name: dlosvd_2, datatype: float64}
# - {name: losvd_3, datatype: float64}
# - {name: dlosvd_3, datatype: float64}
# - {name: losvd_4, datatype: float64}
# - {name: dlosvd_4, datatype: float64}
# - {name: losvd_5, datatype: float64}
# - {name: dlosvd_5, datatype: float64}
# - {name: losvd_6, datatype: float64}
# - {name: dlosvd_6, datatype: float64}
# - {name: losvd_7, datatype: float64}
# - {name: dlosvd_7, datatype: float64}
# - {name: losvd_8, datatype: float64}
# - {name: dlosvd_8, datatype: float64}
# - {name: losvd_9, datatype: float64}
# - {name: dlosvd_9, datatype: float64}
# - {name: losvd_10, datatype: float64}
# - {name: dlosvd_10, datatype: float64}
# - {name: losvd_11, datatype: float64}
# - {name: dlosvd_11, datatype: float64}
# - {name: losvd_12, datatype: float64}
# - {name: dlosvd_12, datatype: float64}
# - {name: losvd_13, datatype: float64}
# - {name: dlosvd_13, datatype: float64}
# - {name: losvd_14, datatype: float64}
# - {name: dlosvd_14, datatype: float64}
# - {name: losvd_15, datatype: float64}
# - {name: dlosvd_15, datatype: float64}
# - {name: losvd_16, datatype: float64}
# - {name: dlosvd_16, datatype: float64}
# - {name: losvd_17, datatype: float64}
# - {name: dlosvd_17, datatype: float64}
# - {name: losvd_18, datatype: float64}
# - {name: dlosvd_18, datatype: float64}
# - {name: losvd_19, datatype: float64}
# - {name: dlosvd_19, datatype: float64}
# - {name: losvd_20, datatype: float64}
# - {name: dlosvd_20, datatype: float64}
# - {name: losvd_21, datatype: float64}
# - {name: dlosvd_21, datatype: float64}
# - {name: losvd_22, datatype: float64}
# - {name: dlosvd_22, datatype: float64}
# - {name: losvd_23, datatype: float64}
# - {name: dlosvd_23, datatype: float64}
# - {name: losvd_24, datatype: float64}
# - {name: dlosvd_24, datatype: float64}
# - {name: losvd_25, datatype: float64}
# - {name: dlosvd_25, datatype: float64}
# - {name: losvd_26, datatype: float64}
# - {name: dlosvd_26, datatype: float64}
# - {name: losvd_27, datatype: float64}
# - {name: dlosvd_27, datatype: float64}
# - {name: losvd_28, datatype: float64}
# - {name: dlosvd_28, datatype: float64}
# - {name: losvd_29, datatype: float64}
# - {name: dlosvd_29, datatype: float64}
# - {name: is_good, datatype: int64}
# meta: !!omap
# - {dv: 100.0}
# - vcent: [-1450.0, -1350.0, -1250.0, -1150.0, -1050.0, -950.0, -850.0, -750.0, -650.0, -550.0, -450.0, -350.0, -250.0, -150.0, -50.0,
#     50.0, 150.0, 250.0, 350.0, 450.0, 550.0, 650.0, 750.0, 850.0, 950.0, 1050.0, 1150.0, 1250.0, 1350.0, 1450.0]
# - {nbins: 370}
# - {nvbins: 30}
# - PSF:
#     sigma: [0.30981562904828125, 1.303031411282882]
#     weight: [0.7894296863335304, 0.2105703136664696]
# schema: astropy-2.0
binID_dynamite v sigma losvd_0 dlosvd_0 losvd_1 dlosvd_1 losvd_2 dlosvd_2 losvd_3 dlosvd_3 losvd_4 dlosvd_4 losvd_5 dlosvd_5 losvd_6 dlosvd_6 losvd_7 dlosvd_7 losvd_8 dlosvd_8 losvd_9 dlosvd_9 losvd_10 dlosvd_10 losvd_11 dlosvd_11 losvd_12 dlosvd_12 losvd_13 dlosvd_13 losvd_14 dlosvd_14 losvd_15 dlosvd_15 losvd_16 dlosvd_16 losvd_17 dlosvd_17 losvd_18 dlosvd_18 losvd_19 dlosvd_19 losvd_20 dlosvd_20 losvd_21 dlosvd_21 losvd_22 dlosvd_22 losvd_23 dlosvd_23 losvd_24 dlosvd_24 losvd_25 dlosvd_25 losvd_26 dlosvd_26 losvd_27 dlosvd_27 losvd_28 dlosvd_28 losvd_29 dlosvd_29 is_good
[from data line 37]
38 -47.506 201.7062 4.534137966789589e-11 0.001 1.860640674947701e-09 0.001 7.392990185929674e-08 0.001 1.3760587799799184e-06 0.001 1.3603554644665614e-05 0.001 0.00010779632213721188 0.0017370268077679634 0.0005123954808821532 0.005826392660196994 0.0017102731587634078 0.013775589085297572 0.0057465013148158585 0.01973776993344184 0.013396509347261849 0.015155925432400503 0.030874238568551416 0.013929328310929806 0.06585235970626618 0.015668719345074945 0.11808752546434692 0.009379841552826493 0.16949424254059814 0.015294367318233915 0.1941409842645933 0.022999331879757598 0.17678057578332243 0.01624035752703165 0.12466317635876348 0.009558484247013048 0.0662413545329972 0.015515266698662662 0.024659224151298915 0.013528685799823807 0.00650452208313604 0.014964137479319208 0.001213265472957056 0.0198808690558987 0.0 0.014050351538817122 0.0 0.00624686697734834 0.0 0.0018361995059522958 0.0 0.001 0.0 0.001 0.0 0.001 0.0 0.001 0.0 0.001 0.0 0.001 1
39 34.5437 166.2714 0.0 0.001 0.0 0.001 0.0 0.001 0.0 0.001 0.0 0.001 0.0 0.001 0.0 0.001 0.0 0.001143396081390502 0.0 0.005650977371399726 0.0 0.016762929017692225 0.0 0.02623945539635867 0.012965352024391879 0.0173249186659602 0.059340605393088594 0.0228623488396552 0.13805372142293906 0.01372887097276354 0.2095959406204869 0.020887425574062035 0.23455394306345645 0.027768859437084 0.19477759797756786 0.017594442392972268 0.11148258125950579 0.01713408846065049 0.03559394358912381 0.020836534189632806 0.0036363146494394717 0.020662153944189847 0.0 0.023804300472465845 0.0 0.012464844304083017 0.0 0.0034476860757786353 0.0 0.001 0.0 0.001 0.0 0.001 0.0 0.001 0.0 0.001 0.0 0.001 0.0 0.001 1
40 18.0689 170.4611 0.0 0.001 0.0 0.001 0.0 0.001 0.0 0.001 0.0 0.001 0.0 0.001 0.0 0.001 0.0 0.0018591189236087315 0.0 0.007531172856651155 0.0 0.018489270468996823 0.0 0.024269419326501417 0.013368789145003796 0.021164236243173408 0.06699492307349965 0.022165242983765404 0.15189034038726665 0.01819530405964749 0.21962576585676616 0.02515283466845694 0.22562195867845905 0.027549217896684478 0.17299037541661033 0.01874100806659809 0.09954300797296478 0.020313805622164914 0.038964480058883796 0.021437615052008585 0.010225947197418194 0.022433658290234262 0.0007744122131277022 0.021807312747181187 0.0 0.011098953592742298 0.0 0.003362163128025759 0.0 0.001 0.0 0.001 0.0 0.001 0.0 0.001 0.0 0.001 0.0 0.001 0.0 0.001 1
41 26.7423 153.5746 0.0 0.001 0.0 0.001 0.0 0.001 0.0 0.001 0.0 0.001 0.0 0.001 0.0 0.001 0.0 0.001 0.0 0.002784456757012896 0.0 0.011149737711123264 0.0 0.02437184143392466 0.0026747417392056286 0.02398015726619267 0.044528363283337265 0.024148166843275618 0.1419857462722834 0.020488191734046028 0.235161963153368 0.023827529349155524 0.24830649134755126 0.029845742783722554 0.1863930861128314 0.020848422533765412 0.09983410924851194 0.021838439609167426 0.03438991894554487 0.023510960338965162 0.006635228584154103 0.02569444001248155 8.731064957885815e-05 0.018620258096486587 0.0 0.0062810601318942505 2.6029811733971866e-06 0.0012145660853926882 4.140175997987276e-07 0.001 2.3335184607897592e-08 0.001 3.288262575383085e-10 0.001 8.484694127528076e-13 0.001 7.795064307939354e-16 0.001 0.0 0.001 0.0 0.001 1
42 50.0792 173.7114 0.0 0.001 0.0 0.001 0.0 0.001 0.0 0.001 0.0 0.001 0.0 0.001 0.0 0.001 0.0 0.0014870913261062525 0.0 0.006227217903918381 0.0 0.016913683751345686 0.0 0.02668107409975343 0.010524778335058592 0.026491809421115835 0.0510571216485216 0.02514553428283641 0.12601720905976818 0.02436506998971788 0.196638405200894 0.025672346293542966 0.22522641506138313 0.029640272144997815 0.1956497215626747 0.027496911167265756 0.12502828328011611 0.02392564024617578 0.05424757567361964 0.023826385553429454 0.0139702043883283 0.024538076455668092 0.0016402857896356678 0.02501041140789665 0.0 0.01588765253244759 0.0 0.005795414621046761 0.0 0.0014500325946148578 0.0 0.001 0.0 0.001 0.0 0.001 0.0 0.001 0.0 0.001 0.0 0.001 1
43 36.4063 160.981 0.0 0.001 0.0 0.001 0.0 0.001 0.0 0.001 0.0 0.001 0.0 0.001 0.0 0.001 0.0 0.001 0.0 0.004268070690834222 0.0004185655321862217 0.012793935027334398 0.0031884028131917838 0.023574317939119356 0.013252699337293535 0.024502600057255172 0.04715677612851393 0.027096160022979484 0.12193438463078574 0.02289936254442205 0.21510307382987517 0.028746406452676246 0.2419910395455346 0.033673829027027355 0.1803467815736876 0.025333831370128054 0.10225193430722705 0.022009860242692574 0.04924523370901854 0.024510073434859544 0.01921465349041978 0.02704341705352788 0.00519866041841877 0.021492533227979657 0.0006745826035214723 0.009973916386248744 2.2662545206150264e-05 0.002723379691403921 5.489992987017857e-07 0.001 5.358208564552431e-10 0.001 0.0 0.001 0.0 0.001 0.0 0.001 0.0 0.001 0.0 0.001 1
44 -0.142 159.2404 0.0 0.001 0.0 0.001 0.0 0.001 2.5298740133909603e-15 0.001 2.9359620201879878e-12 0.001 1.5324364326819792e-09 0.001 2.974557776534188e-07 0.001 1.100810929053682e-05 0.0012319038002702658 0.00033006951288255365 0.005888923897981857 0.003177618116884854 0.01651996644154419 0.014515810190178592 0.026997701307458877 0.03475585998521111 0.02925346880532861 0.07115902258490733 0.02496323414369076 0.14601825774080812 0.03079820281409265 0.23033163041226354 0.034178219211718736 0.23328614920581695 0.03251575352620728 0.14577438824037434 0.03128615261300228 0.06945028378992786 0.026860431253130868 0.03362620634685727 0.028637252985730968 0.013683114918130096 0.029177301910980495 0.003463462694543796 0.017621454333216983 0.00038933609250223883 0.006001758086999054 2.6876595585495962e-05 0.0012763233036710145 5.997533073355841e-07 0.001 6.7033730244182264e-09 0.001 1.5987542652026582e-11 0.001 1.490226592317119e-14 0.001 0.0 0.001 0.0 0.001 0.0 0.001 1
45 41.0402 184.8563 0.0 0.001 0.0 0.001 0.0 0.001 0.0 0.001 0.0 0.001 0.0 0.001 0.0 0.001 0.0 0.0032830673443320895 0.0 0.010920143950593198 0.0 0.021484708079797778 0.0 0.021788779424453626 0.011979066373242303 0.014163379321167008 0.06839642141031047 0.01935497225482331 0.14152200345607346 0.011023602285523654 0.19300803111572948 0.017504639680995665 0.2080556119127781 0.025647856412600048 0.1878316274650939 0.016318740006569202 0.1285226346542347 0.011870597577441973 0.054879973681703234 0.0200985839076027 0.005804629930834258 0.01386643107717146 0.0 0.021497109582593647 0.0 0.018701324470093643 0.0 0.008726349841635915 0.0 0.0024854845046640315 0.0 0.001 0.0 0.001 0.0 0.001 0.0 0.001 0.0 0.001 0.0 0.001 1
46 34.8142 189.6727 0.0 0.001 0.0 0.001 0.0 0.001 0.0 0.001 0.0 0.001 0.0 0.001 0.0 0.0010248762741154195 0.0 0.004260817792690672 0.0 0.012531961093037843 0.0 0.02160923285436847 0.003068746866567185 0.021651323516055483 0.028804655587834557 0.0188412800606716 0.07857735841715305 0.01909021187702809 0.13779649155323623 0.014711301187769893 0.18458117449635275 0.020160037766676284 0.20545766771895776 0.02554858385243651 0.18516980947668177 0.019083244675910924 0.1224523413237224 0.015480049486979862 0.04980052803877869 0.02119596192668328 0.004291226520715532 0.017884436196314916 0.0 0.022972723775012763 0.0 0.019774898467070715 0.0 0.009828568350093068 0.0 0.0031137836981370193 0.0 0.001 0.0 0.001 0.0 0.001 0.0 0.001 0.0 0.001 0.0 0.001 1
47 48.4606 171.2987 0.0 0.001 0.0 0.001 0.0 0.001 0.0 0.001 0.0 0.001 0.0 0.001 0.0 0.001 0.0 0.0011397899505785512 0.0 0.00520390513782416 0.0 0.014885123490759957 0.0019064398918308507 0.024339641424129952 0.013938075219852826 0.02161021713785083 0.051150698035012425 0.021286911069278002 0.11841439731813728 0.020038362183999472 0.19742698804099118 0.02226024794896335 0.22968753043435808 0.026589822449599412 0.19161497076720826 0.021463820559663768 0.11610269845424745 0.020535370227091364 0.054836129456192484 0.02079538922323655 0.019172266233980623 0.021251968815122056 0.0047809052294335175 0.02317909139907994 0.0009389620239022954 0.013752634637922204 2.9938894852782e-05 0.004776465105475051 0.0 0.0010157737890664244 0.0 0.001 0.0 0.001 0.0 0.001 0.0 0.001 0.0 0.001 0.0 0.001 1
48 47.6079 167.2676 0.0 0.001 2.1121653086773728e-16 0.001 3.3586706812962384e-14 0.001 6.7092801179472876e-12 0.001 2.659318028975905e-10 0.001 7.251185221925915e-09 0.001 0.0 0.001 0.0 0.001 0.0 0.004761213232031953 0.0 0.014986695114970052 0.0 0.025270442703698562 0.011454500301419668 0.020851013076269763 0.055240350572089425 0.02305607537459492 0.13078283308474975 0.01782408543992093 0.1986390080144563 0.022607798349456323 0.22900455526893873 0.028337443640405052 0.21002342050243664 0.022082236804912267 0.12821513812528995 0.02000221497722464 0.03664018658462279 0.02182268999463336 0.0 0.022191565738694716 0.0 0.024545861344664407 0.0 0.013792705869705227 0.0 0.004458559505866908 0.0 0.001 0.0 0.001 0.0 0.001 1.802355944747931e-11 0.001 4.077875838085457e-12 0.001 3.457050380366383e-14 0.001 5.083838233301138e-16 0.001 1
49 27.315 185.6362 9.878920957170311e-17 0.001 4.0415700584360533e-14 0.001 4.2767550896891044e-12 0.001 5.076413202517043e-10 0.001 3.4604596523821865e-08 0.001 1.1834423261593559e-06 0.001 2.066748105981204e-05 0.001 0.000217558426633732 0.0034108763523138554 0.0015558435126482447 0.01078528032048321 0.005946818451008347 0.019008868601453975 0.016513388923110526 0.020267722650772646 0.036689415010899146 0.016633752462597136 0.07106315209564346 0.017884468388801925 0.1273521643764673 0.01602743323921104 0.19139054749545162 0.020273094527189603 0.2126688074738548 0.025116884934474185 0.16949394505622067 0.01768918827161206 0.09941173188540561 0.015514631368679255 0.04482343240221407 0.019277642086217295 0.016931096654529777 0.017599605097010234 0.004883643618099639 0.020489413414795713 0.0008578491838626608 0.0157247222701835 0.00015499669190071114 0.006699942868287626 2.204617366419676e-05 0.0019576022323754714 1.618472994576006e-06 0.001 5.805544987917906e-08 0.001 0.0 0.001 0.0 0.001 0.0 0.001 0.0 0.001 1
50 -19.7959 168.7056 0.0 0.001 7.313190572671889e-16 0.001 2.509138064892107e-13 0.001 6.326961059339408e-11 0.001 5.407257113987961e-09 0.001 2.8914070927499156e-07 0.001 8.937513612761631e-06 0.001 0.00015258962644355427 0.0033155453347161797 0.0011214179267754491 0.010960093696364859 0.00588982802625031 0.02139553751217546 0.02143508573573641 0.023804404976776005 0.05069207090098066 0.023133875923522576 0.09561596054881767 0.02085007378261179 0.1623584163540906 0.02317574880579827 0.22483783583368866 0.03111725472758696 0.22246401516145428 0.02866721847999143 0.14257639320954707 0.022287543486180665 0.05839460611392804 0.024112974402102336 0.012755716289487979 0.0227462076730894 0.0012933097962697104 0.024890127142529646 0.0002617640379928666 0.017964719365726047 0.00012696694621854298 0.0070640335296009915 1.4036442959731807e-05 0.0018341998538175578 7.429046151879148e-07 0.001 1.1658160120509099e-08 0.001 3.594936287597698e-10 0.001 1.9826244758273632e-12 0.001 6.501489938893771e-15 0.001 2.8707230284404277e-17 0.001 0.0 0.001 1
51 -6.4385 165.9063 0.0 0.001 0.0 0.001 4.490378421214959e-15 0.001 3.2555345636455557e-12 0.001 0.0 0.001 0.0 0.001 0.0 0.001 0.0 0.002163905188471948 0.0 0.0086388740077602 0.0003477713318281612 0.02103475838010887 0.008626270360179562 0.02660935064799113 0.0346894860727064 0.023205300172985513 0.09312580196525953 0.02364041661571086 0.16528956687672483 0.02318984158997886 0.22197235493171813 0.028096654297872947 0.23249080587422735 0.029443235512914986 0.1695029811482436 0.022946761399526228 0.0684703074403977 0.024828830706942286 0.0054846539954465515 0.02390562118339205 0.0 0.02799867425066644 0.0 0.019348381487254818 0.0 0.007402972908088047 0.0 0.0017404815573148005 0.0 0.001 0.0 0.001 0.0 0.001 0.0 0.001 8.296213624351087e-15 0.001 2.741945740748916e-17 0.001 0.0 0.001 1
52 -46.2439 171.0679 5.836695352429474e-17 0.001 1.489642937883323e-14 0.001 1.5926388648351068e-12 0.001 2.46729813897994e-10 0.001 1.913315811149081e-08 0.001 6.769177696482448e-07 0.001 1.661841215534785e-05 0.0011790058110932714 0.00016801179500318 0.005355517033183494 0.0013527959642006951 0.014705735961240085 0.006490578352625377 0.02321071549546979 0.02096613657715876 0.020065746950762485 0.050385371316653535 0.021109651774292228 0.11051542368483437 0.01880665001336663 0.18716669622927742 0.021525303829756023 0.22785028253751324 0.02926543520010788 0.19352114857370314 0.022721879239979592 0.11483012054902612 0.018088316048646857 0.05259572280005366 0.020279989362148924 0.02254377145026494 0.020289407822456147 0.009050660767110736 0.022235510523497273 0.0021748846738128755 0.01501028584659654 0.00033933047521960866 0.005959349371819994 3.05914887374347e-05 0.0013261967466028828 1.1294280271083637e-06 0.001 2.813283035600509e-08 0.001 4.873581110491861e-10 0.001 5.120896161318728e-12 0.001 4.750929662365536e-14 0.001 2.1682947685174932e-16 0.001 0.0 0.001 1
53 -35.9256 155.848 0.0 0.001 0.0 0.001 4.131996284269896e-16 0.001 3.1549485731278373e-13 0.001 2.011765126271612e-10 0.001 3.278163340091541e-08 0.001 2.0838714240851554e-06 0.001 5.465835903481722e-05 0.0017346073252647344 0.0008521104232826327 0.007539121613764787 0.00608558626875838 0.018704108379073988 0.02109247231907762 0.02533718203498514 0.04705776599224909 0.024150261245319535 0.09590848941129866 0.022498065255005542 0.18047718028191567 0.025468340319511146 0.2494718133076648 0.03463311350238425 0.21651828749865545 0.028002674532745214 0.11846905347320516 0.02477832226255293 0.043247837162088056 0.024414890294183648 0.01539027145810408 0.024943590723694564 0.004563139783719911 0.02275918706586615 0.0007406758812933474 0.011309928520730454 6.600557081842188e-05 0.0030928849710116536 2.506950906751664e-06 0.001 2.8747935782341226e-08 0.001 2.538804302365907e-10 0.001 1.5569616511843863e-12 0.001 3.9103891699100606e-15 0.001 0.0 0.001 0.0 0.001 0.0 0.001 1
54 4.7647 147.442 0.0 0.001 0.0 0.001 0.0 0.001 0.0 0.001 0.0 0.001 1.1329092071085142e-13 0.001 1.2955916268974927e-10 0.001 1.4679461397501392e-07 0.001 1.4093556059859081e-05 0.003341018051121498 0.0004672036750656731 0.01170009190377002 0.004596228048957496 0.023696093134356826 0.02069615961221352 0.027639828613334225 0.06234582448362556 0.02822645477759689 0.14805924379875532 0.02841792347247761 0.2466615696137097 0.036512637014397886 0.2494870709408164 0.0362614913439302 0.15540212995050803 0.028663743710410472 0.07242935977789558 0.026468369453587656 0.02966022291697466 0.029482735491359807 0.008930887160376969 0.025295680658886096 0.0012067051541900446 0.012603740381936743 4.289461314643643e-05 0.003421384214852551 2.5851924826716895e-07 0.001 1.2536532890897885e-09 0.001 5.164782365624821e-13 0.001 3.01816322970591e-16 0.001 0.0 0.001 0.0 0.001 0.0 0.001 0.0 0.001 1
55 15.5711 157.3211 0.0 0.001 0.0 0.001 0.0 0.001 0.0 0.001 0.0 0.001 0.0 0.001 0.0 0.001 0.0 0.001 0.0 0.0044275606390457795 0.0 0.01487384250479511 0.00042503762244268357 0.026803083444401653 0.01686290772692721 0.026350140808441547 0.06732028119547519 0.02817202174332334 0.15112951522393406 0.020086003636126032 0.22884123362520922 0.02887689855511104 0.24387693734134985 0.033712611341407725 0.18447452473219086 0.022264237758763503 0.08823933750922472 0.02425814605546909 0.018830225023246345 0.025339041720494185 0.0 0.027666015779533825 0.0 0.018473400039200043 0.0 0.006717719833715947 0.0 0.0013874620006127708 0.0 0.001 0.0 0.001 0.0 0.001 0.0 0.001 0.0 0.001 0.0 0.001 0.0 0.001 1
