data/processed/NGC4564-h6/hist_kins_o.ecsv
# %ECSV 1.0
# ---
# datatype:
# - {name: binID_dynamite, datatype: int64}
# - {name: v, datatype: float32}
# - {name: sigma, datatype: float32}
# - {name: losvd_0, datatype: float64}
# - {name: dlosvd_0, datatype: float64}
# - {name: losvd_1, datatype: float64}
# - {name: dlosvd_1, datatype: float64}
# - {name: losvd_2, datatype: float64}
# - {name: dlosvd_2, datatype: float64}
# - {name: losvd_3, datatype: float64}
# - {name: dlosvd_3, datatype: float64}
# - {name: losvd_4, datatype: float64}
# - {name: dlosvd_4, datatype: float64}
# - {name: losvd_5, datatype: float64}
# - {name: dlosvd_5, datatype: float64}
# - {name: losvd_6, datatype: float64}
# - {name: dlosvd_6, datatype: float64}
# - {name: losvd_7, datatype: float64}
# - {name: dlosvd_7, datatype: float64}
# - {name: losvd_8, datatype: float64}
# - {name: dlosvd_8, datatype: float64}
# - {name: losvd_9, datatype: float64}
# - {name: dlosvd_9, datatype: float64}
# - {name: losvd_10, datatype: float64}
# - {name: dlosvd_10, datatype: float64}
# - {name: losvd_11, datatype: float64}
# - {name: dlosvd_11, datatype: float64}
# - {name: losvd_12, datatype: float64}
# - {name: dlosvd_12, datatype: float64}
# - {name: losvd_13, datatype: float64}
# - {name: dlosvd_13, datatype: float64}
# - {name: losvd_14, datatype: float64}
# - {name: dlosvd_14, datatype: float64}
# - {name: losvd_15, datatype: float64}
# - {name: dlosvd_15, datatype: float64}
# - {name: losvd_16, datatype: float64}
# - {name: dlosvd_16, datatype: float64}
# - {name: losvd_17, datatype: float64}
# - {name: dlosvd_17, datatype: float64}
# - {name: losvd_18, datatype: float64}
# - {name: dlosvd_18, datatype: float64}
# - {name: losvd_19, datatype: float64}
# - {name: dlosvd_19, datatype: float64}
# - {name: losvd_20, datatype: float64}
# - {name: dlosvd_20, datatype: float64}
# - {name: losvd_21, datatype: float64}
# - {name: dlosvd_21, datatype: float64}
# - {name: losvd_22, datatype: float64}
# - {name: dlosvd_22, datatype: float64}
# - {name: losvd_23, datatype: float64}
# - {name: dlosvd_23, datatype: float64}
# - {name: losvd_24, datatype: float64}
# - {name: dlosvd_24, datatype: float64}
# - {name: losvd_25, datatype: float64}
# - {name: dlosvd_25, datatype: float64}
# - {name: losvd_26, datatype: float64}
# - {name: dlosvd_26, datatype: float64}
# - {name: losvd_27, datatype: float64}
# - {name: dlosvd_27, datatype: float64}
# - {name: losvd_28, datatype: float64}
# - {name: dlosvd_28, datatype: float64}
# - {name: losvd_29, datatype: float64}
# - {name: dlosvd_29, datatype: float64}
# - {name: is_good, datatype: int64}
# meta: !!omap
# - {dv: 100.0}
# - vcent: [-1450.0, -1350.0, -1250.0, -1150.0, -1050.0, -950.0, -850.0, -750.0, -650.0, -550.0, -450.0, -350.0, -250.0, -150.0, -50.0,
#     50.0, 150.0, 250.0, 350.0, 450.0, 550.0, 650.0, 750.0, 850.0, 950.0, 1050.0, 1150.0, 1250.0, 1350.0, 1450.0]
# - {nbins: 370}
# - {nvbins: 30}
# - PSF:
#     sigma: [0.30981562904828125, 1.303031411282882]
#     weight: [0.7894296863335304, 0.2105703136664696]
# schema: astropy-2.0
binID_dynamite v sigma losvd_0 dlosvd_0 losvd_1 dlosvd_1 losvd_2 dlosvd_2 losvd_3 dlosvd_3 losvd_4 dlosvd_4 losvd_5 dlosvd_5 losvd_6 dlosvd_6 losvd_7 dlosvd_7 losvd_8 dlosvd_8 losvd_9 dlosvd_9 losvd_10 dlosvd_10 losvd_11 dlosvd_11 losvd_12 dlosvd_12 losvd_13 dlosvd_13 losvd_14 dlosvd_14 losvd_15 dlosvd_15 losvd_16 dlosvd_16 losvd_17 dlosvd_17 losvd_18 dlosvd_18 losvd_19 dlosvd_19 losvd_20 dlosvd_20 losvd_21 dlosvd_21 losvd_22 dlosvd_22 losvd_23 dlosvd_23 losvd_24 dlosvd_24 losvd_25 dlosvd_25 losvd_26 dlosvd_26 losvd_27 dlosvd_27 losvd_28 dlosvd_28 losvd_29 dlosvd_29 is_good
[from data line 257]
258 9.1015 161.7232 0.0 0.001 0.0 0.001 0.0 0.001 0.0 0.001 0.0 0.001 7.076416803994609e-10 0.001 6.090648180171855e-08 0.001 0.0 0.0012028400882884314 1.5921060786303913e-05 0.005935821470178614 0.00026969096946853 0.01727308265238899 0.003872925266153779 0.025597714940703037 0.021477207369265502 0.022187940106411622 0.07232926380474825 0.024258458304075227 0.1551897768785292 0.021244111211952604 0.22819391077233045 0.026594571561149957 0.2369131050704202 0.02960594716320314 0.17370700523234656 0.02125693871045828 0.08497328848002046 0.02265728290802567 0.022398904331408887 0.023505349998911122 0.0006589391503983537 0.024539127163532827 0.0 0.01813150896822188 0.0 0.006761209058805744 0.0 0.001517782869223728 0.0 0.001 0.0 0.001 0.0 0.001 0.0 0.001 0.0 0.001 0.0 0.001 0.0 0.001 1
259 -73.4503 153.8752 0.0 0.001 0.0 0.001 0.0 0.001 1.1639392820349363e-14 0.001 1.007177235474922e-10 0.001 2.332083204001432e-08 0.001 1.9756485071304686e-06 0.001 8.239477262269045e-05 0.003074355862093277 0.000948249860211413 0.011495220236639169 0.005216656089586334 0.0243694179370159 0.02111421701544757 0.03011786095430259 0.05161038454055229 0.026366279044577865 0.12130062746621809 0.028938713877399873 0.2233197921270519 0.03301597885208005 0.2514097991815931 0.03747498676169009 0.1677937461520065 0.033185022611525394 0.08800836588900826 0.026645669427971752 0.044748230472147335 0.028757174777185257 0.01981696358771809 0.03061530806527478 0.004194620909065369 0.019187830781501162 0.0004148882911508661 0.007081545241694628 1.8926186949119113e-05 0.0014825291675874923 1.3817683881070895e-07 0.001 2.1145859109795233e-10 0.001 3.051136985678654e-13 0.001 2.9109430187477266e-17 0.001 0.0 0.001 0.0 0.001 0.0 0.001 0.0 0.001 1
260 -71.6051 149.0896 0.0 0.001 0.0 0.001 0.0 0.001 2.1243071989592715e-14 0.001 1.323352515454824e-11 0.001 4.696487067761301e-09 0.001 6.325576078996541e-07 0.001 2.5438537210264215e-05 0.002453283044165764 0.0007119544128670741 0.010123120542906441 0.00535424718898581 0.02421259215721242 0.023361919760436247 0.033219888347387566 0.05480846394668427 0.02971886853999845 0.1232975960117189 0.03106812777419203 0.21973084098713358 0.035432902918425935 0.2610969762536342 0.0412632997720003 0.18526240766600788 0.03589534386262333 0.08303675536371258 0.030214972598105586 0.03176303409354453 0.031478444033393435 0.009909310927318908 0.029495629536156698 0.0015805511295812976 0.01650344848865107 5.962316824200265e-05 0.005723220990643749 2.398493829347733e-07 0.0011346561428991259 3.435787796875623e-09 0.001 4.018808882488257e-13 0.001 1.4803672508913683e-16 0.001 0.0 0.001 0.0 0.001 0.0 0.001 0.0 0.001 0.0 0.001 1
261 43.1267 172.5895 0.0 0.001 0.0 0.001 0.0 0.001 0.0 0.001 0.0 0.001 0.0 0.001 0.0 0.001 0.0 0.0015631255621439124 0.0 0.00677826982547446 0.0 0.018315254713530668 0.0 0.02706323609432626 0.001519074796537186 0.022442694432238133 0.05180714865612614 0.02578298097403089 0.13833684521645156 0.022047868735265992 0.2066975277729748 0.02534216611690454 0.22314960636492626 0.028001941584659226 0.1928163640533576 0.02435255665347595 0.12548114615629632 0.020505456292832736 0.05229260903270139 0.026220006270476395 0.007899677950628771 0.024403186756375837 0.0 0.02653069326618637 0.0 0.016430610682129906 0.0 0.0058290529509711425 0.0 0.0012683075433091789 0.0 0.001 0.0 0.001 0.0 0.001 0.0 0.001 0.0 0.001 0.0 0.001 1
262 -17.1323 164.5743 0.0 0.001 0.0 0.001 0.0 0.001 1.2984195592110274e-16 0.001 0.0 0.001 0.0 0.001 0.0 0.001 2.9677323867130196e-06 0.0025728120508761564 9.197826839399479e-05 0.009319467173221217 0.0014145755348623384 0.019933736160078583 0.011098570673529425 0.026229041917920158 0.040602058614026895 0.02351692573421311 0.09607120654723622 0.022090228962339947 0.1691272387152493 0.021474200963056356 0.22885652625674796 0.033903230581270344 0.22743305353033794 0.03164077851318839 0.15286138052638054 0.020564515054857832 0.06239619003779735 0.02601803675694271 0.010044253563051102 0.023964914253585837 0.0 0.025647999906756515 0.0 0.01686070892125204 0.0 0.006848689357344968 0.0 0.0014869775764336517 0.0 0.001 0.0 0.001 0.0 0.001 0.0 0.001 0.0 0.001 0.0 0.001 0.0 0.001 1
263 86.8298 152.1396 0.0 0.001 0.0 0.001 0.0 0.001 0.0 0.001 0.0 0.001 0.0 0.001 0.0 0.001 0.0 0.001 0.0 0.0010133008130104187 0.0 0.005731628711829121 0.0 0.018166898952702196 0.0 0.0293426529802661 0.012446586305989308 0.028658286647393665 0.09162031559664836 0.028662373147076557 0.18669829122374218 0.025585299704366612 0.24177272006494027 0.03213602933756542 0.2432280078157936 0.032844193649986836 0.16818741421783662 0.024457892042651364 0.05604666477504958 0.03191463063679187 0.0 0.0272139703992433 0.0 0.029216712599568064 0.0 0.014522556960560727 0.0 0.0037514791076808246 0.0 0.001 0.0 0.001 0.0 0.001 0.0 0.001 0.0 0.001 0.0 0.001 0.0 0.001 1
264 -0.1097 146.4146 0.0 0.001 0.0 0.001 0.0 0.001 0.0 0.001 0.0 0.001 0.0 0.001 6.581137216182983e-13 0.001 0.0 0.001 1.1853226443917909e-08 0.0032341750408952535 4.665675386354572e-05 0.01274854611268542 0.002776490956986432 0.02730131321470066 0.017872623840183247 0.032172311385695464 0.06439601253594049 0.03179946083509727 0.1598746189037712 0.029232292251231307 0.25444861361131726 0.0393529001265899 0.2505403795551755 0.03789766632600705 0.1574034469836126 0.029946330524797615 0.06921048953469598 0.0303863578762421 0.020250822818234118 0.03218013369785378 0.0029511559099614708 0.02525866231531497 0.00022853747383200058 0.012079482026904854 9.10975243682275e-08 0.0031824631016117233 4.8171017299192105e-08 0.001 0.0 0.001 0.0 0.001 0.0 0.001 0.0 0.001 0.0 0.001 0.0 0.001 0.0 0.001 1
265 -70.9259 138.9891 0.0 0.001 0.0 0.001 0.0 0.001 1.0647272747422482e-16 0.001 8.65757353572336e-14 0.001 2.934809443541047e-11 0.001 6.503063967820896e-09 0.001 1.0440707259370875e-06 0.0010289255379713586 2.569050872426786e-05 0.006190082551635178 0.0006050140304661287 0.01862587751486773 0.00721640628216301 0.03163175168327256 0.0370180168122717 0.03211354126920582 0.12056704004680316 0.031330996855540486 0.24311530194861333 0.03750996533377428 0.27612200221573086 0.043425740007300304 0.18652409093901867 0.0318389384543141 0.08739433102836663 0.03127803511660352 0.03214597144138212 0.03167150820942509 0.008296043099981764 0.028019332253639936 0.0009237694336476238 0.013241562048536805 4.446193479472324e-05 0.0030459125100766957 8.062298924483395e-07 0.001 3.431552494944165e-09 0.001 1.335553566916198e-11 0.001 1.0747512355522088e-14 0.001 0.0 0.001 0.0 0.001 0.0 0.001 0.0 0.001 0.0 0.001 1
266 -49.8823 148.5272 0.0 0.001 0.0 0.001 0.0 0.001 0.0 0.001 2.1034586769582193e-15 0.001 0.0 0.001 2.3969649109577454e-09 0.001 8.632689925712064e-07 0.0011866322923370877 7.075713577427481e-05 0.006423684209787331 0.0009482722332109992 0.020263750028148737 0.00860315876099805 0.033031572841965263 0.033959320699339865 0.029843574809932463 0.1040633711870646 0.030861456683636775 0.2113859988217075 0.03664453427588074 0.26538852272100577 0.040473864206772875 0.2050166365475235 0.03401173223508992 0.10792011167495309 0.028742723842957445 0.04629380300248164 0.029619914817868367 0.013570729592482083 0.03229503107822958 0.002658003881984586 0.020162060963405302 0.00011967530472319224 0.006473523579810685 7.726867740783684e-07 0.0011834905401381709 8.40172921543319e-11 0.001 0.0 0.001 0.0 0.001 0.0 0.001 0.0 0.001 0.0 0.001 0.0 0.001 0.0 0.001 1
267 86.8275 134.9842 0.0 0.001 0.0 0.001 0.0 0.001 0.0 0.001 0.0 0.001 0.0 0.001 0.0 0.001 0.0 0.001 0.0 0.001 0.0 0.0017087390854741312 0.0 0.009605222179500689 0.0001312233609313451 0.028482326153530843 0.014130196347311077 0.04585476858185824 0.07277807926628954 0.04420609491515905 0.18043712017366176 0.04441935062427872 0.2773510258727252 0.04855173205112309 0.2637038783288935 0.05036449735672913 0.1476715072327701 0.04099318823023589 0.04222782825798929 0.0470064913286241 0.0015691411594281203 0.03895824565224379 0.0 0.021700041229854188 0.0 0.006976146400405975 0.0 0.0011035520050979913 0.0 0.001 0.0 0.001 0.0 0.001 0.0 0.001 0.0 0.001 0.0 0.001 0.0 0.001 1
268 34.8237 141.9446 0.0 0.001 0.0 0.001 0.0 0.001 0.0 0.001 0.0 0.001 0.0 0.001 1.3682758322612823e-11 0.001 0.0 0.001 0.0 0.001 9.380575801256289e-05 0.005892418916003535 0.0018412191528233153 0.019430579530646225 0.013378854074649602 0.03164116114140288 0.04702405606313539 0.031162631827621426 0.1226441841994034 0.026335762090009554 0.22505334070361246 0.030833658570195988 0.27552038840691473 0.036957968042704264 0.20364578867976488 0.027923582478371997 0.08760472313912723 0.029502152254330286 0.02199116064203028 0.02922164996758264 0.0011897103288920296 0.027588301121069546 2.280908541965803e-06 0.014817018818269339 1.0487929409254181e-05 0.0036453868755189616 0.0 0.001 0.0 0.001 0.0 0.001 0.0 0.001 0.0 0.001 0.0 0.001 0.0 0.001 0.0 0.001 1
269 73.4448 125.7922 0.0 0.001 0.0 0.001 0.0 0.001 0.0 0.001 0.0 0.001 0.0 0.001 0.0 0.001 0.0 0.001 0.0 0.001 0.0 0.0011334994159260424 0.0 0.007851004510190815 0.0 0.02578691130031055 0.0028983786430715327 0.04444435089714524 0.06718183015950671 0.0518011797734446 0.20329104801228878 0.051132191950261974 0.30936895464639047 0.060111073340429616 0.26202256722078976 0.053444701027842864 0.12593686699372342 0.04855934693748471 0.029300354324229252 0.05052386079969634 0.0 0.03514226846464927 0.0 0.015869404464264984 0.0 0.003251001893382117 0.0 0.001 0.0 0.001 0.0 0.001 0.0 0.001 0.0 0.001 0.0 0.001 0.0 0.001 0.0 0.001 1
270 75.1867 115.3994 0.0 0.001 0.0 0.001 0.0 0.001 0.0 0.001 0.0 0.001 0.0 0.001 0.0 0.001 0.0 0.001 0.0 0.001 0.0 0.001 0.0 0.0039027883607478087 0.0 0.019350290839807476 0.0 0.05253997454833714 0.05242596276967392 0.06732419109557157 0.19945565936081416 0.06250311437930518 0.3279563206355496 0.06708277922295686 0.2847149651450604 0.06874808549318823 0.11885461141351221 0.05510874605076189 0.016592480675389747 0.06423574221237699 0.0 0.03627116654306781 0.0 0.010369167926755818 0.0 0.001446028752194507 0.0 0.001 0.0 0.001 0.0 0.001 0.0 0.001 0.0 0.001 0.0 0.001 0.0 0.001 0.0 0.001 1
271 22.7796 143.7174 0.0 0.001 0.0 0.001 0.0 0.001 0.0 0.001 0.0 0.001 2.964759182678053e-15 0.001 6.449762455260249e-11 0.001 3.875877448773593e-08 0.001 4.433765901151864e-06 0.0015074571452016513 0.0002281797715549608 0.008078545750719483 0.0032383324735142066 0.022327689074788257 0.01806254677876007 0.03223537592595002 0.05498848135091138 0.029672073443779305 0.12976649585083821 0.029248576412370664 0.23340989119983205 0.035709769844560826 0.26857619365943597 0.04253935888666277 0.18492317022230179 0.033029506732113315 0.07871982519487822 0.030869178186316622 0.023297819126267483 0.03242054509002269 0.004433931994719265 0.027112221566916082 0.00034767506175181447 0.013067277585098014 2.984726058317299e-06 0.0035752480828963517 0.0 0.001 0.0 0.001 0.0 0.001 0.0 0.001 0.0 0.001 0.0 0.001 0.0 0.001 0.0 0.001 1
272 -18.7392 161.5996 0.0 0.001 0.0 0.001 0.0 0.001 0.0 0.001 0.0 0.001 0.0 0.001 0.0 0.001 0.0 0.0021889533963989757 0.0 0.009424811089408682 0.0 0.023925600126472615 0.0004855723906654609 0.030514741054362853 0.02861314912847897 0.027221508927821596 0.09865322930621409 0.027466574423395167 0.18486331165136882 0.026160601470031575 0.23627201589754887 0.029086938190832745 0.22897610034222723 0.02956266742592184 0.15590215028493865 0.024338711403511445 0.060388065500576155 0.02759622651477324 0.005846405497981585 0.028337784139456382 0.0 0.02839050216517374 0.0 0.01680551575979689 0.0 0.005048222479143396 0.0 0.001 0.0 0.001 0.0 0.001 0.0 0.001 0.0 0.001 0.0 0.001 0.0 0.001 0.0 0.001 1
273 49.1083 162.4565 0.0 0.001 0.0 0.001 0.0 0.001 0.0 0.001 0.0 0.001 0.0 0.001 0.0 0.001 0.0 0.001 0.0 0.003843176459243823 0.0 0.013534863889360597 0.0 0.025976920040554484 0.0 0.02555565177725272 0.044892491329582083 0.02645415477172263 0.13592625320472915 0.02116455005989188 0.2065916439958817 0.025387925177297432 0.2302628539943656 0.029665986847804762 0.2123589080470493 0.024357746479920075 0.134427849329627 0.023127657470197467 0.03554000009876509 0.025454560517806007 0.0 0.025847569882805947 0.0 0.02814272570913766 0.0 0.013670198181876633 0.0 0.0038302772927347067 0.0 0.001 0.0 0.001 0.0 0.001 0.0 0.001 0.0 0.001 0.0 0.001 0.0 0.001 1
274 68.8103 140.857 0.0 0.001 0.0 0.001 0.0 0.001 0.0 0.001 0.0 0.001 0.0 0.001 0.0 0.001 0.0 0.001 0.0 0.001 0.0 0.004011330644022566 0.0 0.015374368341077076 0.0 0.030593915821713863 0.011128400726092438 0.03743705666727337 0.08899896304999096 0.03545493104645994 0.2104933079405677 0.03643000954994233 0.27394372507768855 0.04203075840957041 0.23952592845610313 0.04008537857443238 0.13647260113133627 0.030698265707077857 0.03880225413916664 0.03810987346099033 0.0006348194790543134 0.03605394226822077 0.0 0.022474819527783803 0.0 0.007262275305768806 0.0 0.0012855268722583987 0.0 0.001 0.0 0.001 0.0 0.001 0.0 0.001 0.0 0.001 0.0 0.001 0.0 0.001 1
275 59.325 135.7776 0.0 0.001 0.0 0.001 0.0 0.001 0.0 0.001 0.0 0.001 0.0 0.001 0.0 0.001 0.0 0.001 0.0 0.001 0.0 0.0031648936600665372 0.0 0.012963066661126427 0.003056087021547665 0.026591816760841026 0.027025476131466403 0.031720161329896836 0.09568266773799784 0.030348992771015063 0.2106708395734661 0.029974785870264017 0.28822466095893057 0.04510750933159867 0.23730416122947998 0.03219482811169509 0.11238525344475349 0.02818280067797893 0.025650853902357974 0.03446090492005713 0.0 0.02898125950551113 0.0 0.015878226661195264 0.0 0.00377582257719056 0.0 0.001 0.0 0.001 0.0 0.001 0.0 0.001 0.0 0.001 0.0 0.001 0.0 0.001 0.0 0.001 1
276 -55.7432 159.626 0.0 0.001 0.0 0.001 0.0 0.001 1.459488529071901e-14 0.001 9.659484495945907e-11 0.001 5.722658355282031e-08 0.001 6.78367254155921e-06 0.001 0.00012553679858379782 0.0034058625998937015 0.0015795393237049997 0.012198761637304498 0.008526945517008467 0.024248409030051696 0.027835475084922585 0.02751557180164876 0.061416962202841846 0.02523712983557758 0.11299773299371399 0.025791757610710793 0.19176412927120978 0.028072577465169612 0.2472012441380333 0.03443561810967094 0.20411565199909534 0.030412788976644733 0.10196328564668544 0.025497446455875067 0.03297617296208582 0.025200531215786297 0.008217809579476607 0.028521275203724432 0.0011011504492654729 0.023330345574350663 0.0001715230376380287 0.01064802102628144 0.0 0.00288641917758334 0.0 0.001 0.0 0.001 0.0 0.001 0.0 0.001 0.0 0.001 0.0 0.001 0.0 0.001 0.0 0.001 1
277 -86.2361 141.9622 0.0 0.001 0.0 0.001 0.0 0.001 0.0 0.001 4.848333252912388e-15 0.001 1.5681483004838077e-10 0.001 1.0855169078061122e-07 0.001 1.5380418029373305e-05 0.0017594907751945963 0.00034331754853878237 0.008086611582633624 0.0034460288886524657 0.02261808465123085 0.01918774427525213 0.0358384187234497 0.05685841560077088 0.03358677969661555 0.13369942479686592 0.03624877979439095 0.24311718554921802 0.04107199292557452 0.26474680173508663 0.04075431018797149 0.16757162860044053 0.03820041821160468 0.07376570124952914 0.031219948344510116 0.027554407226244918 0.03700156340205194 0.008674217216139025 0.029434911275554004 0.000950159966824701 0.013227952247281034 6.880137569090363e-05 0.003300421509536784 6.737018942771477e-07 0.001 3.139087944304982e-09 0.001 3.219846201978694e-12 0.001 4.152433555439821e-15 0.001 0.0 0.001 0.0 0.001 0.0 0.001 0.0 0.001 0.0 0.001 1
