data/processed/NGC4564-h6/hist_kins_s.ecsv
# %ECSV 1.0
# ---
# datatype:
# - {name: binID_dynamite, datatype: int64}
# - {name: v, datatype: float32}
# - {name: sigma, datatype: float32}
# - {name: losvd_0, datatype: float64}
# - {name: dlosvd_0, datatype: float64}
# - {name: losvd_1, datatype: float64}
# - {name: dlosvd_1, datatype: float64}
# - {name: losvd_2, datatype: float64}
# - {name: dlosvd_2, datatype: float64}
# - {name: losvd_3, datatype: float64}
# - {name: dlosvd_3, datatype: float64}
# - {name: losvd_4, datatype: float64}
# - {name: dlosvd_4, datatype: float64}
# - {name: losvd_5, datatype: float64}
# - {name: dlosvd_5, datatype: float64}
# - {name: losvd_6, datatype: float64}
# - {name: dlosvd_6, datatype: float64}
# - {name: losvd_7, datatype: float64}
# - {name: dlosvd_7, datatype: float64}
# - {name: losvd_8, datatype: float64}
# - {name: dlosvd_8, datatype: float64}
# - {name: losvd_9, datatype: float64}
# - {name: dlosvd_9, datatype: float64}
# - {name: losvd_10, datatype: float64}
# - {name: dlosvd_10, datatype: float64}
# - {name: losvd_11, datatype: float64}
# - {name: dlosvd_11, datatype: float64}
# - {name: losvd_12, datatype: float64}
# - {name: dlosvd_12, datatype: float64}
# - {name: losvd_13, datatype: float64}
# - {name: dlosvd_13, datatype: float64}
# - {name: losvd_14, datatype: float64}
# - {name: dlosvd_14, datatype: float64}
# - {name: losvd_15, datatype: float64}
# - {name: dlosvd_15, datatype: float64}
# - {name: losvd_16, datatype: float64}
# - {name: dlosvd_16, datatype: float64}
# - {name: losvd_17, datatype: float64}
# - {name: dlosvd_17, datatype: float64}
# - {name: losvd_18, datatype: float64}
# - {name: dlosvd_18, datatype: float64}
# - {name: losvd_19, datatype: float64}
# - {name: dlosvd_19, datatype: float64}
# - {name: losvd_20, datatype: float64}
# - {name: dlosvd_20, datatype: float64}
# - {name: losvd_21, datatype: float64}
# - {name: dlosvd_21, datatype: float64}
# - {name: losvd_22, datatype: float64}
# - {name: dlosvd_22, datatype: float64}
# - {name: losvd_23, datatype: float64}
# - {name: dlosvd_23, datatype: float64}
# - {name: losvd_24, datatype: float64}
# - {name: dlosvd_24, datatype: float64}
# - {name: losvd_25, datatype: float64}
# - {name: dlosvd_25, datatype: float64}
# - {name: losvd_26, datatype: float64}
# - {name: dlosvd_26, datatype: float64}
# - {name: losvd_27, datatype: float64}
# - {name: dlosvd_27, datatype: float64}
# - {name: losvd_28, datatype: float64}
# - {name: dlosvd_28, datatype: float64}
# - {name: losvd_29, datatype: float64}
# - {name: dlosvd_29, datatype: float64}
# - {name: is_good, datatype: int64}
# meta: !!omap
# - {dv: 100.0}
# - vcent: [-1450.0, -1350.0, -1250.0, -1150.0, -1050.0, -950.0, -850.0, -750.0, -650.0, -550.0, -450.0, -350.0, -250.0, -150.0, -50.0,
#     50.0, 150.0, 250.0, 350.0, 450.0, 550.0, 650.0, 750.0, 850.0, 950.0, 1050.0, 1150.0, 1250.0, 1350.0, 1450.0]
# - {nbins: 689}
# - {nvbins: 30}
# - PSF:
#     sigma: [0.9742837712172444, 4.520288137872436]
#     weight: [0.9230141364684558, 0.07698586353154424]
# schema: astropy-2.0
binID_dynamite v sigma losvd_0 dlosvd_0 losvd_1 dlosvd_1 losvd_2 dlosvd_2 losvd_3 dlosvd_3 losvd_4 dlosvd_4 losvd_5 dlosvd_5 losvd_6 dlosvd_6 losvd_7 dlosvd_7 losvd_8 dlosvd_8 losvd_9 dlosvd_9 losvd_10 dlosvd_10 losvd_11 dlosvd_11 losvd_12 dlosvd_12 losvd_13 dlosvd_13 losvd_14 dlosvd_14 losvd_15 dlosvd_15 losvd_16 dlosvd_16 losvd_17 dlosvd_17 losvd_18 dlosvd_18 losvd_19 dlosvd_19 losvd_20 dlosvd_20 losvd_21 dlosvd_21 losvd_22 dlosvd_22 losvd_23 dlosvd_23 losvd_24 dlosvd_24 losvd_25 dlosvd_25 losvd_26 dlosvd_26 losvd_27 dlosvd_27 losvd_28 dlosvd_28 losvd_29 dlosvd_29 is_good
[from data line 88]
89 75.1749 117.453514 0.0 0.001 0.0 0.001 0.0 0.001 0.0 0.001 0.0 0.001 9.843351406870598e-17 0.001 1.5850865161385462e-13 0.001 1.442766713931482e-10 0.001 5.9442371649511726e-08 0.001 6.995790578771285e-06 0.001 0.00030030858977268024 0.0030623106984169965 0.00468161779164661 0.01697170177727915 0.023399235687711354 0.027374092159936195 0.06071245589311185 0.021337462005766687 0.17053626710540326 0.016360145950284483 0.31976071810103124 0.03582481190145062 0.2519549215855657 0.020657216997404054 0.10752261430418619 0.022316317382518505 0.04582959472288439 0.021699514204991756 0.013799145830040868 0.028199020832204887 0.0014495389041978615 0.00843678439764417 4.603021781905382e-05 0.001 4.952961901413496e-07 0.001 5.928895373101113e-10 0.001 1.6349192266708664e-13 0.001 0.0 0.001 0.0 0.001 0.0 0.001 0.0 0.001 0.0 0.001 1
90 -11.5806 95.90458 0.0 0.001 0.0 0.001 0.0 0.001 0.0 0.001 0.0 0.001 0.0 0.001 0.0 0.001 5.455959749472216e-13 0.001 3.21244694837199e-09 0.001 1.4387658626159068e-06 0.001 0.0002111511839510474 0.0031441716782987343 0.006340804635853702 0.023849178589499552 0.04333298285489222 0.027469743126839696 0.14908649809258348 0.024041983592301114 0.3562897229657414 0.033166952253466164 0.32509395655156814 0.026527701241010587 0.09884443792402768 0.025980878212557894 0.018812373594159697 0.03371850186119095 0.0019299325937129055 0.017743237019529227 5.6466752933337624e-05 0.0015881607814487116 2.3080480306696394e-07 0.001 6.690368651025327e-11 0.001 1.4475104477216662e-14 0.001 0.0 0.001 0.0 0.001 0.0 0.001 0.0 0.001 0.0 0.001 0.0 0.001 0.0 0.001 1
91 -6.8572 109.52707 0.0 0.001 0.0 0.001 0.0 0.001 0.0 0.001 0.0 0.001 5.169804604689843e-15 0.001 8.127673574537875e-12 0.001 5.517173875765416e-09 0.001 1.2472353674853784e-06 0.001 9.33833804528793e-05 0.001 0.0022238207801170726 0.008687285331083264 0.01857122651758968 0.029291022537790857 0.06067629219813848 0.017141199238576203 0.14606395518843288 0.01640820958292527 0.3092238062651852 0.025709901605796476 0.3082034828807215 0.02187425354593245 0.11943206500574295 0.020551336107189955 0.027532381370391264 0.016978264620885745 0.007133661485204812 0.028099246299595867 0.0008115338873486555 0.007294148764904114 3.274596247499947e-05 0.001 3.912812559357311e-07 0.001 1.034990425791027e-09 0.001 1.2787207019561951e-12 0.001 3.705703831318796e-16 0.001 0.0 0.001 0.0 0.001 0.0 0.001 0.0 0.001 0.0 0.001 1
92 -8.7594 120.6409 0.0 0.001 0.0 0.001 0.0 0.001 0.0 0.001 2.9067763260350795e-15 0.001 2.7879781256859296e-12 0.001 1.2575389124378724e-09 0.001 2.117539163878755e-07 0.001 1.26050567141937e-05 0.001 0.00038339225876871195 0.0028621646237739274 0.004277323010261742 0.016351092951551762 0.018794914402398347 0.027319149303006836 0.054481922192152726 0.01879882442465537 0.15436406988227758 0.01442409978569896 0.29567687808934046 0.0277444978665487 0.27922512773404 0.023842536786099433 0.12968189828895088 0.017492791274460448 0.04397246185462157 0.018123851232058008 0.0159408881731474 0.02922044594571597 0.002913708736786742 0.012778533093333027 0.00026638588087036564 0.0018224808335488472 8.107957504435174e-06 0.001 1.0286611806442577e-07 0.001 6.005711331779375e-10 0.001 1.2281528870734784e-12 0.001 1.2164361381519823e-15 0.001 0.0 0.001 0.0 0.001 0.0 0.001 0.0 0.001 1
93 -3.7614 120.673454 0.0 100000.0 0.0 100000.0 0.0 100000.0 0.0 100000.0 0.0 100000.0 0.0 100000.0 0.0 100000.0 0.0 100000.0 0.0 100000.0 0.0 100000.0 0.0 100000.0 0.0 100000.0 0.0 100000.0 0.0 100000.0 0.0 100000.0 0.0 100000.0 0.0 100000.0 0.0 100000.0 0.0 100000.0 0.0 100000.0 0.0 100000.0 0.0 100000.0 0.0 100000.0 0.0 100000.0 0.0 100000.0 0.0 100000.0 0.0 100000.0 0.0 100000.0 0.0 100000.0 0.0 100000.0 0
94 8.4662 131.3215 0.0 100000.0 0.0 100000.0 0.0 100000.0 0.0 100000.0 0.0 100000.0 0.0 100000.0 0.0 100000.0 0.0 100000.0 0.0 100000.0 0.0 100000.0 0.0 100000.0 0.0 100000.0 0.0 100000.0 0.0 100000.0 0.0 100000.0 0.0 100000.0 0.0 100000.0 0.0 100000.0 0.0 100000.0 0.0 100000.0 0.0 100000.0 0.0 100000.0 0.0 100000.0 0.0 100000.0 0.0 100000.0 0.0 100000.0 0.0 100000.0 0.0 100000.0 0.0 100000.0 0.0 100000.0 0
95 15.1693 152.82991 0.0 100000.0 0.0 100000.0 0.0 100000.0 0.0 100000.0 0.0 100000.0 0.0 100000.0 0.0 100000.0 0.0 100000.0 0.0 100000.0 0.0 100000.0 0.0 100000.0 0.0 100000.0 0.0 100000.0 0.0 100000.0 0.0 100000.0 0.0 100000.0 0.0 100000.0 0.0 100000.0 0.0 100000.0 0.0 100000.0 0.0 100000.0 0.0 100000.0 0.0 100000.0 0.0 100000.0 0.0 100000.0 0.0 100000.0 0.0 100000.0 0.0 100000.0 0.0 100000.0 0.0 100000.0 0
96 27.1389 148.21863 0.0 100000.0 0.0 100000.0 0.0 100000.0 0.0 100000.0 0.0 100000.0 0.0 100000.0 0.0 100000.0 0.0 100000.0 0.0 100000.0 0.0 100000.0 0.0 100000.0 0.0 100000.0 0.0 100000.0 0.0 100000.0 0.0 100000.0 0.0 100000.0 0.0 100000.0 0.0 100000.0 0.0 100000.0 0.0 100000.0 0.0 100000.0 0.0 100000.0 0.0 100000.0 0.0 100000.0 0.0 100000.0 0.0 100000.0 0.0 100000.0 0.0 100000.0 0.0 100000.0 0.0 100000.0 0
97 45.953 155.61388 0.0 100000.0 0.0 100000.0 0.0 100000.0 0.0 100000.0 0.0 100000.0 0.0 100000.0 0.0 100000.0 0.0 100000.0 0.0 100000.0 0.0 100000.0 0.0 100000.0 0.0 100000.0 0.0 100000.0 0.0 100000.0 0.0 100000.0 0.0 100000.0 0.0 100000.0 0.0 100000.0 0.0 100000.0 0.0 100000.0 0.0 100000.0 0.0 100000.0 0.0 100000.0 0.0 100000.0 0.0 100000.0 0.0 100000.0 0.0 100000.0 0.0 100000.0 0.0 100000.0 0.0 100000.0 0
98 61.4985 152.45053 0.0 100000.0 0.0 100000.0 0.0 100000.0 0.0 100000.0 0.0 100000.0 0.0 100000.0 0.0 100000.0 0.0 100000.0 0.0 100000.0 0.0 100000.0 0.0 100000.0 0.0 100000.0 0.0 100000.0 0.0 100000.0 0.0 100000.0 0.0 100000.0 0.0 100000.0 0.0 100000.0 0.0 100000.0 0.0 100000.0 0.0 100000.0 0.0 100000.0 0.0 100000.0 0.0 100000.0 0.0 100000.0 0.0 100000.0 0.0 100000.0 0.0 100000.0 0.0 100000.0 0.0 100000.0 0
99 73.7655 146.0571 0.0 100000.0 0.0 100000.0 0.0 100000.0 0.0 100000.0 0.0 100000.0 0.0 100000.0 0.0 100000.0 0.0 100000.0 0.0 100000.0 0.0 100000.0 0.0 100000.0 0.0 100000.0 0.0 100000.0 0.0 100000.0 0.0 100000.0 0.0 100000.0 0.0 100000.0 0.0 100000.0 0.0 100000.0 0.0 100000.0 0.0 100000.0 0.0 100000.0 0.0 100000.0 0.0 100000.0 0.0 100000.0 0.0 100000.0 0.0 100000.0 0.0 100000.0 0.0 100000.0 0.0 100000.0 0
100 81.377 140.53441 0.0 100000.0 0.0 100000.0 0.0 100000.0 0.0 100000.0 0.0 100000.0 0.0 100000.0 0.0 100000.0 0.0 100000.0 0.0 100000.0 0.0 100000.0 0.0 100000.0 0.0 100000.0 0.0 100000.0 0.0 100000.0 0.0 100000.0 0.0 100000.0 0.0 100000.0 0.0 100000.0 0.0 100000.0 0.0 100000.0 0.0 100000.0 0.0 100000.0 0.0 100000.0 0.0 100000.0 0.0 100000.0 0.0 100000.0 0.0 100000.0 0.0 100000.0 0.0 100000.0 0.0 100000.0 0
101 76.4536 154.09526 0.0 100000.0 0.0 100000.0 0.0 100000.0 0.0 100000.0 0.0 100000.0 0.0 100000.0 0.0 100000.0 0.0 100000.0 0.0 100000.0 0.0 100000.0 0.0 100000.0 0.0 100000.0 0.0 100000.0 0.0 100000.0 0.0 100000.0 0.0 100000.0 0.0 100000.0 0.0 100000.0 0.0 100000.0 0.0 100000.0 0.0 100000.0 0.0 100000.0 0.0 100000.0 0.0 100000.0 0.0 100000.0 0.0 100000.0 0.0 100000.0 0.0 100000.0 0.0 100000.0 0.0 100000.0 0
102 80.9174 134.83174 0.0 0.001 0.0 0.001 0.0 0.001 0.0 0.001 0.0 0.001 0.0 0.001 0.0 0.001 0.0 0.001 1.2998094906030918e-06 0.001 6.649888121862968e-05 0.0014454942039109448 0.0011481678368510592 0.009028012619169872 0.007359164642663181 0.02476388242545187 0.029442952613142413 0.018580889950266983 0.07947070210118655 0.021073879198149327 0.1740868184562683 0.009946596039963812 0.2774356374260911 0.027020513394684614 0.2601834289994839 0.019379574813412542 0.1322395782148693 0.01539659612825521 0.034518356818216245 0.017078119521438805 0.004047394200518605 0.026167310538652615 0.0 0.019589009988431313 0.0 0.0051249705212501225 0.0 0.001 0.0 0.001 0.0 0.001 0.0 0.001 0.0 0.001 0.0 0.001 0.0 0.001 0.0 0.001 1
103 78.88 123.805176 0.0 0.001 0.0 0.001 0.0 0.001 0.0 0.001 0.0 0.001 2.069117096554067e-14 0.001 1.489118397179659e-11 0.001 3.1573736224996826e-09 0.001 3.428008661762033e-07 0.001 1.3091434325181996e-05 0.001 0.00025622926822480344 0.004771889717176326 0.002520347664313859 0.02084653437794243 0.018302003969683844 0.024326833606373117 0.07102620647616067 0.019788133230146863 0.18548743935570963 0.009605787535951163 0.30018570194015687 0.028857644048271514 0.27699292245604595 0.018792679233354398 0.12632210210677056 0.01926013494042169 0.0188936093549878 0.015025280017737142 0.0 0.030551637968025472 0.0 0.013002595049885952 0.0 0.0019513744309114533 0.0 0.001 0.0 0.001 0.0 0.001 4.68619124364467e-13 0.001 6.119887145727304e-16 0.001 0.0 0.001 0.0 0.001 0.0 0.001 1
104 73.551 119.65631 0.0 0.001 0.0 0.001 0.0 0.001 0.0 0.001 0.0 0.001 0.0 0.001 0.0 0.001 0.0 0.001 0.0 0.001 0.0 0.001 7.2715762500114815e-06 0.004228138641626156 0.0011674661615620008 0.02116905297799293 0.012119401108215227 0.027934729075997797 0.06022353887332971 0.022054822494467274 0.19395595031880716 0.013132649352678466 0.31834207697901323 0.0326072280659111 0.26150264331018874 0.020308212665278533 0.11706925040969911 0.022812805662732825 0.031179529848341443 0.01925579076569541 0.004305862146585556 0.0294168746755644 0.00012673962036182366 0.010043932731906893 2.683269020376818e-07 0.001192605535158693 0.0 0.001 1.3185216140219242e-09 0.001 2.2222759460071283e-12 0.001 0.0 0.001 0.0 0.001 0.0 0.001 0.0 0.001 0.0 0.001 1
105 87.1499 111.40709 0.0 0.001 0.0 0.001 0.0 0.001 0.0 0.001 0.0 0.001 0.0 0.001 0.0 0.001 0.0 0.001 3.424925166394349e-13 0.001 9.3656979071872e-09 0.001 3.64227566575905e-06 0.0014752061117635788 0.00046385637634157196 0.012000925141620492 0.010332107276952787 0.03055615884307489 0.04583320582405008 0.0276282341592989 0.1590328303957208 0.028138053384651016 0.3275124923820167 0.04220318115349719 0.28674821284656554 0.033585318714731416 0.12107722777216888 0.02660025649652789 0.04099770116470893 0.02785441848975214 0.0075967540273496345 0.02674013715327944 0.00039891783166613243 0.007125713548727256 3.040427444720262e-06 0.001 2.033225449257342e-09 0.001 8.268183454400159e-14 0.001 0.0 0.001 0.0 0.001 0.0 0.001 0.0 0.001 0.0 0.001 0.0 0.001 1
106 79.329 116.22282 0.0 0.001 0.0 0.001 0.0 0.001 0.0 0.001 0.0 0.001 0.0 0.001 2.9973010219221833e-15 0.001 1.1384236468752697e-11 0.001 8.873440176412426e-09 0.001 1.6677835228261738e-06 0.001 0.00015487679521516927 0.0025800847392505174 0.0028646516653670134 0.016338327384818902 0.019260507027914195 0.03218823456016838 0.057687232075407574 0.024870156653559503 0.16642989494471402 0.02268374966168557 0.3177015764943739 0.03409728489272923 0.26221892663795177 0.027831235244883706 0.11096477248694339 0.02387860412948889 0.04665567158783625 0.025084757455182464 0.014294391819711975 0.02725340264681531 0.0017059901885159163 0.008225408856082543 5.915015900167109e-05 0.001 6.789228952934589e-07 0.001 2.522816755171493e-09 0.001 2.9831627950861958e-12 0.001 1.5949874381209374e-15 0.001 0.0 0.001 0.0 0.001 0.0 0.001 0.0 0.001 1
107 77.3228 108.94054 0.0 0.001 0.0 0.001 0.0 0.001 0.0 0.001 0.0 0.001 0.0 0.001 0.0 0.001 5.591540203445249e-15 0.001 2.6677848475778508e-11 0.001 7.06706867964514e-08 0.001 2.3830510061513026e-05 0.0013159884424790288 0.0016840991711792367 0.011638464484206105 0.017574571124483226 0.0316114143224957 0.06040022904292681 0.02254697260953163 0.16784247435736058 0.0202386502929348 0.33725594917420854 0.03833736139330063 0.27363230197442767 0.025628118063565755 0.10326632946462933 0.026853964263550002 0.03174508618631358 0.025343684222480345 0.0063365189819665465 0.023665773069673882 0.00023685948630700052 0.004981635268964802 1.6788927493867527e-06 0.001 9.359419535776188e-10 0.001 7.417908631035914e-14 0.001 0.0 0.001 0.0 0.001 0.0 0.001 0.0 0.001 0.0 0.001 0.0 0.001 1
108 -27.9303 105.41632 0.0 0.001 0.0 0.001 0.0 0.001 0.0 0.001 0.0 0.001 2.0424554651149522e-16 0.001 9.212402480275516e-13 0.001 1.2974814533456215e-09 0.001 6.152233381197442e-07 0.001 6.32533941491298e-05 0.001 0.0015295683209209084 0.01034563511712633 0.011069314505503594 0.03153507869807413 0.04264147234997383 0.018891177547566557 0.17514036129584382 0.01714929408709609 0.3580505792408024 0.03478691599890166 0.24938501610305158 0.018877876193419116 0.10681700512312035 0.024408131128396966 0.046366725661831566 0.027329566170486146 0.008491884629006066 0.020245719533515193 0.000438864950585927 0.0030074645134672263 5.32061666974171e-06 0.001 1.726744328837913e-08 0.001 1.935524259161666e-11 0.001 1.468226379628748e-15 0.001 0.0 0.001 0.0 0.001 0.0 0.001 0.0 0.001 0.0 0.001 0.0 0.001 1
109 -18.505 112.55632 0.0 0.001 0.0 0.001 0.0 0.001 0.0 0.001 0.0 0.001 0.0 0.001 3.53813461407015e-13 0.001 1.7224196445611942e-09 0.001 1.0964588185052718e-06 0.001 0.00011021729879502117 0.0017549055142995372 0.002457321770948784 0.013430783539016193 0.01967264992315352 0.030039448600254183 0.059146554150918317 0.021120847388044286 0.16214000071380885 0.01855344643170065 0.3232409595803289 0.033168817092766034 0.2732417206601079 0.02496294797453423 0.10934570872116262 0.02291641900807831 0.039829693352693055 0.022897021265257958 0.009839400694159006 0.026743422880109544 0.0009500951390203907 0.00678375017459581 2.441832204218391e-05 0.001 1.6118078203072575e-07 0.001 3.102775259622727e-10 0.001 2.1010106477063236e-13 0.001 0.0 0.001 0.0 0.001 0.0 0.001 0.0 0.001 0.0 0.001 0.0 0.001 1
110 -12.1546 126.11601 0.0 0.001 0.0 0.001 0.0 0.001 0.0 0.001 0.0 0.001 1.8345726974610683e-12 0.001 9.461704874903667e-10 0.001 9.53938146838714e-08 0.001 1.0810488717437226e-05 0.001 0.00039901472589192556 0.004782326671844833 0.005821469400290694 0.02009499977984562 0.02980566291815487 0.024677101112209002 0.07570110229138195 0.019787510002848382 0.1599453356880071 0.010684805363585306 0.2822838231100175 0.027455710357602275 0.2795331628900393 0.022270041459360068 0.12999807958031592 0.016269759841329785 0.02902702484481361 0.016498045884292052 0.005769341454885694 0.026788535909953712 0.0015020099778363762 0.015072188572312644 0.00019264817650763944 0.0028186669197121004 1.0283447019873111e-05 0.001 1.3385734497367388e-07 0.001 8.046797564137855e-10 0.001 2.2724829970543446e-12 0.001 3.2675987363159e-15 0.001 0.0 0.001 0.0 0.001 0.0 0.001 0.0 0.001 1
111 -14.7989 124.78346 0.0 100000.0 0.0 100000.0 0.0 100000.0 0.0 100000.0 0.0 100000.0 0.0 100000.0 0.0 100000.0 0.0 100000.0 0.0 100000.0 0.0 100000.0 0.0 100000.0 0.0 100000.0 0.0 100000.0 0.0 100000.0 0.0 100000.0 0.0 100000.0 0.0 100000.0 0.0 100000.0 0.0 100000.0 0.0 100000.0 0.0 100000.0 0.0 100000.0 0.0 100000.0 0.0 100000.0 0.0 100000.0 0.0 100000.0 0.0 100000.0 0.0 100000.0 0.0 100000.0 0.0 100000.0 0
112 -6.438 135.86569 0.0 100000.0 0.0 100000.0 0.0 100000.0 0.0 100000.0 0.0 100000.0 0.0 100000.0 0.0 100000.0 0.0 100000.0 0.0 100000.0 0.0 100000.0 0.0 100000.0 0.0 100000.0 0.0 100000.0 0.0 100000.0 0.0 100000.0 0.0 100000.0 0.0 100000.0 0.0 100000.0 0.0 100000.0 0.0 100000.0 0.0 100000.0 0.0 100000.0 0.0 100000.0 0.0 100000.0 0.0 100000.0 0.0 100000.0 0.0 100000.0 0.0 100000.0 0.0 100000.0 0.0 100000.0 0
113 5.3325 158.79568 0.0 100000.0 0.0 100000.0 0.0 100000.0 0.0 100000.0 0.0 100000.0 0.0 100000.0 0.0 100000.0 0.0 100000.0 0.0 100000.0 0.0 100000.0 0.0 100000.0 0.0 100000.0 0.0 100000.0 0.0 100000.0 0.0 100000.0 0.0 100000.0 0.0 100000.0 0.0 100000.0 0.0 100000.0 0.0 100000.0 0.0 100000.0 0.0 100000.0 0.0 100000.0 0.0 100000.0 0.0 100000.0 0.0 100000.0 0.0 100000.0 0.0 100000.0 0.0 100000.0 0.0 100000.0 0
