data/processed/NGC4564-h6/hist_kins.ecsv
# %ECSV 1.0
# ---
# datatype:
# - {name: binID_dynamite, datatype: int64}
# - {name: v, datatype: float32}
# - {name: sigma, datatype: float32}
# - {name: losvd_0, datatype: float64}
# - {name: dlosvd_0, datatype: float64}
# - {name: losvd_1, datatype: float64}
# - {name: dlosvd_1, datatype: float64}
# - {name: losvd_2, datatype: float64}
# - {name: dlosvd_2, datatype: float64}
# - {name: losvd_3, datatype: float64}
# - {name: dlosvd_3, datatype: float64}
# - {name: losvd_4, datatype: float64}
# - {name: dlosvd_4, datatype: float64}
# - {name: losvd_5, datatype: float64}
# - {name: dlosvd_5, datatype: float64}
# - {name: losvd_6, datatype: float64}
# - {name: dlosvd_6, datatype: float64}
# - {name: losvd_7, datatype: float64}
# - {name: dlosvd_7, datatype: float64}
# - {name: losvd_8, datatype: float64}
# - {name: dlosvd_8, datatype: float64}
# - {name: losvd_9, datatype: float64}
# - {name: dlosvd_9, datatype: float64}
# - {name: losvd_10, datatype: float64}
# - {name: dlosvd_10, datatype: float64}
# - {name: losvd_11, datatype: float64}
# - {name: dlosvd_11, datatype: float64}
# - {name: losvd_12, datatype: float64}
# - {name: dlosvd_12, datatype: float64}
# - {name: losvd_13, datatype: float64}
# - {name: dlosvd_13, datatype: float64}
# - {name: losvd_14, datatype: float64}
# - {name: dlosvd_14, datatype: float64}
# - {name: losvd_15, datatype: float64}
# - {name: dlosvd_15, datatype: float64}
# - {name: losvd_16, datatype: float64}
# - {name: dlosvd_16, datatype: float64}
# - {name: losvd_17, datatype: float64}
# - {name: dlosvd_17, datatype: float64}
# - {name: losvd_18, datatype: float64}
# - {name: dlosvd_18, datatype: float64}
# - {name: losvd_19, datatype: float64}
# - {name: dlosvd_19, datatype: float64}
# - {name: losvd_20, datatype: float64}
# - {name: dlosvd_20, datatype: float64}
# - {name: losvd_21, datatype: float64}
# - {name: dlosvd_21, datatype: float64}
# - {name: losvd_22, datatype: float64}
# - {name: dlosvd_22, datatype: float64}
# - {name: losvd_23, datatype: float64}
# - {name: dlosvd_23, datatype: float64}
# - {name: losvd_24, datatype: float64}
# - {name: dlosvd_24, datatype: float64}
# - {name: losvd_25, datatype: float64}
# - {name: dlosvd_25, datatype: float64}
# - {name: losvd_26, datatype: float64}
# - {name: dlosvd_26, datatype: float64}
# - {name: losvd_27, datatype: float64}
# - {name: dlosvd_27, datatype: float64}
# - {name: losvd_28, datatype: float64}
# - {name: dlosvd_28, datatype: float64}
# - {name: losvd_29, datatype: float64}
# - {name: dlosvd_29, datatype: float64}
# - {name: is_good, datatype: int64}
# meta: !!omap
# - {dv: 100.0}
# - vcent: [-1450.0, -1350.0, -1250.0, -1150.0, -1050.0, -950.0, -850.0, -750.0, -650.0, -550.0, -450.0, -350.0, -250.0, -150.0, -50.0,
#     50.0, 150.0, 250.0, 350.0, 450.0, 550.0, 650.0, 750.0, 850.0, 950.0, 1050.0, 1150.0, 1250.0, 1350.0, 1450.0]
# - {nbins: 1059}
# - {nvbins: 30}
# - PSF:
#     sigma:
#     - [0.30981562904828125, 1.303031411282882]
#     - [0.9742837712172444, 4.520288137872436]
#     weight:
#     - [0.7894296863335304, 0.2105703136664696]
#     - [0.9230141364684558, 0.07698586353154424]
# - aperture_exprs: [_o, _s]
# schema: astropy-2.0
binID_dynamite v sigma losvd_0 dlosvd_0 losvd_1 dlosvd_1 losvd_2 dlosvd_2 losvd_3 dlosvd_3 losvd_4 dlosvd_4 losvd_5 dlosvd_5 losvd_6 dlosvd_6 losvd_7 dlosvd_7 losvd_8 dlosvd_8 losvd_9 dlosvd_9 losvd_10 dlosvd_10 losvd_11 dlosvd_11 losvd_12 dlosvd_12 losvd_13 dlosvd_13 losvd_14 dlosvd_14 losvd_15 dlosvd_15 losvd_16 dlosvd_16 losvd_17 dlosvd_17 losvd_18 dlosvd_18 losvd_19 dlosvd_19 losvd_20 dlosvd_20 losvd_21 dlosvd_21 losvd_22 dlosvd_22 losvd_23 dlosvd_23 losvd_24 dlosvd_24 losvd_25 dlosvd_25 losvd_26 dlosvd_26 losvd_27 dlosvd_27 losvd_28 dlosvd_28 losvd_29 dlosvd_29 is_good
[from data line 350]
351 -69.0542 135.7653 0.0 0.001 0.0 0.001 0.0 0.001 0.0 0.001 0.0 0.001 0.0 0.001 0.0 0.001 0.0 0.001 0.0 0.005248612413737451 0.0 0.019467044757600395 0.0029729239054052206 0.03805636383871562 0.03421225149693921 0.04525955937609294 0.12140848677965939 0.04214597828440534 0.24575039226737028 0.047463029272106036 0.28680611728947286 0.04963364585854564 0.19590906260143173 0.04746998208276862 0.08570616060711768 0.03761422923632354 0.02526632413327893 0.04435313483571125 0.0019682809193246353 0.032631669875529457 0.0 0.01218650373131842 0.0 0.002450461278314088 0.0 0.001 0.0 0.001 0.0 0.001 0.0 0.001 0.0 0.001 0.0 0.001 0.0 0.001 0.0 0.001 0.0 0.001 1
352 -17.0782 120.573 0.0 0.001 0.0 0.001 0.0 0.001 0.0 0.001 0.0 0.001 0.0 0.001 0.0 0.001 0.0 0.001 0.0 0.001 0.0 0.0060578965643951115 0.0 0.026077503083469712 0.0 0.05274531958147734 0.04732897167627335 0.06752982400714752 0.1928168278050932 0.06721139435389008 0.3120361402037675 0.07303394886524231 0.28224899254636693 0.06733780073377567 0.1403881224322409 0.05827899135212126 0.025180945336258233 0.06691663321331666 0.0 0.04157843264007258 0.0 0.014760582774134026 0.0 0.002449455100849124 0.0 0.001 0.0 0.001 0.0 0.001 0.0 0.001 0.0 0.001 0.0 0.001 0.0 0.001 0.0 0.001 0.0 0.001 1
353 29.7963 119.2918 0.0 0.001 0.0 0.001 0.0 0.001 0.0 0.001 0.0 0.001 0.0 0.001 0.0 0.001 0.0 0.001 0.0 0.001 0.0 0.0017569870770903608 0.0 0.012569071657218366 0.0 0.03732274412851713 0.0022000273597905518 0.06484330489067565 0.12055322132140342 0.06917643005926244 0.2790966967786297 0.07355279519286097 0.3161868809954807 0.06964653747358429 0.21595834655134705 0.06670715419730816 0.06600482699334857 0.06880842022816273 0.0 0.050360282859970615 0.0 0.025047580533472433 0.0 0.005931625619924766 0.0 0.001 0.0 0.001 0.0 0.001 0.0 0.001 0.0 0.001 0.0 0.001 0.0 0.001 0.0 0.001 0.0 0.001 1
354 -40.6493 133.6207 0.0 0.001 0.0 0.001 0.0 0.001 0.0 0.001 0.0 0.001 0.0 0.001 0.0 0.001 0.0 0.001 2.4017151980598914e-07 0.0028042382996869043 7.851193971370893e-05 0.013459756475832491 0.0039062458534659694 0.03177369946293859 0.028898164661949246 0.04772638572787995 0.095373102296411 0.0416875607633817 0.20648968530554065 0.0516230463319433 0.2915953349214842 0.056973705203687094 0.23772517058456477 0.05486509054492604 0.10811214835432405 0.04632534192149146 0.02669902502312106 0.045621197787366105 0.0011223708879054065 0.035742720169393706 0.0 0.016074076970174316 0.0 0.004256042485039769 0.0 0.001 0.0 0.001 0.0 0.001 0.0 0.001 0.0 0.001 0.0 0.001 0.0 0.001 0.0 0.001 0.0 0.001 1
355 -55.5817 120.3611 0.0 0.001 0.0 0.001 0.0 0.001 0.0 0.001 0.0 0.001 0.0 0.001 0.0 0.001 0.0 0.001 0.0 0.0013257519278883467 0.0 0.00953829893751958 0.0 0.030954978355818657 0.0 0.05618550702980982 0.09459838064003391 0.06116379920985555 0.2584678788161467 0.05839718129988737 0.3178835970191265 0.06474522053272438 0.2314024972152789 0.05558029258891027 0.08883729785932362 0.06033901436106382 0.008810348450090462 0.050600313571222286 0.0 0.026680983412336462 0.0 0.007607547461828597 0.0 0.001044095892254942 0.0 0.001 0.0 0.001 0.0 0.001 0.0 0.001 0.0 0.001 0.0 0.001 0.0 0.001 0.0 0.001 0.0 0.001 1
356 -44.1427 125.6485 0.0 0.001 0.0 0.001 0.0 0.001 0.0 0.001 0.0 0.001 0.0 0.001 0.0 0.001 0.0 0.001 0.0 0.001533987180519909 0.0 0.009513552521350763 0.0 0.029684637020958908 0.013927233045446191 0.05171137644344265 0.0857194773070923 0.05426047979181501 0.2225291985015322 0.055886445747564184 0.31361991177335824 0.058415066056819204 0.24305586454401296 0.05749386067237208 0.10259377651810404 0.04852432465999269 0.01836177305877394 0.05061297038746809 0.00019276525168017932 0.03298684521097248 0.0 0.011577272732350999 0.0 0.001877937962711455 0.0 0.001 0.0 0.001 0.0 0.001 0.0 0.001 0.0 0.001 0.0 0.001 0.0 0.001 0.0 0.001 0.0 0.001 1
357 -73.8096 134.2549 0.0 0.001 0.0 0.001 0.0 0.001 0.0 0.001 0.0 0.001 0.0 0.001 0.0 0.001 0.0 0.001 7.330558480854798e-12 0.005399062259941234 3.6128514658699674e-05 0.020446649628595624 0.0036843450804167135 0.03924155167664885 0.038421931497324764 0.04666735938135383 0.12809022333003212 0.04558498426610484 0.2503051504459578 0.05173855149394177 0.28424369239967023 0.05310052320443624 0.1871731869223613 0.04849390703131286 0.07910561728281357 0.04262816797704699 0.025522008977018742 0.04667547536851421 0.0033786236143198032 0.03060897701111341 3.907641720828406e-05 0.012283059710460096 1.5509514920269502e-08 0.0025145887584745352 1.372477000410638e-12 0.001 5.5369785575202936e-17 0.001 0.0 0.001 0.0 0.001 0.0 0.001 0.0 0.001 0.0 0.001 0.0 0.001 0.0 0.001 1
358 14.9846 120.5016 0.0 0.001 0.0 0.001 0.0 0.001 0.0 0.001 0.0 0.001 0.0 0.001 0.0 0.001 0.0 0.001 0.0 0.001 0.0 0.002626282454266657 0.0 0.014099126203971855 0.0 0.0383197153814026 0.022902923486357783 0.06215383258082363 0.14389678951332086 0.056199779737945287 0.283203569164214 0.06556599229469698 0.31185015747726264 0.06568211440207478 0.19587424117261082 0.05763598171370421 0.04227231918623391 0.06563476082083204 0.0 0.05135498369397094 0.0 0.023007018880673434 0.0 0.004648987287785858 0.0 0.001 0.0 0.001 0.0 0.001 0.0 0.001 0.0 0.001 0.0 0.001 0.0 0.001 0.0 0.001 0.0 0.001 1
359 -12.9136 113.8262 0.0 0.001 0.0 0.001 0.0 0.001 0.0 0.001 0.0 0.001 0.0 0.001 0.0 0.001 0.0 0.001 0.0 0.001 0.0 0.0032073117401441903 0.0 0.018169002913368353 0.0 0.04946019015071067 0.031205165216762483 0.07279196988641862 0.18396082023847982 0.07027257794990432 0.32712071574839763 0.0802910779783661 0.3015030971924093 0.07737682117908035 0.13847518101908235 0.07366986629461861 0.01773502058486835 0.06790114264393823 0.0 0.04146275937949433 0.0 0.01334083431791051 0.0 0.0017163036065938934 0.0 0.001 0.0 0.001 0.0 0.001 0.0 0.001 0.0 0.001 0.0 0.001 0.0 0.001 0.0 0.001 0.0 0.001 1
360 -71.2594 145.3204 0.0 0.001 0.0 0.001 0.0 0.001 0.0 0.001 3.9209480292791566e-14 0.001 2.7991109100347977e-12 0.001 1.0261864641831714e-08 0.001 3.031099828308434e-06 0.0017313499074878961 0.00016869331757786253 0.008329642625395227 0.002147626214242807 0.023365119577166027 0.012864666018179722 0.03891327365151728 0.04341487733032237 0.03795176631543394 0.11556816910515193 0.04210047812144137 0.23579307652784404 0.04726617378636462 0.2665026448112415 0.04544406282625511 0.18103040916636085 0.044956415250511986 0.08826707191919721 0.035589758565689786 0.03893330849050713 0.04030621591059991 0.013612675952362223 0.0330667698729244 0.0016495885634612102 0.01690228388971355 4.3874992449397613e-05 0.004756933086460154 2.7579964553124425e-07 0.001 4.26902253210748e-10 0.001 2.2628011034753553e-14 0.001 0.0 0.001 0.0 0.001 0.0 0.001 0.0 0.001 0.0 0.001 0.0 0.001 1
361 -76.784 119.1292 0.0 0.001 0.0 0.001 0.0 0.001 0.0 0.001 0.0 0.001 0.0 0.001 0.0 0.001 0.0 0.001 0.0 0.0014767462969709857 0.0 0.009717601166955216 0.0 0.030307084946762746 0.018451597134652505 0.045368989164789465 0.12332599591554781 0.041967074959075215 0.27835940274323856 0.049138488318313495 0.3140660778363082 0.05535633107470814 0.18938586134074062 0.03649744410929427 0.06518399458257373 0.04675473500574258 0.010915661059158515 0.0386625472149372 0.00031047710341776304 0.020860379638251905 9.218095127975407e-07 0.004728341566104303 1.0474767033805804e-08 0.001 8.244420373887857e-14 0.001 3.022747080318229e-17 0.001 0.0 0.001 0.0 0.001 0.0 0.001 0.0 0.001 0.0 0.001 0.0 0.001 0.0 0.001 1
362 47.5709 128.7877 0.0 0.001 0.0 0.001 0.0 0.001 0.0 0.001 0.0 0.001 0.0 0.001 0.0 0.001 0.0 0.001 0.0 0.001 0.0 0.002175641577965068 0.0 0.012321769444164587 0.0004662270887637628 0.0369311833243853 0.02767702445602748 0.054859455229954 0.10984136072007178 0.04619429583340857 0.230875256390574 0.06165512619359509 0.3048486708701578 0.04740401416117593 0.24118422667106185 0.06081410523546431 0.08388387925505704 0.05030850227569732 0.001223354548286384 0.05480737252223179 0.0 0.04062402882526947 0.0 0.012255925833521041 0.0 0.0020226600105825443 0.0 0.001 0.0 0.001 0.0 0.001 0.0 0.001 0.0 0.001 0.0 0.001 0.0 0.001 0.0 0.001 1
363 -64.4531 112.4877 0.0 0.001 0.0 0.001 0.0 0.001 0.0 0.001 0.0 0.001 0.0 0.001 0.0 0.001 0.0 0.001 0.0 0.001 0.0 0.006868947140087387 0.0 0.03025082548282405 0.008542400901349124 0.05959847847061278 0.09679697109318566 0.06110680905455758 0.2657346896943147 0.06689083067767418 0.33988072781829953 0.06592324200278932 0.21879274850719319 0.06123154660334487 0.06691066025120387 0.0631130612033053 0.003341801734453957 0.049006307559389194 0.0 0.019574060845225505 0.0 0.0036691720243473415 0.0 0.001 0.0 0.001 0.0 0.001 0.0 0.001 0.0 0.001 0.0 0.001 0.0 0.001 0.0 0.001 0.0 0.001 0.0 0.001 1
364 -48.2407 132.1778 0.0 0.001 0.0 0.001 0.0 0.001 0.0 0.001 0.0 0.001 0.0 0.001 0.0 0.001 0.0 0.001 0.0 0.002818681438939725 0.0 0.013717357243975535 0.002023641893044896 0.03472022683084572 0.019787663721808364 0.05079086489858249 0.09408558133600431 0.042835043798417655 0.22701264275663446 0.05351901783976319 0.2926549489682586 0.05482336561736957 0.218919637839442 0.05359527000833257 0.10357818226432793 0.04401931885341982 0.03560692247850162 0.04655036872649679 0.0059846741191634 0.03371382682634391 0.0003453246104319302 0.015171126121599127 7.76798808834411e-07 0.003241798696975594 3.2135737104019133e-09 0.001 0.0 0.001 0.0 0.001 0.0 0.001 0.0 0.001 0.0 0.001 0.0 0.001 0.0 0.001 0.0 0.001 1
365 32.614 113.9406 0.0 0.001 0.0 0.001 0.0 0.001 0.0 0.001 0.0 0.001 0.0 0.001 0.0 0.001 0.0 0.001 0.0 0.001 0.0 0.001 0.0 0.008493154092039542 0.0 0.03736089347772553 0.0 0.06869715307968013 0.09693100580891492 0.07129125227257664 0.28796302510893723 0.07892329075839165 0.3243198268970321 0.061320899279725255 0.23040662142214435 0.07337416208315505 0.06037952076297132 0.06848254794768928 0.0 0.06175273948190797 0.0 0.02319361684169216 0.0 0.003704100717556184 0.0 0.001 0.0 0.001 0.0 0.001 0.0 0.001 0.0 0.001 0.0 0.001 0.0 0.001 0.0 0.001 0.0 0.001 1
366 9.9801 123.8214 0.0 0.001 0.0 0.001 0.0 0.001 0.0 0.001 0.0 0.001 0.0 0.001 0.0 0.001 0.0 0.001 0.0 0.001 0.0 0.0038962246343284684 0.0 0.018407732163817702 0.0 0.04508720899032427 0.01741444197105766 0.06466676581588597 0.16113802478952877 0.05692687226254892 0.2884870074709501 0.06519106681868585 0.29827122404011436 0.06314276779225636 0.1909851079373804 0.06286720245782768 0.04370419379096872 0.0640786483745442 0.0 0.05260062216313142 0.0 0.025069115456283923 0.0 0.005255388685212931 0.0 0.001 0.0 0.001 0.0 0.001 0.0 0.001 0.0 0.001 0.0 0.001 0.0 0.001 0.0 0.001 0.0 0.001 1
367 69.7674 114.7077 0.0 0.001 0.0 0.001 0.0 0.001 0.0 0.001 0.0 0.001 0.0 0.001 0.0 0.001 0.0 0.001 0.0 0.001 0.0 0.001 0.0 0.004450818660690083 0.0 0.022904597254920164 0.0 0.05364672875335901 0.04638349565639804 0.0721481154673867 0.22025930400991503 0.0727101708342165 0.3325781749084582 0.07108509366543422 0.2720373316818282 0.07336448049948924 0.11682119035146796 0.0637146011737343 0.01192050339193269 0.0640481311956429 0.0 0.033583265722532486 0.0 0.009666537459026675 0.0 0.0012131896024539716 0.0 0.001 0.0 0.001 0.0 0.001 0.0 0.001 0.0 0.001 0.0 0.001 0.0 0.001 0.0 0.001 1
368 11.8195 110.5444 0.0 0.001 0.0 0.001 0.0 0.001 0.0 0.001 0.0 0.001 0.0 0.001 0.0 0.001 0.0 0.001 0.0 0.001 0.0 0.001 0.0 0.010016920226594572 0.0 0.042581540212665976 0.007620843629233554 0.07491714616608336 0.1470071917147751 0.06885572441768223 0.30541453539405977 0.07252071733294058 0.33918283997060056 0.06975524615264661 0.1934061163120955 0.07013372422432886 0.007368472979235541 0.07804002756463721 0.0 0.05085116010768322 0.0 0.015653311188644336 0.0 0.00184960724385972 0.0 0.001 0.0 0.001 0.0 0.001 0.0 0.001 0.0 0.001 0.0 0.001 0.0 0.001 0.0 0.001 0.0 0.001 1
369 -75.6413 124.8352 0.0 0.001 0.0 0.001 0.0 0.001 0.0 0.001 0.0 0.001 0.0 0.001 0.0 0.001 0.0 0.001 0.0 0.0028742905678754123 0.0 0.014736003203688328 0.0 0.040262834305372676 0.016133865249533332 0.05532288190920985 0.13036844334706604 0.049094259174374315 0.27509123312131734 0.058046312772860154 0.30106709128543874 0.05750846979485785 0.1979991361675287 0.04929019299102763 0.07172115244728623 0.05727388134473865 0.007619078381102885 0.04925400619442587 0.0 0.02633582852709533 0.0 0.0071638662605824615 0.0 0.001 7.266266999307942e-13 0.001 0.0 0.001 0.0 0.001 0.0 0.001 0.0 0.001 0.0 0.001 0.0 0.001 0.0 0.001 0.0 0.001 1
370 -68.7844 129.1073 0.0 0.001 0.0 0.001 0.0 0.001 0.0 0.001 0.0 0.001 0.0 0.001 0.0 0.001 0.0 0.001 0.0 0.0035384798567906477 0.0 0.016744806396700968 0.0 0.03869508307201445 0.02489960756721474 0.051553907664325375 0.11788439380918996 0.04638168081868202 0.25622862745053293 0.056630179326332075 0.2957850074672273 0.05231175583884892 0.19465988030326786 0.055587600808400334 0.08685724949230508 0.04440688028875753 0.021135714402766143 0.04811768975077109 0.002470875912223229 0.029848903675631307 7.801554114458458e-05 0.009228149204403614 6.239268123742843e-07 0.0015780852593256468 4.126829091237766e-09 0.001 4.866682023661672e-13 0.001 0.0 0.001 0.0 0.001 0.0 0.001 0.0 0.001 0.0 0.001 0.0 0.001 0.0 0.001 1
371 82.5567 117.35314 0.0 0.001 0.0 0.001 0.0 0.001 0.0 0.001 0.0 0.001 0.0 0.001 0.0 0.001 0.0 0.001 0.0 0.001 0.0 0.001 0.0 0.0029510245507431317 0.0 0.018828987600983577 0.0 0.03405280891250502 0.04322436166700236 0.022655293077657505 0.19963278491372347 0.01795679243434474 0.31774436718683297 0.03246002040153875 0.2931732564381664 0.02532024259728949 0.13733433700674608 0.024571637282032606 0.00889089278752877 0.02188730073979262 0.0 0.03303423790521124 0.0 0.010935953486557775 0.0 0.001196060083750197 0.0 0.001 0.0 0.001 0.0 0.001 0.0 0.001 0.0 0.001 0.0 0.001 0.0 0.001 0.0 0.001 1
372 97.5595 126.16967 0.0 0.001 0.0 0.001 0.0 0.001 0.0 0.001 0.0 0.001 0.0 0.001 0.0 0.001 0.0 0.001 0.0 0.001 0.0 0.001 0.0 0.004501995732784724 0.0 0.01897608993725758 0.006844482636106285 0.02937754163134941 0.04950860566060787 0.021735633134202438 0.16242747627430096 0.018007481579095777 0.28750682606865163 0.02850195072517564 0.28573358757627365 0.027732912887231537 0.15461040304581797 0.0173352941915757 0.04635361592732345 0.021020322752285856 0.006571254495102749 0.028613295684724056 0.00044374831581538686 0.017249041051053855 0.0 0.003665812725816692 0.0 0.001 0.0 0.001 0.0 0.001 0.0 0.001 0.0 0.001 0.0 0.001 0.0 0.001 0.0 0.001 1
373 95.724 122.0942 0.0 0.001 0.0 0.001 0.0 0.001 0.0 0.001 0.0 0.001 0.0 0.001 0.0 0.001 0.0 0.001 0.0 0.001 6.088711128647101e-07 0.001 0.00016048555133929278 0.002873396815269965 0.0024742986162797774 0.016071523798478406 0.01736630113098723 0.02829290845823488 0.06119137338894846 0.01919033704259627 0.1582918849845284 0.01583683904891202 0.28755857439716087 0.027699992127509315 0.2957467571805787 0.025473846539581985 0.1469412840898438 0.019144925933467324 0.029495977702252565 0.01794869216151832 0.0007724540869682118 0.029893569675245514 0.0 0.015376140188740551 0.0 0.0026795910226150637 0.0 0.001 0.0 0.001 0.0 0.001 0.0 0.001 0.0 0.001 0.0 0.001 0.0 0.001 0.0 0.001 1
374 100.3131 117.6863 0.0 0.001 0.0 0.001 0.0 0.001 0.0 0.001 0.0 0.001 0.0 0.001 0.0 0.001 0.0 0.001 0.0 0.001 0.0 0.001 0.0 0.0019045976806550619 0.0 0.012924801760836376 0.0 0.030244218777618626 0.029308850489492756 0.022001165679957295 0.16198698796887528 0.019539977614217746 0.3052826446400818 0.028190051533295096 0.3058472780057642 0.029377868094578652 0.16446102449666103 0.019880276888972162 0.033113214399124714 0.02105550944493718 0.0 0.03050250301066519 0.0 0.0136552431012026 0.0 0.0019162301970668634 0.0 0.001 0.0 0.001 0.0 0.001 0.0 0.001 0.0 0.001 0.0 0.001 0.0 0.001 0.0 0.001 1
