data/processed/NGC4564-h6/hist_kins_s.ecsv
# %ECSV 1.0
# ---
# datatype:
# - {name: binID_dynamite, datatype: int64}
# - {name: v, datatype: float32}
# - {name: sigma, datatype: float32}
# - {name: losvd_0, datatype: float64}
# - {name: dlosvd_0, datatype: float64}
# - {name: losvd_1, datatype: float64}
# - {name: dlosvd_1, datatype: float64}
# - {name: losvd_2, datatype: float64}
# - {name: dlosvd_2, datatype: float64}
# - {name: losvd_3, datatype: float64}
# - {name: dlosvd_3, datatype: float64}
# - {name: losvd_4, datatype: float64}
# - {name: dlosvd_4, datatype: float64}
# - {name: losvd_5, datatype: float64}
# - {name: dlosvd_5, datatype: float64}
# - {name: losvd_6, datatype: float64}
# - {name: dlosvd_6, datatype: float64}
# - {name: losvd_7, datatype: float64}
# - {name: dlosvd_7, datatype: float64}
# - {name: losvd_8, datatype: float64}
# - {name: dlosvd_8, datatype: float64}
# - {name: losvd_9, datatype: float64}
# - {name: dlosvd_9, datatype: float64}
# - {name: losvd_10, datatype: float64}
# - {name: dlosvd_10, datatype: float64}
# - {name: losvd_11, datatype: float64}
# - {name: dlosvd_11, datatype: float64}
# - {name: losvd_12, datatype: float64}
# - {name: dlosvd_12, datatype: float64}
# - {name: losvd_13, datatype: float64}
# - {name: dlosvd_13, datatype: float64}
# - {name: losvd_14, datatype: float64}
# - {name: dlosvd_14, datatype: float64}
# - {name: losvd_15, datatype: float64}
# - {name: dlosvd_15, datatype: float64}
# - {name: losvd_16, datatype: float64}
# - {name: dlosvd_16, datatype: float64}
# - {name: losvd_17, datatype: float64}
# - {name: dlosvd_17, datatype: float64}
# - {name: losvd_18, datatype: float64}
# - {name: dlosvd_18, datatype: float64}
# - {name: losvd_19, datatype: float64}
# - {name: dlosvd_19, datatype: float64}
# - {name: losvd_20, datatype: float64}
# - {name: dlosvd_20, datatype: float64}
# - {name: losvd_21, datatype: float64}
# - {name: dlosvd_21, datatype: float64}
# - {name: losvd_22, datatype: float64}
# - {name: dlosvd_22, datatype: float64}
# - {name: losvd_23, datatype: float64}
# - {name: dlosvd_23, datatype: float64}
# - {name: losvd_24, datatype: float64}
# - {name: dlosvd_24, datatype: float64}
# - {name: losvd_25, datatype: float64}
# - {name: dlosvd_25, datatype: float64}
# - {name: losvd_26, datatype: float64}
# - {name: dlosvd_26, datatype: float64}
# - {name: losvd_27, datatype: float64}
# - {name: dlosvd_27, datatype: float64}
# - {name: losvd_28, datatype: float64}
# - {name: dlosvd_28, datatype: float64}
# - {name: losvd_29, datatype: float64}
# - {name: dlosvd_29, datatype: float64}
# - {name: is_good, datatype: int64}
# meta: !!omap
# - {dv: 100.0}
# - vcent: [-1450.0, -1350.0, -1250.0, -1150.0, -1050.0, -950.0, -850.0, -750.0, -650.0, -550.0, -450.0, -350.0, -250.0, -150.0, -50.0,
#     50.0, 150.0, 250.0, 350.0, 450.0, 550.0, 650.0, 750.0, 850.0, 950.0, 1050.0, 1150.0, 1250.0, 1350.0, 1450.0]
# - {nbins: 689}
# - {nvbins: 30}
# - PSF:
#     sigma: [0.9742837712172444, 4.520288137872436]
#     weight: [0.9230141364684558, 0.07698586353154424]
# schema: astropy-2.0
binID_dynamite v sigma losvd_0 dlosvd_0 losvd_1 dlosvd_1 losvd_2 dlosvd_2 losvd_3 dlosvd_3 losvd_4 dlosvd_4 losvd_5 dlosvd_5 losvd_6 dlosvd_6 losvd_7 dlosvd_7 losvd_8 dlosvd_8 losvd_9 dlosvd_9 losvd_10 dlosvd_10 losvd_11 dlosvd_11 losvd_12 dlosvd_12 losvd_13 dlosvd_13 losvd_14 dlosvd_14 losvd_15 dlosvd_15 losvd_16 dlosvd_16 losvd_17 dlosvd_17 losvd_18 dlosvd_18 losvd_19 dlosvd_19 losvd_20 dlosvd_20 losvd_21 dlosvd_21 losvd_22 dlosvd_22 losvd_23 dlosvd_23 losvd_24 dlosvd_24 losvd_25 dlosvd_25 losvd_26 dlosvd_26 losvd_27 dlosvd_27 losvd_28 dlosvd_28 losvd_29 dlosvd_29 is_good
[from data line 464]
465 115.2788 112.56419 0.0 0.001 0.0 0.001 0.0 0.001 0.0 0.001 0.0 0.001 0.0 0.001 0.0 0.001 3.4168303735753607e-16 0.001 0.0 0.001 0.0 0.001 0.0 0.001 0.0 0.007163645955542102 0.0 0.028543280502010104 0.027790620980332217 0.02354950449721102 0.14428113888548427 0.026134901777450273 0.2859812862193168 0.02435006879950702 0.3392279504043559 0.03264621259785033 0.19576627364595364 0.021024008308270073 0.006952729864557026 0.022157590664658743 0.0 0.03487417069279297 0.0 0.01419544507684186 0.0 0.0016715240098279663 0.0 0.001 0.0 0.001 0.0 0.001 0.0 0.001 0.0 0.001 0.0 0.001 0.0 0.001 0.0 0.001 1
466 -135.3839 100.42536 0.0 0.001 0.0 0.001 0.0 0.001 0.0 0.001 0.0 0.001 0.0 0.001 0.0 0.001 0.0 0.001 0.0 0.001 0.0 0.00971720195456496 0.0 0.03499445519865346 0.01116175933608959 0.030501330789824366 0.21453119923616182 0.03075296820759639 0.3843703986611633 0.048170439868170656 0.25336322566959035 0.02937827633391142 0.10921774402905862 0.030804318689642132 0.025827166843626865 0.03777408882892499 0.0015283109225795015 0.0157101543498987 1.953017299274744e-07 0.0016321884859690507 0.0 0.001 0.0 0.001 0.0 0.001 0.0 0.001 0.0 0.001 0.0 0.001 0.0 0.001 0.0 0.001 0.0 0.001 0.0 0.001 0.0 0.001 1
467 46.4059 122.38316 0.0 0.001 0.0 0.001 0.0 0.001 0.0 0.001 0.0 0.001 7.132369462237714e-16 0.001 1.357330217669783e-12 0.001 1.732748240351623e-09 0.001 3.442536914787183e-07 0.001 3.2044108558609e-05 0.001 0.001049710736033809 0.007820175219795947 0.01037480664527605 0.0259956250949211 0.04071079915458257 0.02212863685396664 0.09140704171646043 0.023688439579910313 0.21235711608114613 0.018489416941157147 0.31525307525559154 0.03608480701528427 0.20578728181144085 0.018463849651922618 0.0775765637876227 0.02353979953224551 0.03368888727198622 0.02250507417007648 0.010331262092850442 0.023913387387919326 0.0013800701478185685 0.006889317387740063 5.0266682277557953e-05 0.001 7.245614528693728e-07 0.001 3.953260701585468e-09 0.001 5.839502809228821e-12 0.001 3.774665064457215e-15 0.001 0.0 0.001 0.0 0.001 0.0 0.001 0.0 0.001 1
468 -120.9742 112.061874 0.0 0.001 0.0 0.001 0.0 0.001 0.0 0.001 0.0 0.001 0.0 0.001 0.0 0.001 0.0 0.001 0.0 0.0016402877685691396 0.0 0.01294005345811303 0.0 0.030811882497051864 0.02707727058399087 0.02168181607054758 0.18081964367074244 0.021445687475800126 0.344420871240746 0.04098163557499715 0.2624675931745414 0.023956459696681975 0.12553778996082132 0.022764898869517908 0.04967714353163852 0.025787752023305723 0.009511837646255572 0.025843374311781145 0.0004803829567238193 0.006324250286004808 7.4477097878624615e-06 0.001 1.9511673484918174e-08 0.001 1.307582122634115e-11 0.001 2.8145892391408622e-15 0.001 0.0 0.001 0.0 0.001 0.0 0.001 0.0 0.001 0.0 0.001 0.0 0.001 0.0 0.001 1
469 115.8025 105.25767 0.0 0.001 0.0 0.001 0.0 0.001 0.0 0.001 0.0 0.001 0.0 0.001 0.0 0.001 0.0 0.001 0.0 0.001 0.0 0.001 3.1400393295928303e-12 0.001 1.3744578729769767e-06 0.004705180427718369 0.001240342204446396 0.024452831690621426 0.020834441769316158 0.04137136889387121 0.11335591125869264 0.04032089847096598 0.3046715396707765 0.04645513332564463 0.35325183483613976 0.05481157198078304 0.17055643565911127 0.03960216298843865 0.034808004144994686 0.04072183675936072 0.0012428976653060986 0.03265903271789576 3.709237364258054e-05 0.00964294323404833 1.259513476978268e-07 0.001 5.2130770074916736e-12 0.001 1.0552479203536152e-16 0.001 0.0 0.001 0.0 0.001 0.0 0.001 0.0 0.001 0.0 0.001 0.0 0.001 1
470 107.5711 119.15788 0.0 0.001 0.0 0.001 0.0 0.001 0.0 0.001 0.0 0.001 0.0 0.001 0.0 0.001 0.0 0.001 0.0 0.001 0.0 0.001 0.0 0.0023865617738662364 0.0 0.01398185169942644 0.0020821468462470837 0.031444772530603377 0.03741260575769292 0.03304556190988613 0.1502367816502948 0.03143895688402664 0.28983367886547945 0.04216652527835846 0.31390284676703406 0.0472799731624578 0.17233516648224204 0.03182892383833387 0.034196773631009626 0.032269126139505985 0.0 0.0322331870101589 0.0 0.015922135766492165 0.0 0.0028955059966475497 0.0 0.001 0.0 0.001 0.0 0.001 0.0 0.001 0.0 0.001 0.0 0.001 0.0 0.001 0.0 0.001 1
471 120.3951 118.77767 0.0 0.001 0.0 0.001 0.0 0.001 0.0 0.001 0.0 0.001 0.0 0.001 0.0 0.001 5.383630203507956e-17 0.001 0.0 0.001 7.639650382123792e-10 0.001 1.7087829977000338e-08 0.0014478333211222182 0.0 0.009832951858817223 0.0 0.026781250140665756 0.019200704556232517 0.03033901970834403 0.12021033707304042 0.0307947027321296 0.2824615071109607 0.03641259088698852 0.3126428459072262 0.04615286239960792 0.18201838692042263 0.026655674598744336 0.06463714679901547 0.02965312509213245 0.01717706482681572 0.03305712001090493 0.001624441312942754 0.017001104680273764 2.7525166918514446e-05 0.0034449287116170646 2.229982062808155e-08 0.001 1.7476757871486778e-10 0.001 4.174498109935093e-14 0.001 0.0 0.001 0.0 0.001 0.0 0.001 0.0 0.001 0.0 0.001 1
472 12.6233 137.44026 0.0 0.001 0.0 0.001 0.0 0.001 0.0 0.001 1.0247700194116037e-16 0.001 2.1607266817236266e-13 0.001 5.300101941329e-10 0.001 2.0861199101575543e-07 0.001 1.852683339253566e-05 0.001153265558303178 0.0004511607585674309 0.00684158069723402 0.004118541299687441 0.019935847503654097 0.01891295515756591 0.0284661821121966 0.05421267527453907 0.027580096329974567 0.13364240618127454 0.027941861457701278 0.2518863727031477 0.03666813682101522 0.27066622792483946 0.040523537156330836 0.16204480338781668 0.02854564101001905 0.07013428778867566 0.028454901248594892 0.026609612737739295 0.03016988932334355 0.006680024050481822 0.02245548781344259 0.0006103474570596771 0.00953274535547316 1.178842196137319e-05 0.0018160704198882252 6.079208068750416e-08 0.001 8.890468535311964e-11 0.001 4.8784507634159555e-14 0.001 0.0 0.001 0.0 0.001 0.0 0.001 0.0 0.001 0.0 0.001 1
473 17.0498 95.395226 0.0 0.001 0.0 0.001 0.0 0.001 0.0 0.001 0.0 0.001 0.0 0.001 0.0 0.001 1.1795397888549942e-14 0.001 1.773228166148732e-10 0.001 3.117256065318679e-07 0.001 7.583782977636264e-05 0.0012985042157854579 0.0036500052263030167 0.015555351629885134 0.03225689233348888 0.03407387855157887 0.1016463728587675 0.028728069795665903 0.29722156667666305 0.027332269227019673 0.37106354783601425 0.03954162196336805 0.1519797984268922 0.02534405970583535 0.03604917149969707 0.028185372656973955 0.005875921372820662 0.024172757717103484 0.00017971480090484945 0.003641940861979033 8.587122957861915e-07 0.001 5.233962619546971e-10 0.001 3.8929560042576156e-14 0.001 0.0 0.001 0.0 0.001 0.0 0.001 0.0 0.001 0.0 0.001 0.0 0.001 0.0 0.001 1
474 106.4027 90.15668 0.0 0.001 0.0 0.001 0.0 0.001 0.0 0.001 0.0 0.001 0.0 0.001 0.0 0.001 0.0 0.001 0.0 0.001 3.30722241174621e-14 0.001 6.2380863807266425e-09 0.001 1.447763085870761e-05 0.001 0.0006459165397661505 0.014284432225502628 0.011575772765866717 0.03754529347161041 0.09245860825755019 0.03331026857318836 0.35412915918852006 0.03254478236100136 0.3580436799755125 0.03751135676639655 0.14305583215886236 0.031381590940983146 0.036853530777203165 0.03578914961600008 0.0031911841236636957 0.0174183994073587 3.179906184035028e-05 0.0013317611975291542 3.3282236518319844e-08 0.001 0.0 0.001 0.0 0.001 0.0 0.001 0.0 0.001 0.0 0.001 0.0 0.001 0.0 0.001 0.0 0.001 1
475 128.2112 138.1613 0.0 0.001 0.0 0.001 0.0 0.001 0.0 0.001 0.0 0.001 0.0 0.001 0.0 0.001 0.0 0.001 0.0 0.001 0.0 0.001 0.0 0.0052425268179060805 0.0 0.019233271293951193 0.0011303597997203985 0.02490990262559581 0.039321155915859315 0.017315408658002213 0.13901744257621318 0.01609756134790187 0.2442216961921001 0.019397619109627895 0.2803314911030097 0.02914283598187281 0.2102895921339771 0.011945237860730817 0.08105391368306056 0.021741476202130926 0.00463434859605963 0.016107915555777345 0.0 0.027675918653019396 0.0 0.012423514895690987 0.0 0.00241229148662053 0.0 0.001 0.0 0.001 0.0 0.001 0.0 0.001 0.0 0.001 0.0 0.001 0.0 0.001 1
476 -128.623 109.570435 0.0 0.001 0.0 0.001 0.0 0.001 0.0 0.001 1.1290324502566678e-16 0.001 7.73858446018462e-13 0.001 9.851539830879965e-10 0.001 1.57488985398103e-07 0.001 0.0 0.0016991669410306703 0.0 0.01427622582897176 0.0 0.03267322941513334 0.034287884265210275 0.02613056495528411 0.19916711051374425 0.022184725152140136 0.34944196321546295 0.036777477923835095 0.2591099972462195 0.023799523631532052 0.11535867473495023 0.028687588069679616 0.036439299477491256 0.030879055369236987 0.005820051760801234 0.024179386748904692 0.0003683309258634414 0.004720973634702882 6.512957027159609e-06 0.001 1.641410401372983e-08 0.001 1.4208112648433457e-11 0.001 4.2439980381228864e-15 0.001 0.0 0.001 0.0 0.001 0.0 0.001 0.0 0.001 0.0 0.001 0.0 0.001 0.0 0.001 1
477 -101.415 95.994774 0.0 0.001 0.0 0.001 0.0 0.001 0.0 0.001 0.0 0.001 0.0 0.001 0.0 0.001 1.920710210482614e-12 0.001 2.144517350908952e-07 0.001 6.994490346633346e-05 0.0025482527440961853 0.0035016541976335266 0.021623129318769543 0.03356209209354826 0.03513853589310356 0.12920206188604177 0.034253859102605866 0.3446764509908558 0.037947925466397414 0.3377850310515266 0.03656323170783138 0.1230375261606425 0.03471202590824036 0.026236350782712383 0.03721050103411651 0.0018979082229924605 0.020401515248223333 3.0717694404886576e-05 0.0023417227131516134 4.7559014969918655e-08 0.001 3.5046110118956772e-12 0.001 5.076836332766763e-17 0.001 0.0 0.001 0.0 0.001 0.0 0.001 0.0 0.001 0.0 0.001 0.0 0.001 0.0 0.001 0.0 0.001 1
478 -70.5933 116.560074 0.0 0.001 0.0 0.001 0.0 0.001 0.0 0.001 0.0 0.001 0.0 0.001 8.58976356344011e-15 0.001 1.3796258870859103e-08 0.001 6.170704347579286e-06 0.001 0.00038570166234539653 0.0077257656744476825 0.00554075937161899 0.025907174958464528 0.0297619482250485 0.02635733632627907 0.09765514433351973 0.026834701945943784 0.2577648140556222 0.028206769159959552 0.32131228296701064 0.03981914663210176 0.17750485546537317 0.02575536816154113 0.07374367127740107 0.025487692641110175 0.030584476226040658 0.029880660506535633 0.005486866495303863 0.017240489655979258 0.0002505474738914027 0.0032207675085896333 2.7396758850682394e-06 0.001 8.2638449940753e-09 0.001 6.477914992222905e-12 0.001 1.3514042053703087e-15 0.001 0.0 0.001 0.0 0.001 0.0 0.001 0.0 0.001 0.0 0.001 0.0 0.001 1
479 -105.7165 97.168465 0.0 0.001 0.0 0.001 0.0 0.001 0.0 0.001 0.0 0.001 0.0 0.001 0.0 0.001 0.0 0.001 0.0 0.001 2.4301647164395166e-05 0.003212047530797344 0.0022873558223132635 0.022608125672291153 0.0286037630935697 0.02991986723424849 0.13470351255746332 0.02932884113986821 0.35279038033675847 0.03887889498370989 0.32493178555696284 0.03162873666870605 0.12087284895852768 0.028467928733381588 0.032469749831176335 0.033427943646112124 0.003264256596372697 0.020492246983366658 5.192865384113263e-05 0.0024955632955583 1.1693882457289309e-07 0.001 7.024936708742549e-12 0.001 5.948936666850865e-16 0.001 0.0 0.001 0.0 0.001 0.0 0.001 0.0 0.001 0.0 0.001 0.0 0.001 0.0 0.001 0.0 0.001 1
480 -38.5878 94.79263 0.0 0.001 0.0 0.001 0.0 0.001 0.0 0.001 0.0 0.001 0.0 0.001 0.0 0.001 0.0 0.001 2.4085606812475756e-12 0.001 7.876962381562877e-08 0.001 0.00010464108629956547 0.006789046509800448 0.007595336713678817 0.030224250684704305 0.06174857242904612 0.04225425647848631 0.20937988951312336 0.03457928466899604 0.39804046486206 0.06656463718293806 0.2780772094313336 0.04170506534125218 0.045053807192426035 0.041959185801846675 0.0 0.03501357206021349 0.0 0.010136629879780151 0.0 0.001 0.0 0.001 0.0 0.001 0.0 0.001 0.0 0.001 0.0 0.001 0.0 0.001 0.0 0.001 0.0 0.001 0.0 0.001 0.0 0.001 1
481 112.6886 104.35592 0.0 0.001 0.0 0.001 0.0 0.001 0.0 0.001 0.0 0.001 0.0 0.001 0.0 0.001 0.0 0.001 0.0 0.001 0.0 0.001 0.0 0.001 3.68971780805828e-05 0.0040719071568806175 0.0032750188659462914 0.024431852326409632 0.03058031767135357 0.02768348758500764 0.12358962027985561 0.02696227688553226 0.30100690453842943 0.02704153404229559 0.35211640494439983 0.035801884748265955 0.15964272667276305 0.024793680331634024 0.027644937947438768 0.026384073268223042 0.0021071719017327767 0.028186539566851156 0.0 0.006872289912259737 0.0 0.001 0.0 0.001 0.0 0.001 0.0 0.001 0.0 0.001 0.0 0.001 0.0 0.001 0.0 0.001 0.0 0.001 1
482 40.6794 101.25884 0.0 0.001 0.0 0.001 0.0 0.001 0.0 0.001 0.0 0.001 0.0 0.001 0.0 0.001 0.0 0.001 0.0 0.001 0.0 0.001 0.0 0.0013706161356371873 0.0 0.014510511330987167 0.0 0.035465581323072 0.0458572050590173 0.03104793389889377 0.27915768027658755 0.02619212090956044 0.3703614907688999 0.04099937272324711 0.21806573299694593 0.020416856098225952 0.07593058017483285 0.027483104120706512 0.010625025906147716 0.03467696791867733 2.2848175688092116e-06 0.010842831501686644 0.0 0.001 0.0 0.001 0.0 0.001 0.0 0.001 0.0 0.001 0.0 0.001 0.0 0.001 0.0 0.001 0.0 0.001 0.0 0.001 1
483 -87.0774 82.67668 0.0 0.001 0.0 0.001 0.0 0.001 0.0 0.001 0.0 0.001 0.0 0.001 0.0 0.001 0.0 0.001 0.0 0.001 0.0 0.001 0.0 0.006180316054271891 0.004277570012279286 0.03724983959646079 0.07066326605447285 0.0352492708697873 0.35085712640548444 0.03690642984565992 0.4012880711085432 0.039077431498467485 0.14445008077795782 0.03356881916567124 0.027004586644236148 0.0405377052558257 0.0014507191433466796 0.012615155846853729 8.574665419584071e-06 0.001 5.187948058994826e-09 0.001 3.1186056435448155e-13 0.001 0.0 0.001 0.0 0.001 0.0 0.001 0.0 0.001 0.0 0.001 0.0 0.001 0.0 0.001 0.0 0.001 0.0 0.001 1
484 112.5267 116.93839 0.0 0.001 0.0 0.001 0.0 0.001 0.0 0.001 0.0 0.001 0.0 0.001 0.0 0.001 0.0 0.001 0.0 0.001 0.0 0.001 0.0 0.0015100051641750035 8.691372603722322e-05 0.010609519070545276 0.006418397530185033 0.030591491652147553 0.043648979045765514 0.033084062448237736 0.14108501050779182 0.03101243046538768 0.27739516353689564 0.03975805468238933 0.3242420988459706 0.04541293844455718 0.17857885522950814 0.0336824175871058 0.02854458157784604 0.03351042618515557 0.0 0.03161640522749512 0.0 0.014855599070114186 0.0 0.0027408314171510828 0.0 0.001 0.0 0.001 0.0 0.001 0.0 0.001 0.0 0.001 0.0 0.001 0.0 0.001 0.0 0.001 1
485 -10.2282 119.901596 0.0 0.001 0.0 0.001 0.0 0.001 0.0 0.001 0.0 0.001 0.0 0.001 0.0 0.001 0.0 0.001 0.0 0.001 0.0 0.0040407845526376236 0.0 0.01834579838266428 0.0 0.035762666802881 0.029171722176929493 0.049456620418854555 0.1801688505513203 0.04471198737649262 0.3180794670022311 0.06301495633248519 0.28263771925078585 0.0516623278485617 0.14927533364150172 0.03900281316940005 0.039865839623177586 0.041539124714730105 0.0008010677540540318 0.030957615608435678 0.0 0.013955199564871627 0.0 0.0027351727987454527 0.0 0.001 0.0 0.001 0.0 0.001 0.0 0.001 0.0 0.001 0.0 0.001 0.0 0.001 0.0 0.001 0.0 0.001 1
486 -131.0229 107.932335 0.0 0.001 0.0 0.001 0.0 0.001 0.0 0.001 0.0 0.001 0.0 0.001 0.0 0.001 0.0 0.001 0.0 0.0017387314804460474 0.0 0.013584623252504625 0.0 0.032287124989037894 0.03390820027706238 0.03276367570436958 0.21184835948193495 0.028343552327343244 0.35674394518308244 0.05218130569255089 0.26931602862945625 0.0321695500401778 0.1059916546180354 0.0334037987028421 0.021996642632075007 0.03325769196300937 0.00019516917835359557 0.02126186285509462 0.0 0.004243288822119457 0.0 0.001 0.0 0.001 0.0 0.001 0.0 0.001 0.0 0.001 0.0 0.001 0.0 0.001 0.0 0.001 0.0 0.001 0.0 0.001 0.0 0.001 1
