data/processed/NGC4564-h6/hist_kins_o.ecsv
# %ECSV 1.0
# ---
# datatype:
# - {name: binID_dynamite, datatype: int64}
# - {name: v, datatype: float32}
# - {name: sigma, datatype: float32}
# - {name: losvd_0, datatype: float64}
# - {name: dlosvd_0, datatype: float64}
# - {name: losvd_1, datatype: float64}
# - {name: dlosvd_1, datatype: float64}
# - {name: losvd_2, datatype: float64}
# - {name: dlosvd_2, datatype: float64}
# - {name: losvd_3, datatype: float64}
# - {name: dlosvd_3, datatype: float64}
# - {name: losvd_4, datatype: float64}
# - {name: dlosvd_4, datatype: float64}
# - {name: losvd_5, datatype: float64}
# - {name: dlosvd_5, datatype: float64}
# - {name: losvd_6, datatype: float64}
# - {name: dlosvd_6, datatype: float64}
# - {name: losvd_7, datatype: float64}
# - {name: dlosvd_7, datatype: float64}
# - {name: losvd_8, datatype: float64}
# - {name: dlosvd_8, datatype: float64}
# - {name: losvd_9, datatype: float64}
# - {name: dlosvd_9, datatype: float64}
# - {name: losvd_10, datatype: float64}
# - {name: dlosvd_10, datatype: float64}
# - {name: losvd_11, datatype: float64}
# - {name: dlosvd_11, datatype: float64}
# - {name: losvd_12, datatype: float64}
# - {name: dlosvd_12, datatype: float64}
# - {name: losvd_13, datatype: float64}
# - {name: dlosvd_13, datatype: float64}
# - {name: losvd_14, datatype: float64}
# - {name: dlosvd_14, datatype: float64}
# - {name: losvd_15, datatype: float64}
# - {name: dlosvd_15, datatype: float64}
# - {name: losvd_16, datatype: float64}
# - {name: dlosvd_16, datatype: float64}
# - {name: losvd_17, datatype: float64}
# - {name: dlosvd_17, datatype: float64}
# - {name: losvd_18, datatype: float64}
# - {name: dlosvd_18, datatype: float64}
# - {name: losvd_19, datatype: float64}
# - {name: dlosvd_19, datatype: float64}
# - {name: losvd_20, datatype: float64}
# - {name: dlosvd_20, datatype: float64}
# - {name: losvd_21, datatype: float64}
# - {name: dlosvd_21, datatype: float64}
# - {name: losvd_22, datatype: float64}
# - {name: dlosvd_22, datatype: float64}
# - {name: losvd_23, datatype: float64}
# - {name: dlosvd_23, datatype: float64}
# - {name: losvd_24, datatype: float64}
# - {name: dlosvd_24, datatype: float64}
# - {name: losvd_25, datatype: float64}
# - {name: dlosvd_25, datatype: float64}
# - {name: losvd_26, datatype: float64}
# - {name: dlosvd_26, datatype: float64}
# - {name: losvd_27, datatype: float64}
# - {name: dlosvd_27, datatype: float64}
# - {name: losvd_28, datatype: float64}
# - {name: dlosvd_28, datatype: float64}
# - {name: losvd_29, datatype: float64}
# - {name: dlosvd_29, datatype: float64}
# - {name: is_good, datatype: int64}
# meta: !!omap
# - {dv: 100.0}
# - vcent: [-1450.0, -1350.0, -1250.0, -1150.0, -1050.0, -950.0, -850.0, -750.0, -650.0, -550.0, -450.0, -350.0, -250.0, -150.0, -50.0,
#     50.0, 150.0, 250.0, 350.0, 450.0, 550.0, 650.0, 750.0, 850.0, 950.0, 1050.0, 1150.0, 1250.0, 1350.0, 1450.0]
# - {nbins: 370}
# - {nvbins: 30}
# - PSF:
#     sigma: [0.30981562904828125, 1.303031411282882]
#     weight: [0.7894296863335304, 0.2105703136664696]
# schema: astropy-2.0
binID_dynamite v sigma losvd_0 dlosvd_0 losvd_1 dlosvd_1 losvd_2 dlosvd_2 losvd_3 dlosvd_3 losvd_4 dlosvd_4 losvd_5 dlosvd_5 losvd_6 dlosvd_6 losvd_7 dlosvd_7 losvd_8 dlosvd_8 losvd_9 dlosvd_9 losvd_10 dlosvd_10 losvd_11 dlosvd_11 losvd_12 dlosvd_12 losvd_13 dlosvd_13 losvd_14 dlosvd_14 losvd_15 dlosvd_15 losvd_16 dlosvd_16 losvd_17 dlosvd_17 losvd_18 dlosvd_18 losvd_19 dlosvd_19 losvd_20 dlosvd_20 losvd_21 dlosvd_21 losvd_22 dlosvd_22 losvd_23 dlosvd_23 losvd_24 dlosvd_24 losvd_25 dlosvd_25 losvd_26 dlosvd_26 losvd_27 dlosvd_27 losvd_28 dlosvd_28 losvd_29 dlosvd_29 is_good
[from data line 124]
125 -64.3631 187.6767 0.0 0.001 0.0 0.001 0.0 0.001 0.0 0.001 0.0 0.001 0.0 0.001 0.0 0.0036675954905297436 0.0 0.01079721492398258 0.0 0.019914631163430882 0.005246244232024174 0.019138665969196098 0.021101108562335425 0.01579430198393906 0.06456667212969977 0.017682635602925528 0.13022876757789825 0.012662250687934605 0.19277661854591693 0.019474597650907033 0.20834177604021978 0.024225501382797013 0.1684514767025461 0.016354385535267635 0.1070303855836419 0.012887640494190757 0.05862615716000682 0.01789290791231365 0.028122617711777168 0.0149645631073149 0.011432227330504379 0.019662191002853248 0.00321159508412084 0.016819772287668174 0.0007718997757978658 0.008291516869438166 9.031129417886067e-05 0.0025385954776708107 2.0854980938626924e-06 0.001 5.6771237980438465e-08 0.001 0.0 0.001 0.0 0.001 0.0 0.001 0.0 0.001 0.0 0.001 1
126 -31.2045 114.6602 0.0 0.001 0.0 0.001 0.0 0.001 0.0 0.001 0.0 0.001 0.0 0.001 0.0 0.001 0.0 0.001 0.0 0.001 0.0 0.003936708980232704 0.0 0.021776854573895284 0.0015097146726828117 0.05375273097894147 0.06300815635387891 0.06486721102471484 0.20915034320171877 0.07367611806241071 0.33168176066405525 0.06684569890638137 0.273549043753848 0.07246849185789883 0.10981302953742424 0.061869864830997726 0.011287951816392229 0.06305758257480706 0.0 0.03386102248317119 0.0 0.008211598049272911 0.0 0.001 0.0 0.001 0.0 0.001 0.0 0.001 0.0 0.001 0.0 0.001 0.0 0.001 0.0 0.001 0.0 0.001 0.0 0.001 1
127 -51.0609 122.1104 0.0 0.001 0.0 0.001 0.0 0.001 0.0 0.001 0.0 0.001 0.0 0.001 0.0 0.001 6.0335873251807e-12 0.001 6.883973335386478e-08 0.0014121053473177391 1.57871830856526e-05 0.009175693640065041 0.0021655061404770477 0.02979770421454487 0.022668653586811482 0.05162960202840838 0.09623026440961141 0.05128658938451722 0.22785543822081364 0.055794781356680964 0.316980156450047 0.0618496125291387 0.2363920386913101 0.05894155914056798 0.08673027749161119 0.05214130807975432 0.010961808980465513 0.0485071021724717 0.0 0.028905919974124103 0.0 0.008491172967895816 0.0 0.0014852614685189245 0.0 0.001 0.0 0.001 0.0 0.001 0.0 0.001 0.0 0.001 0.0 0.001 0.0 0.001 0.0 0.001 0.0 0.001 1
128 -50.6138 133.5464 0.0 0.001 0.0 0.001 0.0 0.001 0.0 0.001 0.0 0.001 0.0 0.001 0.0 0.001 0.0 0.001 3.7240230045836525e-09 0.0031493598147085485 9.892208836387312e-05 0.013726586989584198 0.004906472111854893 0.030773280513544884 0.03229543838247622 0.04085758755477152 0.09898144341833474 0.03508159370020174 0.21585563960723964 0.040281515515683416 0.29323436425805977 0.05273857376111657 0.2165487378226253 0.04326508251687887 0.09620516071588742 0.035574092436178026 0.03405855529661784 0.04003020873101172 0.007435990260446559 0.03146741182491533 0.000376902271612489 0.013870394105956696 2.3695614877954714e-06 0.003013034353508825 4.809701176108888e-10 0.001 2.5457638927303016e-16 0.001 0.0 0.001 0.0 0.001 0.0 0.001 0.0 0.001 0.0 0.001 0.0 0.001 0.0 0.001 1
129 3.6414 124.2409 0.0 0.001 0.0 0.001 0.0 0.001 0.0 0.001 0.0 0.001 0.0 0.001 0.0 0.001 0.0 0.001 0.0 0.001 0.0 0.004241107561974112 0.0 0.019538500729896865 0.0031414658130559403 0.04475060445986408 0.05316331230935572 0.05638437163835527 0.1608067470498383 0.057133775241476066 0.27815332147587796 0.05893139978514454 0.3059426442250503 0.06818574118496024 0.16810037427588656 0.06165696393174779 0.030692134850935183 0.05476774026337057 0.0 0.04768612494895533 0.0 0.020847724777035025 0.0 0.005017960036339876 0.0 0.001 0.0 0.001 0.0 0.001 0.0 0.001 0.0 0.001 0.0 0.001 0.0 0.001 0.0 0.001 0.0 0.001 1
130 -66.3821 169.8338 0.0 0.001 0.0 0.001 0.0 0.001 0.0 0.001 0.0 0.001 0.0 0.001 0.0 0.0016633319353709793 0.0 0.007144791864762193 0.0 0.018251873552123016 0.0 0.025422888494509976 0.016760844751812935 0.02156288447910542 0.06826410580451907 0.023372887400538233 0.1409460036076718 0.020088243369734353 0.20179216171091666 0.0221852386769672 0.22930924574854017 0.030595750244990602 0.19837462967405428 0.022094322907477898 0.11406998711725988 0.020286159549551076 0.030483021585225315 0.02243877348620821 0.0 0.0221749298171215 0.0 0.024116635743402677 0.0 0.01321596876981741 0.0 0.00407301444212444 0.0 0.001 0.0 0.001 0.0 0.001 0.0 0.001 0.0 0.001 0.0 0.001 0.0 0.001 0.0 0.001 1
131 -69.1138 150.2998 0.0 0.001 0.0 0.001 0.0 0.001 8.607230762791388e-15 0.001 1.4592963324744568e-11 0.001 8.04488586616186e-09 0.001 2.172320167811457e-06 0.001 8.648622910706113e-05 0.0018168646893451023 0.0016481219015375605 0.00810114444299327 0.011831981168491936 0.020246904374670957 0.03549853009879395 0.02593685470650705 0.06183788104186901 0.02108519243498881 0.10868886618681434 0.020023471185856935 0.20689382930954217 0.028024707871567786 0.2616621504085658 0.039164928416951045 0.17909081869596488 0.024269971449950092 0.07765947227907728 0.024207597484408164 0.034161866088273596 0.023081050945840197 0.01650020760365669 0.025461298919803945 0.004006064800389388 0.015761477923124177 0.0004136432798033544 0.0054336030768002384 1.7654721761620445e-05 0.001047964463416309 2.440289511503967e-07 0.001 1.7738926423399762e-09 0.001 3.847997509145291e-12 0.001 4.147634544557878e-15 0.001 0.0 0.001 0.0 0.001 0.0 0.001 0.0 0.001 1
132 -51.8762 188.3626 0.0 0.001 0.0 0.001 0.0 0.001 0.0 0.001 0.0 0.001 0.0 0.001 0.0 0.0031980972781368478 0.00011288264029379512 0.009817641198358262 0.0016370149113744484 0.018250122786050076 0.008031823363785377 0.017849295673059106 0.025448785671680036 0.013874417968455295 0.062134650300217795 0.016271966288585762 0.11945558556233825 0.009896057000231398 0.1819226659714169 0.014875865009398803 0.21061615477895837 0.022949280734620103 0.18102236255997675 0.0155650853378832 0.11684217709693356 0.009625093161754007 0.05845556137482996 0.017250655762619357 0.023472558352672916 0.0128049467531662 0.008470607508015935 0.018458531978157174 0.002254648837137238 0.017896937591465163 0.0001225210703686791 0.009121717348817247 0.0 0.0030111759421835955 0.0 0.001 0.0 0.001 0.0 0.001 0.0 0.001 0.0 0.001 0.0 0.001 0.0 0.001 1
133 -53.783 153.0276 0.0 0.001 0.0 0.001 0.0 0.001 0.0 0.001 0.0 0.001 0.0 0.001 0.0 0.001 0.0 0.0022337161128189536 0.0 0.009277396447569985 0.003863039172626506 0.023885899298216932 0.016991082479775585 0.03373856089557496 0.050946318552145035 0.02993998621585335 0.11394460219239885 0.03044675880759634 0.20286168730931817 0.032875679815768596 0.2545716569375443 0.03565599492576989 0.20938227334527348 0.03462087609748539 0.10581612824991621 0.0303008347061879 0.035316614100601815 0.030113155984231064 0.006196422870883234 0.03077475418037349 0.00011017478951683484 0.02290067234305282 0.0 0.00872687706263782 0.0 0.0020106213558865422 0.0 0.001 0.0 0.001 0.0 0.001 0.0 0.001 0.0 0.001 0.0 0.001 0.0 0.001 0.0 0.001 1
134 -74.2972 195.0608 4.6362718205574804e-11 0.001 1.7615429781482682e-09 0.001 4.558934411857879e-08 0.001 4.888603575321348e-07 0.001 4.078693412628038e-06 0.001 1.0332405651403237e-05 0.0016579478971294175 7.904233578415362e-06 0.005881128036527255 0.0 0.014204291331693094 0.0009555378727086679 0.019678217102000482 0.0072696562893931884 0.014137124665546258 0.02835930249492628 0.014020168720015463 0.07580673202204184 0.014075925470475231 0.13971434569952346 0.009110252532913019 0.18956269787179453 0.018621852209767364 0.19896028094934998 0.022439923671328327 0.16341813138921837 0.012334805456641909 0.10638753270713794 0.010630431464990021 0.054617068526227434 0.017220051349459736 0.022881878882560224 0.01154283010414653 0.007750162831190759 0.019312458335845013 0.003015766305442889 0.01917312525061752 0.0009497726614075231 0.010074803419832638 0.000277992312176914 0.003440081702054886 4.503535866455553e-05 0.001 4.8928737197410355e-06 0.001 3.4962224021114155e-07 0.001 1.1228831236044893e-08 0.001 4.979666023047502e-10 0.001 1.2938073024109885e-11 0.001 2.893879852613176e-13 0.001 1
135 -46.5773 185.8732 4.774677251542312e-13 0.001 3.940994508349129e-11 0.001 1.894046714843222e-09 0.001 5.944450829953447e-08 0.001 1.2324747205646248e-06 0.001 1.7708323564832565e-05 0.001 0.0001434149303025772 0.002779274529750797 0.0006804600015246533 0.008566093759392357 0.0027579072617420165 0.0173535777582476 0.008420341971485052 0.019539348142202234 0.022156681006970217 0.014660465222165138 0.05421900017441473 0.017157941911120335 0.11185284931182991 0.01354501273535847 0.18002694518172263 0.018103586345678283 0.2115499186449332 0.02667511016957695 0.178889513202725 0.018374666861000546 0.11463738215575886 0.012917066515799158 0.06026717957675526 0.01787017399105447 0.030884953818859643 0.014613929964815099 0.015063465123642325 0.020206947179619617 0.006420175965027776 0.019111470492335463 0.001683558114305741 0.009869923164032264 0.00029513694375592875 0.0031130524020973206 3.009417564032098e-05 0.001 1.9157916700066835e-06 0.001 1.0147651766894121e-07 0.001 2.953201149498647e-09 0.001 4.005473336072479e-11 0.001 4.3079697998927074e-13 0.001 2.1551774220589768e-15 0.001 1
136 -56.2651 138.145 0.0 0.001 0.0 0.001 0.0 0.001 0.0 0.001 0.0 0.001 0.0 0.001 8.454366358083502e-17 0.001 0.0 0.001 1.0898297101489362e-05 0.00497256235897677 0.0012333829978789324 0.017504344075615408 0.013315730303052062 0.03240156903737923 0.050284149753574925 0.037175169423012196 0.11615351238179986 0.031964594171580304 0.211973153979133 0.0412036953596913 0.28441096893000295 0.05278427994779347 0.2214431776954781 0.04037014369330201 0.0900225138910718 0.03837438900238989 0.011152511770906835 0.03722554133171759 0.0 0.03007994050214493 0.0 0.014608594521222686 0.0 0.003880870840619086 0.0 0.001 0.0 0.001 0.0 0.001 0.0 0.001 0.0 0.001 0.0 0.001 0.0 0.001 0.0 0.001 0.0 0.001 1
137 -61.2073 138.6248 0.0 0.001 0.0 0.001 0.0 0.001 0.0 0.001 4.226532746618613e-16 0.001 1.0838817256439276e-12 0.001 7.431026230757338e-10 0.001 3.329759013854956e-07 0.001 4.916063673680993e-05 0.005093226698330975 0.0016233138660622282 0.01755605403161448 0.016662412945283422 0.03086113238439129 0.05048999352869012 0.03398201572063966 0.11597481477904378 0.030786971803648637 0.21884805772118038 0.039578227569651236 0.2812402717356447 0.048498212964174295 0.2083459112421267 0.03855342227481538 0.08502440913495718 0.037105245317345104 0.020238396442215804 0.03829246404004251 0.001502924247970483 0.028329112261529597 0.0 0.013380202233575781 0.0 0.00336194785214341 0.0 0.001 0.0 0.001 0.0 0.001 0.0 0.001 0.0 0.001 0.0 0.001 0.0 0.001 0.0 0.001 0.0 0.001 1
138 -70.2876 156.0882 0.0 0.001 0.0 0.001 0.0 0.001 1.1938428822333321e-13 0.001 1.2328999618979594e-10 0.001 8.523517115671602e-08 0.001 5.736710333074613e-06 0.001 0.00016154902496140662 0.003524885618363137 0.002557101745111906 0.01187575431135389 0.015037204114595264 0.02353230496877288 0.038515325888767486 0.024560353278232902 0.06300741558324814 0.021936850989537536 0.11014550510826011 0.02168807669924034 0.20522695536909133 0.027887867196484298 0.2512385948104751 0.03984678767780052 0.1734124812888822 0.025630425923634695 0.08105783199982272 0.022336412020112214 0.036747866139058324 0.023307851009782467 0.017599911881457868 0.024501082474644623 0.004777919731519479 0.017858478120579835 0.0004913873009752532 0.007310005381894704 1.6842777737015105e-05 0.0018364632651251735 2.843105524509601e-07 0.001 8.536184220715277e-10 0.001 2.951212712546266e-12 0.001 6.53999650530861e-16 0.001 0.0 0.001 0.0 0.001 0.0 0.001 0.0 0.001 1
139 -44.8739 199.167 0.0 0.001 0.0 0.001 0.0 0.001 0.0 0.001 0.0 0.001 9.41406783333784e-06 0.0014136624368395914 0.0001875675759976489 0.005115169642772378 0.0011823755166646803 0.01227473198783633 0.004780999128156577 0.018802597970695417 0.01213839758660156 0.015346694883269044 0.02770528556202699 0.013294435552374436 0.061618924364339224 0.015463980936715215 0.1137536532975411 0.008348245739259706 0.16965749971848443 0.014218629589700701 0.19767655833960288 0.022283426898788206 0.17545928294303526 0.015217887493388094 0.11937241896443297 0.008131381235917674 0.06447173563101226 0.014944304017749106 0.03012049390540285 0.013363826884176085 0.013917672983998828 0.014183967791564124 0.00547736633003614 0.019032917792908548 0.001875824485745776 0.013015027670167843 0.000494035703370491 0.00550389838800688 8.647653424178993e-05 0.0015513356171935008 1.2198999514870461e-05 0.001 1.6970130621352516e-06 0.001 1.1552377097486215e-07 0.001 5.590439747494482e-09 0.001 2.285920077169787e-10 0.001 6.09558301839418e-12 0.001 1
140 -50.1881 124.6675 0.0 0.001 0.0 0.001 0.0 0.001 0.0 0.001 0.0 0.001 0.0 0.001 0.0 0.001 0.0 0.001 0.0 0.0017250687706290263 0.0 0.01018802318332445 3.5117029746768704e-05 0.029236082485574837 0.014242797261887746 0.04798673448910421 0.09478375340753253 0.04816821153394045 0.23439613396808912 0.04901617283463644 0.3120080752042896 0.06105540247373742 0.22797079708002072 0.052475079533824895 0.09747883854580754 0.043889158619003305 0.018251886484706593 0.04872685638512163 0.0008326010179193633 0.02806216703841366 0.0 0.009432541851146265 0.0 0.0015937133242428896 0.0 0.001 0.0 0.001 0.0 0.001 0.0 0.001 0.0 0.001 0.0 0.001 0.0 0.001 0.0 0.001 0.0 0.001 1
141 -76.4363 179.6781 0.0 0.001 0.0 0.001 0.0 0.001 0.0 0.001 0.0 0.001 0.0 0.001 0.0 0.002821098291120275 0.0 0.00968644816863505 0.0 0.01985589052231916 0.0034408590391137445 0.020984143695334405 0.023780094578614068 0.015793098439277165 0.07242282725495912 0.017841873717082478 0.14347667691996435 0.013612300063994234 0.2041640126751043 0.020288747688091843 0.21723941137413785 0.023868166798554663 0.17461442907005925 0.015192229660383305 0.10519766321322552 0.015138333542370451 0.044027508480370875 0.01804773065464029 0.011374287253750425 0.016915464720140883 0.000262230140700602 0.022266518223005807 0.0 0.014609227004743642 0.0 0.00543966963108344 0.0 0.0012278861931691843 0.0 0.001 0.0 0.001 0.0 0.001 0.0 0.001 0.0 0.001 0.0 0.001 0.0 0.001 1
142 -72.2735 196.2633 7.337616436115366e-11 0.001 1.6411570951720756e-09 0.001 3.227017554985876e-08 0.001 5.617497054378871e-07 0.001 6.4258260889421955e-06 0.001 7.853562385499582e-06 0.0017804173379736316 0.0 0.0063342195685560975 0.0 0.014922620130070445 0.0 0.02070738485837419 0.0033578806572234737 0.015325145360210481 0.022536194541961867 0.014825811006180373 0.07164481770697564 0.01581763984829229 0.13922471442186155 0.011551775828666608 0.19259477312699866 0.018929738358613293 0.19547146132567506 0.022541494214413343 0.15596513973875134 0.013528886646677923 0.10400273669686373 0.011473385926745704 0.06166567029292731 0.01727097934494193 0.03196895392204773 0.012970673667834564 0.014803724479815168 0.01866618149488672 0.005126305088827565 0.018829488447723867 0.0013620967503483257 0.010471716514684933 0.0002184798952350178 0.003715557819285782 3.5600512005163396e-05 0.001 6.034692442618849e-06 0.001 5.159189673985649e-07 0.001 2.4091952466541866e-08 0.001 9.93071012221329e-10 0.001 2.2835575288023847e-11 0.001 3.2465908717498353e-13 0.001 1
143 -70.3542 178.1325 0.0 0.001 0.0 0.001 0.0 0.001 0.0 0.001 0.0 0.001 0.0 0.001 0.0 0.002662510314149151 0.0 0.009554396734671903 0.0 0.02090546702304034 0.0 0.02242797788433745 0.016058148850911502 0.015496642739141812 0.07497615720283311 0.020176976728889042 0.1487583345115082 0.012914681874217043 0.19885781714680134 0.021002168016730244 0.214316416757765 0.025850350733078203 0.19146951238719626 0.01667779457935832 0.11902394983041997 0.01602173855381863 0.03653966331256457 0.02142831601894577 0.0 0.018238048384041687 0.0 0.0257104356952945 0.0 0.016765098914764912 0.0 0.0062267622234396785 0.0 0.001478319057916538 0.0 0.001 0.0 0.001 0.0 0.001 0.0 0.001 0.0 0.001 0.0 0.001 0.0 0.001 1
