data/processed/NGC4564-h6/hist_kins_s.ecsv
# %ECSV 1.0
# ---
# datatype:
# - {name: binID_dynamite, datatype: int64}
# - {name: v, datatype: float32}
# - {name: sigma, datatype: float32}
# - {name: losvd_0, datatype: float64}
# - {name: dlosvd_0, datatype: float64}
# - {name: losvd_1, datatype: float64}
# - {name: dlosvd_1, datatype: float64}
# - {name: losvd_2, datatype: float64}
# - {name: dlosvd_2, datatype: float64}
# - {name: losvd_3, datatype: float64}
# - {name: dlosvd_3, datatype: float64}
# - {name: losvd_4, datatype: float64}
# - {name: dlosvd_4, datatype: float64}
# - {name: losvd_5, datatype: float64}
# - {name: dlosvd_5, datatype: float64}
# - {name: losvd_6, datatype: float64}
# - {name: dlosvd_6, datatype: float64}
# - {name: losvd_7, datatype: float64}
# - {name: dlosvd_7, datatype: float64}
# - {name: losvd_8, datatype: float64}
# - {name: dlosvd_8, datatype: float64}
# - {name: losvd_9, datatype: float64}
# - {name: dlosvd_9, datatype: float64}
# - {name: losvd_10, datatype: float64}
# - {name: dlosvd_10, datatype: float64}
# - {name: losvd_11, datatype: float64}
# - {name: dlosvd_11, datatype: float64}
# - {name: losvd_12, datatype: float64}
# - {name: dlosvd_12, datatype: float64}
# - {name: losvd_13, datatype: float64}
# - {name: dlosvd_13, datatype: float64}
# - {name: losvd_14, datatype: float64}
# - {name: dlosvd_14, datatype: float64}
# - {name: losvd_15, datatype: float64}
# - {name: dlosvd_15, datatype: float64}
# - {name: losvd_16, datatype: float64}
# - {name: dlosvd_16, datatype: float64}
# - {name: losvd_17, datatype: float64}
# - {name: dlosvd_17, datatype: float64}
# - {name: losvd_18, datatype: float64}
# - {name: dlosvd_18, datatype: float64}
# - {name: losvd_19, datatype: float64}
# - {name: dlosvd_19, datatype: float64}
# - {name: losvd_20, datatype: float64}
# - {name: dlosvd_20, datatype: float64}
# - {name: losvd_21, datatype: float64}
# - {name: dlosvd_21, datatype: float64}
# - {name: losvd_22, datatype: float64}
# - {name: dlosvd_22, datatype: float64}
# - {name: losvd_23, datatype: float64}
# - {name: dlosvd_23, datatype: float64}
# - {name: losvd_24, datatype: float64}
# - {name: dlosvd_24, datatype: float64}
# - {name: losvd_25, datatype: float64}
# - {name: dlosvd_25, datatype: float64}
# - {name: losvd_26, datatype: float64}
# - {name: dlosvd_26, datatype: float64}
# - {name: losvd_27, datatype: float64}
# - {name: dlosvd_27, datatype: float64}
# - {name: losvd_28, datatype: float64}
# - {name: dlosvd_28, datatype: float64}
# - {name: losvd_29, datatype: float64}
# - {name: dlosvd_29, datatype: float64}
# - {name: is_good, datatype: int64}
# meta: !!omap
# - {dv: 100.0}
# - vcent: [-1450.0, -1350.0, -1250.0, -1150.0, -1050.0, -950.0, -850.0, -750.0, -650.0, -550.0, -450.0, -350.0, -250.0, -150.0, -50.0,
#     50.0, 150.0, 250.0, 350.0, 450.0, 550.0, 650.0, 750.0, 850.0, 950.0, 1050.0, 1150.0, 1250.0, 1350.0, 1450.0]
# - {nbins: 689}
# - {nvbins: 30}
# - PSF:
#     sigma: [0.9742837712172444, 4.520288137872436]
#     weight: [0.9230141364684558, 0.07698586353154424]
# schema: astropy-2.0
binID_dynamite v sigma losvd_0 dlosvd_0 losvd_1 dlosvd_1 losvd_2 dlosvd_2 losvd_3 dlosvd_3 losvd_4 dlosvd_4 losvd_5 dlosvd_5 losvd_6 dlosvd_6 losvd_7 dlosvd_7 losvd_8 dlosvd_8 losvd_9 dlosvd_9 losvd_10 dlosvd_10 losvd_11 dlosvd_11 losvd_12 dlosvd_12 losvd_13 dlosvd_13 losvd_14 dlosvd_14 losvd_15 dlosvd_15 losvd_16 dlosvd_16 losvd_17 dlosvd_17 losvd_18 dlosvd_18 losvd_19 dlosvd_19 losvd_20 dlosvd_20 losvd_21 dlosvd_21 losvd_22 dlosvd_22 losvd_23 dlosvd_23 losvd_24 dlosvd_24 losvd_25 dlosvd_25 losvd_26 dlosvd_26 losvd_27 dlosvd_27 losvd_28 dlosvd_28 losvd_29 dlosvd_29 is_good
[from data line 626]
627 -82.3935 90.016815 0.0 0.001 0.0 0.001 0.0 0.001 0.0 0.001 0.0 0.001 0.0 0.001 1.7893894698769465e-15 0.001 2.0616530555236187e-11 0.001 5.223285299071287e-08 0.001 2.064746717771676e-05 0.001 0.0015844946779912743 0.011145802914997817 0.025816766995800104 0.0375322359265782 0.11587773031105868 0.03211386153977955 0.30055529288000643 0.025538414883693433 0.41134618831672776 0.037359267131274576 0.14479882709776684 0.03321779322748775 0.0 0.03293347502865042 0.0 0.02184843548491159 0.0 0.0018830419661594083 0.0 0.001 0.0 0.001 0.0 0.001 0.0 0.001 0.0 0.001 0.0 0.001 0.0 0.001 0.0 0.001 0.0 0.001 0.0 0.001 0.0 0.001 1
628 -130.8202 104.71817 0.0 0.001 0.0 0.001 0.0 0.001 0.0 0.001 0.0 0.001 7.629737869300599e-15 0.001 6.993154015784336e-11 0.001 3.2060877726331026e-08 0.001 3.63779571794253e-06 0.0010237118555611728 0.0 0.010578143858569686 0.0 0.0322809989277559 0.024092537276421955 0.02867252501590437 0.2041232919838519 0.029698674308227146 0.3645060995874424 0.044176489331370666 0.26119621485324257 0.02669296287673191 0.10954570401379446 0.02811102262835282 0.03208685547418756 0.03216088243522222 0.004280822348550831 0.019393844808547743 0.00016311230524881608 0.0028615378629475345 1.6885559119468158e-06 0.001 3.6730310594565174e-09 0.001 1.7815249442178438e-12 0.001 1.0957649258735843e-16 0.001 0.0 0.001 0.0 0.001 0.0 0.001 0.0 0.001 0.0 0.001 0.0 0.001 0.0 0.001 1
629 -102.2051 98.459755 0.0 0.001 0.0 0.001 0.0 0.001 0.0 0.001 0.0 0.001 0.0 0.001 2.723940629728399e-13 0.001 1.5881371547436606e-09 0.001 1.1529624830964876e-06 0.001 0.00018964252911297765 0.003364270783668879 0.00491109798990901 0.02370794294803947 0.03446288024984891 0.031675325493609914 0.13077200420202353 0.0322270953456738 0.33821401527371686 0.036689946453727806 0.3247552815934609 0.037584228420909305 0.1254640063569044 0.031178598575044895 0.03643981079905412 0.03435368601926199 0.0046688512919084045 0.021664022216739295 0.00012084639858101375 0.0030143451142788627 4.0867705965043745e-07 0.001 8.750439583860106e-11 0.001 2.3206402051017702e-14 0.001 0.0 0.001 0.0 0.001 0.0 0.001 0.0 0.001 0.0 0.001 0.0 0.001 0.0 0.001 0.0 0.001 1
630 110.218 115.47773 0.0 0.001 0.0 0.001 0.0 0.001 0.0 0.001 0.0 0.001 0.0 0.001 8.092369088632858e-17 0.001 3.9620366249669043e-13 0.001 6.677877909550166e-10 0.001 5.06855746414377e-07 0.001 4.977049078959196e-05 0.0011266750344059305 0.0017499461567494965 0.009813324538093816 0.016334394494056485 0.028845805210491206 0.05860988151685353 0.025345888097818268 0.13446064834303095 0.022329518003712807 0.27166174839424323 0.030272539053529807 0.32347989483929407 0.034425270892317394 0.15718745816072743 0.02530458926617854 0.030357590307226394 0.02493615462217467 0.005219469416473915 0.030703200512067985 0.0008436157927421587 0.01366729392519355 4.436114822126131e-05 0.001833523808309907 7.111080780284931e-07 0.001 2.3057156370866428e-09 0.001 1.8667572295966774e-12 0.001 4.604338001115021e-16 0.001 0.0 0.001 0.0 0.001 0.0 0.001 0.0 0.001 1
631 126.9851 105.56699 0.0 0.001 0.0 0.001 0.0 0.001 0.0 0.001 0.0 0.001 0.0 0.001 0.0 0.001 0.0 0.001 5.1099419629942805e-17 0.001 4.637315213973017e-12 0.001 1.5834427395906683e-07 0.001 8.352228709727109e-05 0.0033778105604726624 0.002952666526644391 0.02095753805832426 0.026025346239260685 0.03681102480801928 0.0960141689909848 0.035449033109232544 0.27138153021503764 0.04022530009106598 0.34926181169754306 0.046077820048022744 0.18143980257579162 0.03311592277735004 0.058607783048377236 0.034349315889790275 0.013252283379398473 0.03249060409968667 0.0009708114526497719 0.010154984713567898 1.0093237579708995e-05 0.0011442359893323478 2.1987049507091007e-08 0.001 1.3673773356817096e-11 0.001 8.28562111275759e-16 0.001 0.0 0.001 0.0 0.001 0.0 0.001 0.0 0.001 0.0 0.001 1
632 -129.7384 83.457886 0.0 0.001 0.0 0.001 0.0 0.001 0.0 0.001 0.0 0.001 0.0 0.001 0.0 0.001 7.312332786704036e-13 0.001 1.994502555313126e-08 0.001 2.4351654082061758e-05 0.0012232468449492838 0.003131531722344196 0.019064941315999152 0.03667644802924587 0.034303491658664295 0.1735276783591672 0.033070117166215135 0.4286706621783426 0.04454430451724031 0.28680688922240266 0.03045270284469817 0.06422409157653816 0.03381053462545276 0.006866707908040285 0.031679131407684344 7.158580617668749e-05 0.004541502207097713 3.359790359140068e-08 0.001 0.0 0.001 0.0 0.001 0.0 0.001 0.0 0.001 0.0 0.001 0.0 0.001 0.0 0.001 0.0 0.001 0.0 0.001 0.0 0.001 0.0 0.001 1
633 127.9449 97.88824 0.0 0.001 0.0 0.001 0.0 0.001 0.0 0.001 0.0 0.001 0.0 0.001 0.0 0.001 0.0 0.001 2.9496341716330587e-13 0.001 6.22292391463599e-10 0.001 6.322089138489531e-07 0.001 8.72521920114352e-05 0.001191706180231142 0.0030268280495335965 0.014497822046945491 0.023222322359932508 0.03206732913194938 0.08503074715465894 0.025481754792590253 0.27257220226268886 0.017811330793916252 0.37247530682924385 0.03323897911523252 0.17425092306412213 0.018120042876111173 0.05737182094119822 0.021106967229294758 0.01141281083110306 0.02965621895461213 0.0005451663281105274 0.005906059899095008 3.987155895632358e-06 0.001 0.0 0.001 0.0 0.001 0.0 0.001 0.0 0.001 0.0 0.001 0.0 0.001 0.0 0.001 0.0 0.001 1
634 82.2467 94.476685 0.0 0.001 0.0 0.001 0.0 0.001 0.0 0.001 0.0 0.001 0.0 0.001 0.0 0.001 0.0 0.001 0.0 0.001 0.0 0.001 0.0 0.001 0.0 0.0041728291528480175 0.00037389912022624597 0.025591013616025858 0.032729344804961355 0.04137902192579736 0.17299866208971504 0.03867599670769696 0.38020419966256763 0.060488010523959995 0.3312303753982727 0.048846754204092485 0.08246351892425688 0.05154738200583731 0.0 0.04082855043418504 0.0 0.0169760884709899 0.0 0.0017584706037417149 0.0 0.001 0.0 0.001 0.0 0.001 0.0 0.001 0.0 0.001 0.0 0.001 0.0 0.001 0.0 0.001 0.0 0.001 1
635 -146.7221 90.52428 0.0 0.001 0.0 0.001 0.0 0.001 0.0 0.001 0.0 0.001 0.0 0.001 0.0 0.001 0.0 0.001 0.0 0.001 0.0 0.004613572537948428 5.460301068388897e-05 0.031301534461387046 0.028797750667779 0.032481591471524844 0.22189815180778194 0.03171158396877148 0.41602010921796256 0.04628392017660679 0.22814609715755377 0.02820497601116051 0.08541045891443437 0.030807916218673195 0.01885010898012232 0.03244421407989409 0.0008169096232039099 0.005671645564465481 5.804273147611017e-06 0.001 6.346756057368103e-09 0.001 5.745369917483831e-13 0.001 0.0 0.001 0.0 0.001 0.0 0.001 0.0 0.001 0.0 0.001 0.0 0.001 0.0 0.001 0.0 0.001 0.0 0.001 1
636 -140.967 115.20012 0.0 0.001 0.0 0.001 0.0 0.001 0.0 0.001 2.1951097201258793e-16 0.001 0.0 0.001 0.0 0.001 0.0 0.001 0.0 0.004257939798542265 0.0 0.022259114411933283 0.0 0.03147387589783461 0.04585610650496984 0.03123051008492294 0.24798030718735176 0.02082407403746936 0.33027653059333634 0.04076274821743761 0.24838296878615232 0.022031362674030164 0.11086848738975033 0.02993312523115288 0.016635599538439176 0.029821277223172543 0.0 0.02583476488494596 0.0 0.006272699858529522 0.0 0.001 0.0 0.001 0.0 0.001 0.0 0.001 0.0 0.001 0.0 0.001 0.0 0.001 0.0 0.001 0.0 0.001 0.0 0.001 0.0 0.001 1
637 120.8823 77.63038 0.0 0.001 0.0 0.001 0.0 0.001 0.0 0.001 0.0 0.001 0.0 0.001 0.0 0.001 0.0 0.001 0.0 0.001 0.0 0.001 3.1593852005597157e-12 0.001 4.2945426193061495e-08 0.001 8.643582660019418e-05 0.002996395062264662 0.005483256851855652 0.03178347948491901 0.05807949216980402 0.04219261020302636 0.3267032812568566 0.03871993165900217 0.4340052311742177 0.04651157773311915 0.1488909921799762 0.04152696694416458 0.025567425851126882 0.04333998727428511 0.0011796898693776838 0.010253623565725675 4.151204639415246e-06 0.001 6.669367408246212e-10 0.001 2.3438944024959594e-14 0.001 0.0 0.001 0.0 0.001 0.0 0.001 0.0 0.001 0.0 0.001 0.0 0.001 0.0 0.001 1
638 -149.4029 104.25796 0.0 0.001 0.0 0.001 0.0 0.001 0.0 0.001 0.0 0.001 0.0 0.001 0.0 0.001 0.0 0.001 0.0 0.0014976532037744815 0.0 0.014431029371371222 0.0 0.03235993496514656 0.03852721238749755 0.028340027224851322 0.2457047182079878 0.019972317609462123 0.3668355682524945 0.040401565191269445 0.22032837976379172 0.01737213462351038 0.09765951587646794 0.027441484475171085 0.028603414690026224 0.03318914082431742 0.0023048170905010323 0.014909220751674463 3.629893484939116e-05 0.0016076105789890904 7.477000264170652e-08 0.001 2.6381077261960696e-11 0.001 0.0 0.001 0.0 0.001 0.0 0.001 0.0 0.001 0.0 0.001 0.0 0.001 0.0 0.001 0.0 0.001 0.0 0.001 1
639 97.1371 97.520325 0.0 0.001 0.0 0.001 0.0 0.001 0.0 0.001 0.0 0.001 0.0 0.001 0.0 0.001 0.0 0.001 0.0 0.001 0.0 0.001 0.0 0.001 9.257851137292833e-13 0.004620690458090101 0.000598776623781654 0.024788169859298187 0.02327363224514404 0.04611347944846991 0.1342433852406241 0.04469105968025021 0.34968556301851267 0.06067856233098884 0.3269732187086742 0.058481405955908394 0.1276731154937732 0.04387883188228315 0.03531164009856094 0.045041747681168726 0.002229312597330979 0.024735621126444264 1.1355934313821693e-05 0.003899039522341467 3.8358689621553726e-11 0.001 0.0 0.001 0.0 0.001 0.0 0.001 0.0 0.001 0.0 0.001 0.0 0.001 0.0 0.001 0.0 0.001 1
640 -131.331 100.56322 0.0 0.001 0.0 0.001 0.0 0.001 0.0 0.001 0.0 0.001 0.0 0.001 0.0 0.001 0.0 0.001 0.0 0.001 0.0 0.007988499035732254 0.0 0.030610659105446213 0.0144515872818463 0.028077106174313426 0.19692704351951296 0.027276793957256434 0.3802616549347818 0.04146421049640156 0.25327483098045267 0.022886160639516817 0.11349057383200727 0.028997700033962813 0.037123811461112224 0.03504086425061539 0.00436596941118977 0.015848905287897175 0.00010401027596684169 0.0016494802805932561 5.180573270975344e-07 0.001 2.457715404438298e-10 0.001 3.141232415152633e-14 0.001 0.0 0.001 0.0 0.001 0.0 0.001 0.0 0.001 0.0 0.001 0.0 0.001 0.0 0.001 0.0 0.001 1
641 129.2539 94.83799 0.0 0.001 0.0 0.001 0.0 0.001 0.0 0.001 0.0 0.001 0.0 0.001 0.0 0.001 0.0 0.001 3.440969350527656e-15 0.001 3.8250428077483325e-11 0.001 4.889176556337982e-08 0.001 2.752547766759787e-05 0.001 0.0015706656483256102 0.01136062586690987 0.01860984699786105 0.03480904157495264 0.08476192805203704 0.03288148076398659 0.2739104682454035 0.03246331642837133 0.3899738482096904 0.04165567069461448 0.18265314310382538 0.030278361954100913 0.042107489138629814 0.033030269864375426 0.006179535706413433 0.027563604030025123 0.00020422348294885207 0.004381997300049331 1.2761389158282487e-06 0.001 8.68173922513492e-10 0.001 8.812567285807504e-14 0.001 0.0 0.001 0.0 0.001 0.0 0.001 0.0 0.001 0.0 0.001 0.0 0.001 1
642 -56.3388 96.232605 0.0 0.001 0.0 0.001 0.0 0.001 0.0 0.001 0.0 0.001 0.0 0.001 0.0 0.001 0.0 0.001 0.0 0.001 0.0 0.001 2.010375452104955e-05 0.009549197451420494 0.007766175780977245 0.03154543713873616 0.06774015934374762 0.03775718396126852 0.2477179528529411 0.03380817140026375 0.40108535731550987 0.0688632680298503 0.21964673626746198 0.03413378098596477 0.050818962427110065 0.041629113746497436 0.00519837728128017 0.031039489958456026 6.1746134325809805e-06 0.007762444024348048 3.630133187308062e-10 0.001 5.0652199086634384e-15 0.001 0.0 0.001 0.0 0.001 0.0 0.001 0.0 0.001 0.0 0.001 0.0 0.001 0.0 0.001 0.0 0.001 0.0 0.001 1
643 -30.0923 72.7798 0.0 0.001 0.0 0.001 0.0 0.001 0.0 0.001 0.0 0.001 0.0 0.001 0.0 0.001 0.0 0.001 0.0 0.001 0.0 0.001 0.0 0.001 4.701013718332682e-14 0.011653895562910833 0.012197849805718732 0.043773819096733266 0.164479599485978 0.07935858748165613 0.5035819163113652 0.15631262679072788 0.2838587782430177 0.07417429926905257 0.035881856134720336 0.055023783421208956 1.9152922720070856e-11 0.019560345463578304 0.0 0.0024463475821137415 0.0 0.001 0.0 0.001 0.0 0.001 0.0 0.001 0.0 0.001 0.0 0.001 0.0 0.001 0.0 0.001 0.0 0.001 0.0 0.001 0.0 0.001 1
644 -11.9976 81.74208 0.0 0.001 0.0 0.001 0.0 0.001 0.0 0.001 0.0 0.001 0.0 0.001 0.0 0.001 0.0 0.001 0.0 0.001 0.0 0.001 0.0 0.0025449935046424426 3.315685982270584e-10 0.017492467724783235 0.013871017214523778 0.04417504419750143 0.13709947389263558 0.08506996809919008 0.4161673479329907 0.13151000256741827 0.3391769485765402 0.08861176819213082 0.09136653339531212 0.0753634076782097 0.00231867865642562 0.03435230441166268 3.3375155794970277e-15 0.011933710032956756 0.0 0.0014966400971957658 0.0 0.001 0.0 0.001 0.0 0.001 0.0 0.001 0.0 0.001 0.0 0.001 0.0 0.001 0.0 0.001 0.0 0.001 0.0 0.001 1
645 -132.9119 84.85711 0.0 0.001 0.0 0.001 0.0 0.001 0.0 0.001 0.0 0.001 0.0 0.001 3.030321401661749e-16 0.001 1.660087277605733e-11 0.001 1.0346024836340837e-07 0.001 4.205355393860994e-05 0.0014711227938233999 0.0035787212949468404 0.020399690510567385 0.035274398940141574 0.03672487855975185 0.1792027844013551 0.029472874667782756 0.4327280738067899 0.04500850640459844 0.27164294088894964 0.027032013907426697 0.06788335385678512 0.03269826438637764 0.009337964409088535 0.03384275893783348 0.00030875270328548093 0.004667189225405738 8.52336837059422e-07 0.001 3.310281356003303e-10 0.001 4.47700768427416e-15 0.001 0.0 0.001 0.0 0.001 0.0 0.001 0.0 0.001 0.0 0.001 0.0 0.001 0.0 0.001 0.0 0.001 0.0 0.001 1
646 -98.7671 94.69235 0.0 0.001 0.0 0.001 0.0 0.001 0.0 0.001 0.0 0.001 0.0 0.001 0.0 0.001 0.0 0.001 0.0 0.001 0.0 0.002244147799331764 0.0001517028206755181 0.01933778240668914 0.01500783895855848 0.036584421254773916 0.11590888504074295 0.03643530878319297 0.35323493313109594 0.0419974134328496 0.3370927690511 0.04237810973488487 0.13698551386560384 0.03378732943085136 0.03883311085593784 0.03538461271708753 0.0027588453621564513 0.02058618411542875 2.6399723506891746e-05 0.002320723126508757 1.190622057928272e-09 0.001 0.0 0.001 0.0 0.001 0.0 0.001 0.0 0.001 0.0 0.001 0.0 0.001 0.0 0.001 0.0 0.001 0.0 0.001 0.0 0.001 1
647 33.1119 105.34187 0.0 0.001 0.0 0.001 0.0 0.001 0.0 0.001 0.0 0.001 0.0 0.001 0.0 0.001 0.0 0.001 7.107071361621389e-13 0.001 1.208900941388404e-08 0.001 2.3731679388840393e-05 0.003316141783813477 0.002431493529761084 0.0186201752951915 0.023953130340861446 0.03324388651072734 0.09285493521499848 0.03579171530974579 0.25572707877970596 0.03202879975113408 0.356553172695976 0.05620024041026753 0.19304608861692502 0.02733951339619191 0.06064774752677272 0.03319711963617788 0.013911819192504305 0.02949160492627734 0.0008483974458955476 0.011782860590307798 2.3927380346995214e-06 0.0014715993484459187 1.4945001076357182e-10 0.001 5.887334855218487e-15 0.001 0.0 0.001 0.0 0.001 0.0 0.001 0.0 0.001 0.0 0.001 0.0 0.001 0.0 0.001 1
648 112.3888 110.33914 0.0 0.001 0.0 0.001 0.0 0.001 0.0 0.001 0.0 0.001 0.0 0.001 0.0 0.001 1.1115333495656703e-16 0.001 8.871034765642185e-13 0.001 3.1565683586239107e-09 0.001 2.4979645873070833e-06 0.001 0.00026625911255865215 0.007849307771085914 0.00841860220948206 0.02693709335112654 0.04693385013429435 0.02754831930882507 0.12939094088463227 0.026909953770551262 0.28167141677312324 0.031397971529656205 0.3361034478898562 0.04249918331769581 0.16016585907264677 0.027773902417876292 0.0322941016672101 0.02759012178180958 0.004435580832221682 0.03106422398163977 0.0003088270589078568 0.011821694989450307 8.586769088863325e-06 0.0013843865420736104 2.6459494220493268e-08 0.001 1.4439088897291571e-11 0.001 1.8589757602047485e-15 0.001 0.0 0.001 0.0 0.001 0.0 0.001 0.0 0.001 0.0 0.001 1
649 -121.0532 87.70975 0.0 0.001 0.0 0.001 0.0 0.001 0.0 0.001 0.0 0.001 0.0 0.001 0.0 0.001 0.0 0.001 0.0 0.001 0.0 0.001918312948975928 0.0 0.021771038001904695 0.0 0.0369217564962006 0.15230041261177843 0.04386650879727402 0.42454268246882004 0.05104440662384979 0.30241024879698675 0.03130835722650749 0.10818034196716077 0.03360213977343272 0.012498397870782831 0.038369741012145776 6.79162844710368e-05 0.009261434271035988 0.0 0.001 0.0 0.001 0.0 0.001 0.0 0.001 0.0 0.001 0.0 0.001 0.0 0.001 0.0 0.001 0.0 0.001 0.0 0.001 0.0 0.001 0.0 0.001 1
