data/processed/NGC4564-h6/hist_kins_o.ecsv
# %ECSV 1.0
# ---
# datatype:
# - {name: binID_dynamite, datatype: int64}
# - {name: v, datatype: float32}
# - {name: sigma, datatype: float32}
# - {name: losvd_0, datatype: float64}
# - {name: dlosvd_0, datatype: float64}
# - {name: losvd_1, datatype: float64}
# - {name: dlosvd_1, datatype: float64}
# - {name: losvd_2, datatype: float64}
# - {name: dlosvd_2, datatype: float64}
# - {name: losvd_3, datatype: float64}
# - {name: dlosvd_3, datatype: float64}
# - {name: losvd_4, datatype: float64}
# - {name: dlosvd_4, datatype: float64}
# - {name: losvd_5, datatype: float64}
# - {name: dlosvd_5, datatype: float64}
# - {name: losvd_6, datatype: float64}
# - {name: dlosvd_6, datatype: float64}
# - {name: losvd_7, datatype: float64}
# - {name: dlosvd_7, datatype: float64}
# - {name: losvd_8, datatype: float64}
# - {name: dlosvd_8, datatype: float64}
# - {name: losvd_9, datatype: float64}
# - {name: dlosvd_9, datatype: float64}
# - {name: losvd_10, datatype: float64}
# - {name: dlosvd_10, datatype: float64}
# - {name: losvd_11, datatype: float64}
# - {name: dlosvd_11, datatype: float64}
# - {name: losvd_12, datatype: float64}
# - {name: dlosvd_12, datatype: float64}
# - {name: losvd_13, datatype: float64}
# - {name: dlosvd_13, datatype: float64}
# - {name: losvd_14, datatype: float64}
# - {name: dlosvd_14, datatype: float64}
# - {name: losvd_15, datatype: float64}
# - {name: dlosvd_15, datatype: float64}
# - {name: losvd_16, datatype: float64}
# - {name: dlosvd_16, datatype: float64}
# - {name: losvd_17, datatype: float64}
# - {name: dlosvd_17, datatype: float64}
# - {name: losvd_18, datatype: float64}
# - {name: dlosvd_18, datatype: float64}
# - {name: losvd_19, datatype: float64}
# - {name: dlosvd_19, datatype: float64}
# - {name: losvd_20, datatype: float64}
# - {name: dlosvd_20, datatype: float64}
# - {name: losvd_21, datatype: float64}
# - {name: dlosvd_21, datatype: float64}
# - {name: losvd_22, datatype: float64}
# - {name: dlosvd_22, datatype: float64}
# - {name: losvd_23, datatype: float64}
# - {name: dlosvd_23, datatype: float64}
# - {name: losvd_24, datatype: float64}
# - {name: dlosvd_24, datatype: float64}
# - {name: losvd_25, datatype: float64}
# - {name: dlosvd_25, datatype: float64}
# - {name: losvd_26, datatype: float64}
# - {name: dlosvd_26, datatype: float64}
# - {name: losvd_27, datatype: float64}
# - {name: dlosvd_27, datatype: float64}
# - {name: losvd_28, datatype: float64}
# - {name: dlosvd_28, datatype: float64}
# - {name: losvd_29, datatype: float64}
# - {name: dlosvd_29, datatype: float64}
# - {name: is_good, datatype: int64}
# meta: !!omap
# - {dv: 100.0}
# - vcent: [-1450.0, -1350.0, -1250.0, -1150.0, -1050.0, -950.0, -850.0, -750.0, -650.0, -550.0, -450.0, -350.0, -250.0, -150.0, -50.0,
#     50.0, 150.0, 250.0, 350.0, 450.0, 550.0, 650.0, 750.0, 850.0, 950.0, 1050.0, 1150.0, 1250.0, 1350.0, 1450.0]
# - {nbins: 370}
# - {nvbins: 30}
# - PSF:
#     sigma: [0.30981562904828125, 1.303031411282882]
#     weight: [0.7894296863335304, 0.2105703136664696]
# schema: astropy-2.0
binID_dynamite v sigma losvd_0 dlosvd_0 losvd_1 dlosvd_1 losvd_2 dlosvd_2 losvd_3 dlosvd_3 losvd_4 dlosvd_4 losvd_5 dlosvd_5 losvd_6 dlosvd_6 losvd_7 dlosvd_7 losvd_8 dlosvd_8 losvd_9 dlosvd_9 losvd_10 dlosvd_10 losvd_11 dlosvd_11 losvd_12 dlosvd_12 losvd_13 dlosvd_13 losvd_14 dlosvd_14 losvd_15 dlosvd_15 losvd_16 dlosvd_16 losvd_17 dlosvd_17 losvd_18 dlosvd_18 losvd_19 dlosvd_19 losvd_20 dlosvd_20 losvd_21 dlosvd_21 losvd_22 dlosvd_22 losvd_23 dlosvd_23 losvd_24 dlosvd_24 losvd_25 dlosvd_25 losvd_26 dlosvd_26 losvd_27 dlosvd_27 losvd_28 dlosvd_28 losvd_29 dlosvd_29 is_good
[from data line 179]
180 64.002 133.9675 0.0 0.001 0.0 0.001 0.0 0.001 0.0 0.001 0.0 0.001 0.0 0.001 0.0 0.001 0.0 0.001 0.0 0.001 0.0 0.0025435160270556745 0.00018629145514798622 0.012179587796778713 0.005192529260129517 0.028703237106864007 0.025857282565327284 0.03964646946874528 0.08550388318835031 0.037574512780775574 0.19898829657285808 0.04217476536332057 0.2904372424826092 0.0497485031021921 0.23962350318019213 0.04413035369717727 0.11359213294721135 0.03599895196656903 0.03498126337894981 0.03990751496321245 0.005446665962184705 0.03254324483071316 0.0001909072680755389 0.016912870451620238 1.7389640641605266e-09 0.0041266470070380895 0.0 0.001 0.0 0.001 0.0 0.001 0.0 0.001 0.0 0.001 0.0 0.001 0.0 0.001 0.0 0.001 1
181 -39.6648 203.6987 0.0 0.001 0.0 0.001 0.0 0.001 0.0 0.001 0.0 0.001 0.0 0.0017903518860601546 0.0 0.006034423095572369 0.0 0.013734281471296192 0.0 0.019996218257038192 0.006214389986849376 0.01497701951221361 0.024119249081586913 0.013319628286346235 0.06323657922287548 0.015903581518347074 0.11819603982146422 0.009408728194493572 0.1697174497578194 0.014283574696093523 0.19459366108756448 0.022071452869209182 0.17669751637658745 0.016461225949337716 0.12831586654649246 0.008944721841791972 0.07430742993283454 0.014142876255643255 0.03243948562894194 0.015224182972109456 0.010486314898195109 0.013150116951921965 0.0016760176587886529 0.019700039325221717 0.0 0.014787171847867795 0.0 0.007112144877864043 0.0 0.0022685516133744282 0.0 0.001 0.0 0.001 0.0 0.001 0.0 0.001 0.0 0.001 0.0 0.001 1
182 -31.0034 190.2042 0.0 0.001 0.0 0.001 2.364429282128169e-10 0.001 2.57230217842974e-08 0.001 8.837421370255965e-07 0.001 1.1041258731179654e-05 0.001 0.000137299838277682 0.002790432023207416 0.0007560404527855236 0.008760190855507444 0.0036961303047758883 0.0175753867923103 0.011146014902910619 0.01901670737123201 0.02521750653308504 0.012744341742012891 0.054377459509421404 0.016785874456874624 0.10300906067616485 0.010536746163450829 0.1658355448991005 0.013323817951461939 0.2060114156191652 0.022863356920941477 0.18854623422306527 0.018006266502903642 0.12816618575739572 0.010251215422986251 0.06838736794874703 0.015357472075387932 0.02958675774028236 0.014576358068828923 0.010819805069087153 0.01618574215682691 0.0033211822588767774 0.018833511938712605 0.0008449720068658613 0.011483672018299855 0.00010884167623490385 0.004394664715656792 1.7785215274671495e-05 0.0010893015220722637 2.3618573127647106e-06 0.001 8.089314808446302e-08 0.001 1.6396522382732343e-09 0.001 1.803725579742459e-11 0.001 0.0 0.001 0.0 0.001 1
183 32.1862 177.1363 2.843196993278222e-17 0.001 0.0 0.001 0.0 0.001 0.0 0.001 0.0 0.001 0.0 0.001 0.0 0.001 0.0 0.0023689264082458862 0.0 0.008541596026678127 0.0 0.018892761617369375 0.0029421353471645894 0.02151593157806355 0.020678371037831454 0.014893923872882889 0.06787601630753586 0.020635480526708463 0.13806992126404 0.013869958792896903 0.20026005663522092 0.02061364788873965 0.22069970318882826 0.0245475703575308 0.1854292698464307 0.01644769837191623 0.1130397120600109 0.015536373914718994 0.04383140540282336 0.019247871229180744 0.0071734089101127135 0.01741347799644362 0.0 0.023104097894147087 0.0 0.015479595712642485 0.0 0.005939155021806622 0.0 0.0013691380213775696 0.0 0.001 0.0 0.001 0.0 0.001 0.0 0.001 0.0 0.001 1.2541517212745045e-15 0.001 1
184 -9.2906 194.6255 4.756348172362503e-13 0.001 2.1401582938080886e-11 0.001 0.0 0.001 1.712089284399646e-08 0.001 0.0 0.001 0.0 0.001 0.0 0.0024899362810542327 0.0 0.007802011736239818 0.0 0.01619023193009471 0.0012306038483162144 0.019579977113873236 0.012207431620699481 0.013579928200285842 0.04432053004726457 0.016867445674515997 0.09942899862849812 0.012748434569453557 0.16124437931092755 0.012597492569510316 0.20023826730008612 0.0228853604357043 0.19273190194034967 0.019663216783666962 0.1487816814645383 0.011753075009615643 0.08929405644743929 0.01418583478371837 0.03857783753815165 0.01580329159672329 0.011486958932540033 0.0153841149838252 0.00045733577841908956 0.021747023365166675 0.0 0.016381940246215705 0.0 0.007234035435713929 0.0 0.002082872646311135 0.0 0.001 0.0 0.001 0.0 0.001 0.0 0.001 0.0 0.001 0.0 0.001 1
185 -55.5041 187.8832 0.0 0.001 0.0 0.001 0.0 0.001 0.0 0.001 0.0 0.001 0.0 0.001 0.0 0.0034934307026556555 0.0 0.010685191590112324 0.0007964303561261097 0.019636275718983333 0.009485440200314164 0.020823581348286317 0.03140768422898668 0.01581827220961759 0.07295520892574638 0.018650940066823742 0.12532131362507215 0.012334683621176054 0.17699293791737264 0.018473549996057423 0.2083673164541627 0.024561481475429733 0.19076766227227673 0.017711767798005734 0.12482852289685957 0.013516871117671782 0.051531143086269826 0.018966941777425257 0.00754634003681311 0.015080108978727214 0.0 0.021460297203710312 0.0 0.01991760652625398 0.0 0.009856208700109413 0.0 0.0030086950409046872 0.0 0.001 0.0 0.001 0.0 0.001 0.0 0.001 0.0 0.001 0.0 0.001 0.0 0.001 1
186 -65.6493 135.5893 0.0 0.001 0.0 0.001 0.0 0.001 0.0 0.001 0.0 0.001 0.0 0.001 0.0 0.001 0.0 0.001 0.0 0.0048493137236949495 0.0 0.017953590754804377 0.0 0.03319022787222907 0.02811105662541653 0.042192169349619696 0.12253232357555145 0.035717954977080704 0.24441665932310205 0.042117507833164106 0.2871059970885284 0.05170079934315991 0.2035527161296657 0.0369458515474321 0.09037249989718353 0.03890029496247375 0.02229216434049996 0.04034617310686453 0.0016165830200523487 0.027487713522732295 0.0 0.01154611690851192 0.0 0.002695726163165774 0.0 0.001 0.0 0.001 0.0 0.001 0.0 0.001 0.0 0.001 0.0 0.001 0.0 0.001 0.0 0.001 0.0 0.001 1
187 -79.0381 165.3948 0.0 0.001 0.0 0.001 9.854903316130702e-17 0.001 1.103023319341804e-12 0.001 7.926981847181779e-10 0.001 8.333731117174312e-08 0.001 5.362698361861407e-06 0.001415633477594091 0.000133514351015181 0.005948455219311937 0.0014559521440555394 0.01592695025280111 0.007923768976135066 0.024984672777724322 0.025159962895210924 0.025503490556096325 0.0646138886830628 0.024438913326222344 0.13455448233882836 0.024827678954264944 0.2155370478882824 0.029630358069523466 0.23465650461990945 0.03352437817708524 0.17194243082755745 0.027176770056120014 0.08993814444858059 0.023497240683064795 0.03754401441599566 0.024427837211703562 0.013222854614447091 0.02683795774783342 0.002974175391129716 0.02212008417163165 0.0003151881234984213 0.010286131517308075 2.1868270058076238e-05 0.0026895794144849083 7.3964886373378e-07 0.001 1.5429307824926596e-08 0.001 1.0457211034314027e-10 0.001 1.5286223592299252e-14 0.001 4.901654901007217e-17 0.001 0.0 0.001 0.0 0.001 0.0 0.001 1
188 -74.6976 147.1321 0.0 0.001 0.0 0.001 0.0 0.001 5.090967727801629e-16 0.001 3.192081416553113e-12 0.001 2.373360519615121e-09 0.001 4.185246998282565e-07 0.001 2.4554963616008038e-05 0.002053400404033211 0.0004902073113929157 0.008731438210056966 0.004338994627240729 0.023762739308009994 0.018179245082494175 0.029883556826058436 0.05217004581001018 0.027813412661271616 0.12796267700322445 0.028132643933656887 0.22942585272020055 0.03125604930596923 0.2625801462738042 0.03871056751219101 0.18091566815909665 0.02976525858953004 0.08377099884414557 0.027273117108808972 0.030045842101665474 0.029098718360050662 0.008419046167566167 0.02789158389159149 0.0015764654689798675 0.015336892384584636 9.836259386247495e-05 0.004685835702311092 1.4678761149194669e-06 0.001 4.091484284762319e-09 0.001 3.845112662383085e-12 0.001 3.3794973182371533e-15 0.001 0.0 0.001 0.0 0.001 0.0 0.001 0.0 0.001 0.0 0.001 1
189 -57.4703 173.6265 0.0 0.001 4.57024090429168e-15 0.001 3.4641451895162644e-12 0.001 6.508703140627374e-10 0.001 5.731326986744231e-08 0.001 1.4577039509783114e-06 0.001 4.844047185540435e-05 0.0014837455285315005 0.0005852254859406019 0.0060522184991476675 0.0033304297363486337 0.015063229368956918 0.012829482847291376 0.02293299721136142 0.02790592694652577 0.020417661474868183 0.05756204595521595 0.02007162634132882 0.11337267888486115 0.019524671734301335 0.1903788633545813 0.021781059551676252 0.22706253048014416 0.028066691083698997 0.18221221234962567 0.02146414074662295 0.10374480102125792 0.018438643841933 0.04774682839328723 0.019642747405110676 0.021793609648557213 0.01914814535347115 0.008785231434955833 0.02250651726828684 0.0022546228634875783 0.013673458626923075 0.0003572697104413104 0.004970241545459989 2.6916489351860074e-05 0.0011427587207332593 1.350039085541149e-06 0.001 1.8020348996967606e-08 0.001 1.9408965112007024e-10 0.001 1.1816952913570626e-12 0.001 5.208025882490587e-15 0.001 0.0 0.001 0.0 0.001 1
190 -77.6708 141.116 0.0 0.001 0.0 0.001 0.0 0.001 0.0 0.001 5.92063660804715e-16 0.001 2.410999765135686e-12 0.001 1.352261009504501e-10 0.001 3.4337400018600736e-07 0.0013643330515209747 0.00019297984225997208 0.007509397883395576 0.0030987922244180856 0.021918715249937167 0.018405683097788207 0.03165803635899829 0.05159864634687738 0.03088389248941084 0.12856209208643596 0.029027252199660798 0.23840434908209837 0.0359858497897213 0.27379399375759156 0.042539879744444814 0.17874961409345497 0.03255775492772217 0.07681046968787131 0.027809690183746537 0.024681156644265245 0.033482271421855773 0.0051419500123466065 0.028286260994996943 0.000538754956132352 0.012949847244213688 2.0883867695126544e-05 0.002972562558801929 2.9046977476473904e-07 0.001 3.190978405807433e-10 0.001 2.542781199422078e-13 0.001 0.0 0.001 0.0 0.001 0.0 0.001 0.0 0.001 0.0 0.001 0.0 0.001 1
191 21.338 182.599 6.310495777516814e-15 0.001 5.861179375854364e-13 0.001 6.120930698879556e-11 0.001 2.593202327976513e-09 0.001 9.223205459078948e-08 0.001 1.7347828473778538e-06 0.001 1.6483560222807554e-05 0.001 0.00015585263361705148 0.003474375411900524 0.0007791479008845589 0.010778999834771485 0.0036568332291785207 0.020319494349278072 0.010826593477355368 0.018978125998671366 0.031639513391529976 0.014958872373745583 0.07631873039828255 0.0174542986393958 0.138319183907551 0.012701947172485864 0.19708219926736278 0.02012796293992107 0.21388354742862178 0.02314376531925731 0.17266182534455082 0.014439743365737834 0.10076038815782828 0.014284067351154082 0.04024689918953539 0.018462565880421583 0.011553453268015771 0.014756617322356398 0.0020257688918203388 0.02214920700973244 7.146178674335114e-05 0.016123086072038165 0.0 0.0064356001176950495 0.0 0.0016588267172812123 1.691252118885664e-07 0.001 1.1290428122400974e-07 0.001 6.259995352954251e-09 0.001 2.0396118293374346e-10 0.001 3.510106990365645e-12 0.001 3.383741956727705e-14 0.001 1
192 29.1738 168.5569 0.0 0.001 0.0 0.001 2.1090330430555794e-16 0.001 4.780307508027493e-12 0.001 1.3243300944257572e-09 0.001 2.730859739228905e-08 0.001 9.159825886376888e-07 0.001 2.1721953776312328e-05 0.0012556979493415445 0.00023384330167782364 0.005871559458636056 0.0014888152907346754 0.016165257679744992 0.006720002063689353 0.02429472028812428 0.02455404029264913 0.021074932689206287 0.06198948302482592 0.020236485952980374 0.13221216732567848 0.020803447994239478 0.2076483855716784 0.02187962631346732 0.23360494884482993 0.02603831816150408 0.18177570538121549 0.020634836690025984 0.09912702973468536 0.01969932852009678 0.03796816017246957 0.019642218321917367 0.01061843928149347 0.023205721709410078 0.0018957913559985047 0.022286668720616173 0.000140521784300973 0.010897107188754723 0.0 0.0031240876693067786 0.0 0.001 0.0 0.001 0.0 0.001 0.0 0.001 0.0 0.001 0.0 0.001 0.0 0.001 1
193 -31.9986 193.4993 2.6075278842278483e-12 0.001 1.4491558611094612e-10 0.001 3.2033939633177605e-09 0.001 1.2918175641713383e-07 0.001 2.2535878644150156e-06 0.001 2.7306135914729598e-05 0.001 0.00018509647060011505 0.003310073902325473 0.0008042259481561816 0.00954171369415212 0.0030110729554124966 0.017516133313418725 0.008264081343744891 0.018910284036934896 0.023580448964360814 0.013557217881623174 0.05442736484382467 0.016961482384740528 0.10664994546597478 0.012001901437340541 0.16740890855912127 0.014266543480332239 0.20271635020962372 0.0217360917058141 0.18584749741660436 0.017259551911419882 0.13059373942167296 0.011054618725627803 0.07046430105330996 0.014906571544422282 0.030333507711860427 0.01407573921733667 0.011421676209564547 0.015283134125663168 0.0034873061307989757 0.018733185683421312 0.000680433716564599 0.012656565538411397 8.862937662124544e-05 0.0051453402705289785 4.101761896534839e-06 0.00136944717399948 1.62018380896936e-06 0.001 0.0 0.001 0.0 0.001 0.0 0.001 0.0 0.001 2.5725512459301314e-14 0.001 1
194 -55.1238 182.6433 0.0 0.001 0.0 0.001 0.0 0.001 0.0 0.001 0.0 0.001 0.0 0.001 0.0 0.0024961910197397793 9.360982905233385e-05 0.008675385853516572 0.000789972745985894 0.017861510128314377 0.003986939147583636 0.019430969187397253 0.016892817329457542 0.013470734917796576 0.055339904831671595 0.017495012902795513 0.1238986896151542 0.011234984345593585 0.19243277870956568 0.017188506641626466 0.21516357284019702 0.024324449301811296 0.17674660199314912 0.01514917853184826 0.11298498189451098 0.01106006977427617 0.059700534700248636 0.017968874926116082 0.027040650297066964 0.013854671806692493 0.01158366596077088 0.019160283475132982 0.0028118692115596056 0.016933336136193466 0.0004411351047997928 0.007741168981727999 8.448818039095325e-05 0.0022509531232076125 7.64160144437183e-06 0.001 1.444526927600389e-07 0.001 1.5545540835929942e-09 0.001 0.0 0.001 1.4316506559553496e-13 0.001 9.652959518919508e-16 0.001 0.0 0.001 1
195 -22.4405 185.0187 4.780263273974183e-13 0.001 4.088094326896238e-11 0.001 2.0136388021062083e-09 0.001 5.679868155947941e-08 0.001 1.0553396028476767e-06 0.001 1.1428938866011365e-05 0.001 9.338113802928053e-05 0.0017220229032462136 0.000554942319747797 0.006565514822895993 0.0025250402297289786 0.015756361092976776 0.008609457834287392 0.020751711802223925 0.022203306208111652 0.012963634833354332 0.04971202394811314 0.017167015820056336 0.09975717466337525 0.01201377251367268 0.16327247186388003 0.012406706218738267 0.20828653382186532 0.0226389269830575 0.19991073030260134 0.018680431594696692 0.14041301719961377 0.009835875324155988 0.07068058256618633 0.016494845185893742 0.024507036350028093 0.013803716269038997 0.007116969677672079 0.01768891689375509 0.0017938185486509593 0.01992131713327476 0.0003622401152609079 0.011132253398986222 0.00015862272914523264 0.003873455818306783 2.638346136586264e-05 0.001 3.413161119925628e-06 0.001 2.994743392916038e-07 0.001 1.1008053438657974e-08 0.001 2.4232468370701204e-10 0.001 4.2958429744433964e-12 0.001 5.5531034981013135e-14 0.001 1
