data/processed/NGC4564-h6/hist_kins.ecsv
# %ECSV 1.0
# ---
# datatype:
# - {name: binID_dynamite, datatype: int64}
# - {name: v, datatype: float32}
# - {name: sigma, datatype: float32}
# - {name: losvd_0, datatype: float64}
# - {name: dlosvd_0, datatype: float64}
# - {name: losvd_1, datatype: float64}
# - {name: dlosvd_1, datatype: float64}
# - {name: losvd_2, datatype: float64}
# - {name: dlosvd_2, datatype: float64}
# - {name: losvd_3, datatype: float64}
# - {name: dlosvd_3, datatype: float64}
# - {name: losvd_4, datatype: float64}
# - {name: dlosvd_4, datatype: float64}
# - {name: losvd_5, datatype: float64}
# - {name: dlosvd_5, datatype: float64}
# - {name: losvd_6, datatype: float64}
# - {name: dlosvd_6, datatype: float64}
# - {name: losvd_7, datatype: float64}
# - {name: dlosvd_7, datatype: float64}
# - {name: losvd_8, datatype: float64}
# - {name: dlosvd_8, datatype: float64}
# - {name: losvd_9, datatype: float64}
# - {name: dlosvd_9, datatype: float64}
# - {name: losvd_10, datatype: float64}
# - {name: dlosvd_10, datatype: float64}
# - {name: losvd_11, datatype: float64}
# - {name: dlosvd_11, datatype: float64}
# - {name: losvd_12, datatype: float64}
# - {name: dlosvd_12, datatype: float64}
# - {name: losvd_13, datatype: float64}
# - {name: dlosvd_13, datatype: float64}
# - {name: losvd_14, datatype: float64}
# - {name: dlosvd_14, datatype: float64}
# - {name: losvd_15, datatype: float64}
# - {name: dlosvd_15, datatype: float64}
# - {name: losvd_16, datatype: float64}
# - {name: dlosvd_16, datatype: float64}
# - {name: losvd_17, datatype: float64}
# - {name: dlosvd_17, datatype: float64}
# - {name: losvd_18, datatype: float64}
# - {name: dlosvd_18, datatype: float64}
# - {name: losvd_19, datatype: float64}
# - {name: dlosvd_19, datatype: float64}
# - {name: losvd_20, datatype: float64}
# - {name: dlosvd_20, datatype: float64}
# - {name: losvd_21, datatype: float64}
# - {name: dlosvd_21, datatype: float64}
# - {name: losvd_22, datatype: float64}
# - {name: dlosvd_22, datatype: float64}
# - {name: losvd_23, datatype: float64}
# - {name: dlosvd_23, datatype: float64}
# - {name: losvd_24, datatype: float64}
# - {name: dlosvd_24, datatype: float64}
# - {name: losvd_25, datatype: float64}
# - {name: dlosvd_25, datatype: float64}
# - {name: losvd_26, datatype: float64}
# - {name: dlosvd_26, datatype: float64}
# - {name: losvd_27, datatype: float64}
# - {name: dlosvd_27, datatype: float64}
# - {name: losvd_28, datatype: float64}
# - {name: dlosvd_28, datatype: float64}
# - {name: losvd_29, datatype: float64}
# - {name: dlosvd_29, datatype: float64}
# - {name: is_good, datatype: int64}
# meta: !!omap
# - {dv: 100.0}
# - vcent: [-1450.0, -1350.0, -1250.0, -1150.0, -1050.0, -950.0, -850.0, -750.0, -650.0, -550.0, -450.0, -350.0, -250.0, -150.0, -50.0,
#     50.0, 150.0, 250.0, 350.0, 450.0, 550.0, 650.0, 750.0, 850.0, 950.0, 1050.0, 1150.0, 1250.0, 1350.0, 1450.0]
# - {nbins: 1059}
# - {nvbins: 30}
# - PSF:
#     sigma:
#     - [0.30981562904828125, 1.303031411282882]
#     - [0.9742837712172444, 4.520288137872436]
#     weight:
#     - [0.7894296863335304, 0.2105703136664696]
#     - [0.9230141364684558, 0.07698586353154424]
# - aperture_exprs: [_o, _s]
# schema: astropy-2.0
binID_dynamite v sigma losvd_0 dlosvd_0 losvd_1 dlosvd_1 losvd_2 dlosvd_2 losvd_3 dlosvd_3 losvd_4 dlosvd_4 losvd_5 dlosvd_5 losvd_6 dlosvd_6 losvd_7 dlosvd_7 losvd_8 dlosvd_8 losvd_9 dlosvd_9 losvd_10 dlosvd_10 losvd_11 dlosvd_11 losvd_12 dlosvd_12 losvd_13 dlosvd_13 losvd_14 dlosvd_14 losvd_15 dlosvd_15 losvd_16 dlosvd_16 losvd_17 dlosvd_17 losvd_18 dlosvd_18 losvd_19 dlosvd_19 losvd_20 dlosvd_20 losvd_21 dlosvd_21 losvd_22 dlosvd_22 losvd_23 dlosvd_23 losvd_24 dlosvd_24 losvd_25 dlosvd_25 losvd_26 dlosvd_26 losvd_27 dlosvd_27 losvd_28 dlosvd_28 losvd_29 dlosvd_29 is_good
[from data line 302]
303 28.9447 128.855 0.0 0.001 0.0 0.001 0.0 0.001 0.0 0.001 0.0 0.001 0.0 0.001 0.0 0.001 2.3158624561809566e-16 0.001 0.0 0.001 0.0 0.003392071207139161 0.0 0.015998715916789454 0.0 0.036936404562022324 0.02024372847204133 0.054756251494461464 0.13380410992614356 0.045785201496542034 0.26233094832542303 0.054090444724606446 0.29845708693839035 0.05574630260954161 0.2139465702501794 0.04795599069068236 0.07121755608782222 0.05443255497614065 0.0 0.04938618757424502 0.0 0.028611969730445913 0.0 0.008548094784894742 0.0 0.0014052740275805969 0.0 0.001 0.0 0.001 0.0 0.001 0.0 0.001 0.0 0.001 0.0 0.001 0.0 0.001 0.0 0.001 1
304 -3.9693 138.4937 0.0 0.001 0.0 0.001 0.0 0.001 0.0 0.001 0.0 0.001 1.0027145567007578e-14 0.001 1.4210282054826222e-11 0.001 1.0188328391251995e-08 0.001 9.132203964685067e-07 0.00224103880121053 4.145868060728073e-05 0.010301501261540098 0.0020477864991804823 0.025233958804172143 0.013494354534111953 0.036548407390056305 0.055538792055348465 0.03461256408534115 0.16204494814459544 0.03515389075385897 0.2733586659896912 0.04718334294735717 0.25717533514871904 0.04425664865289783 0.14852538799795037 0.03392299074831135 0.06369008678769911 0.03589377055887673 0.020823979837602067 0.03776852024750914 0.0032082736837065777 0.023668731633509982 5.0004077268879884e-05 0.009002547960033115 3.1405739163089776e-09 0.0018330950594062023 0.0 0.001 0.0 0.001 0.0 0.001 0.0 0.001 0.0 0.001 0.0 0.001 0.0 0.001 0.0 0.001 1
305 -34.4217 117.5052 0.0 0.001 0.0 0.001 0.0 0.001 0.0 0.001 0.0 0.001 0.0 0.001 0.0 0.001 0.0 0.001 0.0 0.001 0.0 0.005418235657908405 0.0 0.023723095728369774 0.006648188438158875 0.05030324965430938 0.07793747140378975 0.055593197374063825 0.21282903979431475 0.05538293680712192 0.32254148917262887 0.06040073113045269 0.2719320205714935 0.06196715137974444 0.10026127964213286 0.05323886875990079 0.007850510977481398 0.055124712002382226 0.0 0.032921760434674055 0.0 0.009568585085741745 0.0 0.0012173605596144028 0.0 0.001 0.0 0.001 0.0 0.001 0.0 0.001 0.0 0.001 0.0 0.001 0.0 0.001 0.0 0.001 0.0 0.001 1
306 69.9957 121.6013 0.0 0.001 0.0 0.001 0.0 0.001 0.0 0.001 0.0 0.001 0.0 0.001 0.0 0.001 0.0 0.001 0.0 0.001 6.059173393367895e-14 0.001 5.661461058868995e-06 0.005807335313706386 0.0010578694891541969 0.022287657468572482 0.015333198534141593 0.04482918605019282 0.06940419196352378 0.0471462095957758 0.19696898032844654 0.047123023917808746 0.3153116098080981 0.05699019152589249 0.25488298719558344 0.05168243044921059 0.11383393329038179 0.04243291889188641 0.029832981481539542 0.04998245052633361 0.0032858234701620514 0.031600869201258826 8.271949363650737e-05 0.011257819377579904 4.348421299879871e-08 0.0017652071951031266 0.0 0.001 0.0 0.001 0.0 0.001 0.0 0.001 0.0 0.001 0.0 0.001 0.0 0.001 0.0 0.001 1
307 76.2678 126.3565 0.0 0.001 0.0 0.001 0.0 0.001 0.0 0.001 0.0 0.001 0.0 0.001 0.0 0.001 0.0 0.001 0.0 0.001 9.066785837468441e-10 0.001234083308225423 4.902515069470246e-06 0.008342355134989536 0.0010933963283493752 0.026733125051093792 0.019118151959863026 0.04795174692322507 0.08019489810526026 0.049818526199333184 0.19083787163208546 0.05397629467913116 0.29449068516987126 0.061350888635141584 0.2704297211907296 0.061526735942617414 0.12383513881545696 0.051923511087280605 0.019995233376635866 0.05527092942422723 0.0 0.041716217205426974 0.0 0.017706817211218022 0.0 0.003684905261418675 0.0 0.001 0.0 0.001 0.0 0.001 0.0 0.001 0.0 0.001 0.0 0.001 0.0 0.001 0.0 0.001 1
308 57.174 144.7097 0.0 0.001 0.0 0.001 0.0 0.001 0.0 0.001 0.0 0.001 0.0 0.001 0.0 0.001 0.0 0.001 0.0 0.0012725124765669675 0.0 0.007346554926952577 0.0 0.022081433392275293 0.0 0.040012548307673285 0.03424190652649256 0.04805767135888859 0.11007717967899636 0.04232902365472563 0.20752172135593644 0.053098495342086355 0.26606793279289137 0.047094363617716614 0.23619976693157388 0.05153296922420693 0.12168940322106178 0.0473774880520152 0.02420208949304772 0.04585741260218865 0.0 0.041932819934834935 0.0 0.024032615109921412 0.0 0.0081617436918125 0.0 0.0016016416410622914 0.0 0.001 0.0 0.001 0.0 0.001 0.0 0.001 0.0 0.001 0.0 0.001 0.0 0.001 1
309 76.4249 112.9474 0.0 0.001 0.0 0.001 0.0 0.001 0.0 0.001 0.0 0.001 0.0 0.001 0.0 0.001 0.0 0.001 0.0 0.001 0.0 0.001 0.0 0.003127591850229476 0.0 0.018196121880429746 0.0023692713321868397 0.04370055238465443 0.0560271658335965 0.06189244110245947 0.19032232339878197 0.06351934308827716 0.3344325730059617 0.07245136932837806 0.2887265868053941 0.07110962420683045 0.11512513661781137 0.05937834598289106 0.01299694300626752 0.05904815670269867 0.0 0.031850943145465827 0.0 0.009322064018968897 0.0 0.0010638444009975398 0.0 0.001 0.0 0.001 0.0 0.001 0.0 0.001 0.0 0.001 0.0 0.001 0.0 0.001 0.0 0.001 1
310 17.0388 145.2765 0.0 0.001 0.0 0.001 0.0 0.001 0.0 0.001 0.0 0.001 0.0 0.001 0.0 0.001 0.0 0.001 0.0 0.0020717947002798693 0.0 0.010888145687932373 0.0 0.02856733438106931 0.0 0.04052379178576042 0.0406027074860906 0.04229251786322661 0.16235825285771927 0.03646785741943252 0.25198046092398074 0.04085114150000936 0.2535802160801015 0.03979809271822311 0.19379833713282385 0.037945587130274766 0.08759330558920674 0.03771275497803128 0.01008671993007739 0.04078857765260546 0.0 0.03223102300275518 0.0 0.015211641999435527 0.0 0.0038251467994666983 0.0 0.001 0.0 0.001 0.0 0.001 0.0 0.001 0.0 0.001 0.0 0.001 0.0 0.001 0.0 0.001 1
311 84.4993 147.4863 0.0 0.001 0.0 0.001 0.0 0.001 0.0 0.001 0.0 0.001 0.0 0.001 0.0 0.001 0.0 0.001 0.0 0.001 0.0 0.00536080844534037 0.0 0.018552868499632467 0.0 0.034620443683996596 0.010804715114814484 0.0472802911148735 0.0822326383946468 0.0429181312922227 0.1937077745839108 0.04834390787706676 0.2559017492417057 0.05144572272791782 0.24401135629666218 0.04799602278769552 0.15754251193133065 0.04621577008947915 0.05579925443692948 0.04223217080877927 0.0 0.04319694906848982 0.0 0.03010528752358707 0.0 0.011712474672492697 0.0 0.0029432028248220637 0.0 0.001 0.0 0.001 0.0 0.001 0.0 0.001 0.0 0.001 0.0 0.001 0.0 0.001 1
312 84.0426 117.838 0.0 0.001 0.0 0.001 0.0 0.001 0.0 0.001 0.0 0.001 0.0 0.001 0.0 0.001 1.477277833009156e-16 0.001 9.073833235028596e-13 0.001 2.1517441489773255e-09 0.001 0.0 0.0037316500178722458 0.0 0.018217872443326115 0.0 0.04435563924420916 0.04524936528911429 0.05693488947650879 0.1956237292803446 0.04847418794291783 0.31360652251104987 0.05961811557948368 0.29433097541141084 0.05590099641044799 0.13915975463121147 0.05125392967723689 0.012029650724217198 0.055008694905436896 0.0 0.03776830910224314 0.0 0.012509870090412639 0.0 0.002071109783597591 0.0 0.001 0.0 0.001 0.0 0.001 0.0 0.001 0.0 0.001 0.0 0.001 0.0 0.001 0.0 0.001 1
313 -20.1334 141.1872 0.0 0.001 0.0 0.001 0.0 0.001 0.0 0.001 0.0 0.001 0.0 0.001 0.0 0.001 0.0 0.001 0.0 0.0031982195952588934 0.0 0.01327917514643576 0.0 0.030990172590477455 0.00017728265298884435 0.042517302204500354 0.07360066790037402 0.039541987873602476 0.2000914344776521 0.04134946611891939 0.27547174949290654 0.042927491967832354 0.23962607305845238 0.0410066621755846 0.1437049098896099 0.035090907110277555 0.05608994726619728 0.04141097918962424 0.011237935261818953 0.03993678380621253 0.0 0.023524605602394662 0.0 0.007827121665665602 0.0 0.0013370278106143072 0.0 0.001 0.0 0.001 0.0 0.001 0.0 0.001 0.0 0.001 0.0 0.001 0.0 0.001 0.0 0.001 1
314 -58.6243 132.3345 0.0 0.001 0.0 0.001 0.0 0.001 0.0 0.001 0.0 0.001 0.0 0.001 0.0 0.001 0.0 0.001 0.0 0.003518846102252264 0.0 0.014864348138038812 0.001278048919854791 0.02799360494396902 0.025792058421754725 0.03583879559791734 0.1105378943230875 0.03244764292947185 0.23803201939662638 0.0351392474551024 0.2914915215984593 0.0480366014630787 0.2099294955146092 0.02927577633159628 0.09537770915502286 0.03259155773580549 0.02424408359070465 0.032045598493872 0.0032831749921214373 0.026822118879952735 3.3994087759160866e-05 0.011492629990230287 0.0 0.002418316216564382 0.0 0.001 0.0 0.001 0.0 0.001 0.0 0.001 0.0 0.001 0.0 0.001 0.0 0.001 0.0 0.001 0.0 0.001 1
315 -46.4946 116.0369 0.0 0.001 0.0 0.001 0.0 0.001 0.0 0.001 0.0 0.001 0.0 0.001 0.0 0.001 0.0 0.001 0.0 0.001 0.0 0.0057579224243174305 0.0 0.023789286851430936 0.0033554515091761537 0.04817743149017296 0.0728038390489164 0.054019951484646354 0.23850700166362068 0.05639309812043909 0.3336357919237029 0.058973723116079874 0.24153229914286006 0.0549077871682158 0.09482507058406567 0.0506056855998365 0.015340546127658127 0.05021771825296163 0.0 0.026739741721511535 0.0 0.007066573901392091 0.0 0.001 0.0 0.001 0.0 0.001 0.0 0.001 0.0 0.001 0.0 0.001 0.0 0.001 0.0 0.001 0.0 0.001 0.0 0.001 1
316 -80.9774 148.4877 0.0 0.001 0.0 0.001 0.0 0.001 0.0 0.001 0.0 0.001 0.0 0.001 0.0 0.001 0.0 0.0027181781756844318 0.0 0.011363485027145421 0.0 0.026437804029379543 0.0005320357717935497 0.036676224138784415 0.04509235162205831 0.038668318217192854 0.14691614294191577 0.03243474608830941 0.24756973904784066 0.04459215616174354 0.2573636910841088 0.04255470239281166 0.18463109688882862 0.0341508282524844 0.09098245430274926 0.03288917927200776 0.02518633017000865 0.03573335980741043 0.0017261581706965346 0.028867483637830482 0.0 0.014988124908860583 0.0 0.0045515809959625455 0.0 0.001 0.0 0.001 0.0 0.001 0.0 0.001 0.0 0.001 0.0 0.001 0.0 0.001 0.0 0.001 0.0 0.001 1
317 -69.2989 145.1508 0.0 0.001 0.0 0.001 0.0 0.001 0.0 0.001 0.0 0.001 0.0 0.001 0.0 0.001 0.0 0.0016412138212852203 0.0 0.007994874815203975 1.8062114126119536e-05 0.022265736189903622 0.00565819573905789 0.032985760346433135 0.037655149403808326 0.035238668249400064 0.12358475824358943 0.03275482283116876 0.23940055521743211 0.03785458966726253 0.2652581999777567 0.043078346899804165 0.18405069539046628 0.033984822297841444 0.0938482752023661 0.03129961449650621 0.0388054678995363 0.035393988855859856 0.01044746219137176 0.0309376798705488 0.0012366524481516603 0.015946764686869366 3.652616996901084e-05 0.004461701991584362 2.368480960626877e-12 0.001 0.0 0.001 0.0 0.001 0.0 0.001 0.0 0.001 0.0 0.001 0.0 0.001 0.0 0.001 0.0 0.001 1
318 18.5901 139.223 0.0 0.001 0.0 0.001 0.0 0.001 0.0 0.001 0.0 0.001 0.0 0.001 0.0 0.001 0.0 0.001 0.0 0.0012990813202310575 0.0 0.008033024874683482 0.0 0.02665391150833163 0.0 0.04086699182189208 0.0261312824924691 0.04516492395797715 0.1604393530265115 0.03805978231523649 0.26134105078269293 0.04162239728102797 0.26209342813278136 0.04142715745847632 0.20011670749952323 0.03919072582478042 0.08495504491826314 0.04255707720642067 0.004923133147758714 0.04209433546674103 0.0 0.032717595698454706 0.0 0.013967541732544286 0.0 0.002854778419068634 0.0 0.001 0.0 0.001 0.0 0.001 0.0 0.001 0.0 0.001 0.0 0.001 0.0 0.001 0.0 0.001 1
319 63.6327 128.8572 0.0 0.001 0.0 0.001 0.0 0.001 0.0 0.001 0.0 0.001 0.0 0.001 0.0 0.001 0.0 0.001 0.0 0.001 0.0 0.0019872838758558426 0.0 0.01086524428381617 0.0 0.02819513260751396 0.006689434439053984 0.044729649079753006 0.08447087190232966 0.04988612035737671 0.22100652834067602 0.043940712311560645 0.2919320381811138 0.05438577623655502 0.25201874542956365 0.049337647097698695 0.1226931939179899 0.045749152607095535 0.0211891877892731 0.050530461486543235 0.0 0.03522535033685933 0.0 0.015220438144320097 0.0 0.003385217709912251 0.0 0.001 0.0 0.001 0.0 0.001 0.0 0.001 0.0 0.001 0.0 0.001 0.0 0.001 0.0 0.001 1
320 43.8966 121.3115 0.0 0.001 0.0 0.001 0.0 0.001 0.0 0.001 0.0 0.001 0.0 0.001 0.0 0.001 0.0 0.001 0.0 0.001 0.0 0.0014606733774850985 0.0 0.009942106699669875 0.0 0.030270469680638467 0.005239596081866701 0.05032895367156248 0.09715176112757094 0.057298093106561906 0.2528480036405349 0.05844103768270813 0.3186426916240832 0.06677196813241695 0.23059455773008677 0.05618206600822563 0.0892591295694061 0.05323050453428341 0.00626426022645131 0.04832279748226191 0.0 0.026044320601942554 0.0 0.008035119872169049 0.0 0.0011539798617572433 0.0 0.001 0.0 0.001 0.0 0.001 0.0 0.001 0.0 0.001 0.0 0.001 0.0 0.001 0.0 0.001 1
321 82.0068 114.6973 0.0 0.001 0.0 0.001 0.0 0.001 0.0 0.001 0.0 0.001 0.0 0.001 0.0 0.001 0.0 0.001 0.0 0.001 0.0 0.001 0.0 0.0035606178603090526 0.0 0.018627058572119194 1.64596521795901e-07 0.04736419576024759 0.050385967643813964 0.06696023348986757 0.18816136871540332 0.06380984086545283 0.3240336349772426 0.07765031174651815 0.2978356813512281 0.07318758504849018 0.1278920857742256 0.06719554116940601 0.011691096941564767 0.0644040089514119 0.0 0.03592853907571909 0.0 0.011415768227501 0.0 0.0017055811809583304 0.0 0.001 0.0 0.001 0.0 0.001 0.0 0.001 0.0 0.001 0.0 0.001 0.0 0.001 0.0 0.001 1
322 59.9796 116.1464 0.0 0.001 0.0 0.001 0.0 0.001 0.0 0.001 0.0 0.001 0.0 0.001 0.0 0.001 0.0 0.001 0.0 0.001 0.0 0.001 0.0 0.005612010395416995 0.0 0.026521254974024938 0.0 0.06089849241222023 0.06206949378327757 0.06461069704257913 0.23327468879876917 0.07238028433146909 0.3296212438249499 0.06365073114860889 0.2553821314221886 0.07505604786133317 0.10759306173747141 0.05974042150633084 0.012059380433343266 0.06734235729637114 0.0 0.03294554302856921 0.0 0.00792218407270167 0.0 0.001 0.0 0.001 0.0 0.001 0.0 0.001 0.0 0.001 0.0 0.001 0.0 0.001 0.0 0.001 0.0 0.001 1
323 62.6964 130.755 0.0 0.001 0.0 0.001 0.0 0.001 0.0 0.001 0.0 0.001 0.0 0.001 9.445277921300459e-14 0.001 1.3661553291925082e-10 0.001 6.657379535359796e-08 0.001 1.2733218300160045e-05 0.0021706514319976156 0.000375132934103907 0.011725481778753395 0.005783201069574659 0.03265138674041046 0.02905933336482631 0.04114205967948502 0.08551146005898805 0.037179681958659554 0.20374092507642336 0.0437697977762707 0.294042311967855 0.04696205379395618 0.23934785660762148 0.04541540548777406 0.1082218591829719 0.03831021656308132 0.030059364755292067 0.041045534406645975 0.0038171092226192502 0.03521576004980586 2.4967114067364993e-05 0.01521428633239291 3.670293367563871e-06 0.0033080925233686053 8.323440742448703e-09 0.001 1.0002827580317336e-10 0.001 1.4562767022266925e-14 0.001 0.0 0.001 0.0 0.001 0.0 0.001 0.0 0.001 0.0 0.001 1
324 70.3704 122.1989 0.0 0.001 0.0 0.001 0.0 0.001 0.0 0.001 0.0 0.001 0.0 0.001 0.0 0.001 0.0 0.001 0.0 0.001 0.0 0.0010297449381248104 0.0 0.007785135276582339 0.0 0.02777150582602493 0.0 0.053962233011309424 0.06548233094708061 0.0627846861776201 0.2169363280434664 0.05926067609849606 0.30785426539599303 0.06322060214070674 0.26401023723748607 0.06051904705889487 0.12689515639921495 0.05493446820905302 0.018821681976758868 0.06345341440253503 0.0 0.03785266257183356 0.0 0.013196774646021139 0.0 0.002591109617861927 0.0 0.001 0.0 0.001 0.0 0.001 0.0 0.001 0.0 0.001 0.0 0.001 0.0 0.001 0.0 0.001 1
325 -7.3912 129.2306 0.0 0.001 0.0 0.001 0.0 0.001 0.0 0.001 0.0 0.001 0.0 0.001 0.0 0.001 0.0 0.001 0.0 0.0010127750738148484 0.0 0.007020278365856027 0.0 0.02682213547676289 0.004075163166821488 0.04919506739911614 0.051825929204324384 0.045462357545110924 0.17333054235756679 0.054266893735984145 0.2911820589478259 0.047989412451012056 0.26875827645110323 0.05010856376822562 0.14842618515994088 0.048707977186191596 0.05289725734751227 0.04832741498433007 0.00914083678880576 0.04499550975138975 0.00036270030497747354 0.01971547480883765 1.049926518364674e-06 0.004991983245500454 3.446033790327565e-10 0.001 0.0 0.001 1.1512503137041857e-16 0.001 0.0 0.001 0.0 0.001 0.0 0.001 0.0 0.001 0.0 0.001 0.0 0.001 1
