data/processed/NGC4564-h6/hist_kins.ecsv
# %ECSV 1.0
# ---
# datatype:
# - {name: binID_dynamite, datatype: int64}
# - {name: v, datatype: float32}
# - {name: sigma, datatype: float32}
# - {name: losvd_0, datatype: float64}
# - {name: dlosvd_0, datatype: float64}
# - {name: losvd_1, datatype: float64}
# - {name: dlosvd_1, datatype: float64}
# - {name: losvd_2, datatype: float64}
# - {name: dlosvd_2, datatype: float64}
# - {name: losvd_3, datatype: float64}
# - {name: dlosvd_3, datatype: float64}
# - {name: losvd_4, datatype: float64}
# - {name: dlosvd_4, datatype: float64}
# - {name: losvd_5, datatype: float64}
# - {name: dlosvd_5, datatype: float64}
# - {name: losvd_6, datatype: float64}
# - {name: dlosvd_6, datatype: float64}
# - {name: losvd_7, datatype: float64}
# - {name: dlosvd_7, datatype: float64}
# - {name: losvd_8, datatype: float64}
# - {name: dlosvd_8, datatype: float64}
# - {name: losvd_9, datatype: float64}
# - {name: dlosvd_9, datatype: float64}
# - {name: losvd_10, datatype: float64}
# - {name: dlosvd_10, datatype: float64}
# - {name: losvd_11, datatype: float64}
# - {name: dlosvd_11, datatype: float64}
# - {name: losvd_12, datatype: float64}
# - {name: dlosvd_12, datatype: float64}
# - {name: losvd_13, datatype: float64}
# - {name: dlosvd_13, datatype: float64}
# - {name: losvd_14, datatype: float64}
# - {name: dlosvd_14, datatype: float64}
# - {name: losvd_15, datatype: float64}
# - {name: dlosvd_15, datatype: float64}
# - {name: losvd_16, datatype: float64}
# - {name: dlosvd_16, datatype: float64}
# - {name: losvd_17, datatype: float64}
# - {name: dlosvd_17, datatype: float64}
# - {name: losvd_18, datatype: float64}
# - {name: dlosvd_18, datatype: float64}
# - {name: losvd_19, datatype: float64}
# - {name: dlosvd_19, datatype: float64}
# - {name: losvd_20, datatype: float64}
# - {name: dlosvd_20, datatype: float64}
# - {name: losvd_21, datatype: float64}
# - {name: dlosvd_21, datatype: float64}
# - {name: losvd_22, datatype: float64}
# - {name: dlosvd_22, datatype: float64}
# - {name: losvd_23, datatype: float64}
# - {name: dlosvd_23, datatype: float64}
# - {name: losvd_24, datatype: float64}
# - {name: dlosvd_24, datatype: float64}
# - {name: losvd_25, datatype: float64}
# - {name: dlosvd_25, datatype: float64}
# - {name: losvd_26, datatype: float64}
# - {name: dlosvd_26, datatype: float64}
# - {name: losvd_27, datatype: float64}
# - {name: dlosvd_27, datatype: float64}
# - {name: losvd_28, datatype: float64}
# - {name: dlosvd_28, datatype: float64}
# - {name: losvd_29, datatype: float64}
# - {name: dlosvd_29, datatype: float64}
# - {name: is_good, datatype: int64}
# meta: !!omap
# - {dv: 100.0}
# - vcent: [-1450.0, -1350.0, -1250.0, -1150.0, -1050.0, -950.0, -850.0, -750.0, -650.0, -550.0, -450.0, -350.0, -250.0, -150.0, -50.0,
#     50.0, 150.0, 250.0, 350.0, 450.0, 550.0, 650.0, 750.0, 850.0, 950.0, 1050.0, 1150.0, 1250.0, 1350.0, 1450.0]
# - {nbins: 1059}
# - {nvbins: 30}
# - PSF:
#     sigma:
#     - [0.30981562904828125, 1.303031411282882]
#     - [0.9742837712172444, 4.520288137872436]
#     weight:
#     - [0.7894296863335304, 0.2105703136664696]
#     - [0.9230141364684558, 0.07698586353154424]
# - aperture_exprs: [_o, _s]
# schema: astropy-2.0
binID_dynamite v sigma losvd_0 dlosvd_0 losvd_1 dlosvd_1 losvd_2 dlosvd_2 losvd_3 dlosvd_3 losvd_4 dlosvd_4 losvd_5 dlosvd_5 losvd_6 dlosvd_6 losvd_7 dlosvd_7 losvd_8 dlosvd_8 losvd_9 dlosvd_9 losvd_10 dlosvd_10 losvd_11 dlosvd_11 losvd_12 dlosvd_12 losvd_13 dlosvd_13 losvd_14 dlosvd_14 losvd_15 dlosvd_15 losvd_16 dlosvd_16 losvd_17 dlosvd_17 losvd_18 dlosvd_18 losvd_19 dlosvd_19 losvd_20 dlosvd_20 losvd_21 dlosvd_21 losvd_22 dlosvd_22 losvd_23 dlosvd_23 losvd_24 dlosvd_24 losvd_25 dlosvd_25 losvd_26 dlosvd_26 losvd_27 dlosvd_27 losvd_28 dlosvd_28 losvd_29 dlosvd_29 is_good
[from data line 955]
956 135.6446 118.2701 0.0 0.001 0.0 0.001 0.0 0.001 0.0 0.001 0.0 0.001 0.0 0.001 1.1165917980543585e-15 0.001 3.148025903876614e-12 0.001 1.3325484496251902e-09 0.001 3.7126092882381883e-07 0.001 2.0178812177551702e-05 0.001 0.00044247017690136247 0.00844824467839398 0.004885663091152816 0.029788728713743405 0.03495351801022676 0.025727680509947528 0.11905380272313139 0.027555987237159824 0.24208794438767275 0.020737120755794883 0.3275710349035981 0.03683956418070958 0.22815387973468174 0.020142381349735353 0.042831135563831196 0.028393136441753754 0.0 0.03215509284786009 0.0 0.023652035157323 0.0 0.004657095394603763 0.0 0.001 0.0 0.001 0.0 0.001 0.0 0.001 0.0 0.001 0.0 0.001 0.0 0.001 0.0 0.001 1
957 101.9251 107.6103 0.0 0.001 0.0 0.001 0.0 0.001 0.0 0.001 0.0 0.001 0.0 0.001 1.0128876789392433e-16 0.001 4.3734817336527897e-13 0.001 5.787088233215156e-10 0.001 2.253398045950836e-07 0.001 3.14277423129559e-05 0.001 0.001292724307091957 0.0072003546091244045 0.015953445479353647 0.0298603607540674 0.0691353939237022 0.024084089205456512 0.15098609485470327 0.022063232796275534 0.2856347757540127 0.02911674185762264 0.34564306907519976 0.030609796305547415 0.13132281150891087 0.026552708251917738 0.0 0.022826081555850038 0.0 0.030784879533713908 0.0 0.007608221569508198 0.0 0.001 3.133174079816784e-08 0.001 1.0397359439121619e-10 0.001 4.746802169519022e-14 0.001 0.0 0.001 0.0 0.001 0.0 0.001 0.0 0.001 0.0 0.001 1
958 -136.0346 104.191284 0.0 0.001 0.0 0.001 0.0 0.001 0.0 0.001 0.0 0.001 8.98968475747566e-13 0.001 1.5744757418494633e-09 0.001 6.792812311438348e-07 0.001 8.160602810649656e-05 0.001 0.0025181237382143023 0.011387968576518623 0.02375889768893708 0.03187107607425666 0.07577079541078793 0.024829761334087798 0.18719756871499574 0.01669205465085892 0.35670134100126755 0.032690561294441756 0.2559507780330269 0.020986594959415003 0.07420418788850408 0.027323865174127007 0.01954254268643426 0.03102691366629088 0.0040509304183536455 0.01822465365404911 0.00022082654489080324 0.0021289360355964014 1.712275042285162e-06 0.001 8.707581526195652e-09 0.001 7.2502013198776315e-12 0.001 1.353431984417499e-15 0.001 0.0 0.001 0.0 0.001 0.0 0.001 0.0 0.001 0.0 0.001 0.0 0.001 0.0 0.001 1
959 120.5826 110.6723 0.0 0.001 0.0 0.001 0.0 0.001 0.0 0.001 0.0 0.001 0.0 0.001 0.0 0.001 0.0 0.001 0.0 0.001 1.1237988164883502e-10 0.001 2.9039490033804125e-07 0.001 0.00011721534443030842 0.006160184865727096 0.003868663156204955 0.02591495954966266 0.02718250160452985 0.034959925400747154 0.1058629214459678 0.032291806042174395 0.28321930130685574 0.0371659393252019 0.3326105623244773 0.04265928097771701 0.16883130609343933 0.02788496822207963 0.061510337004885694 0.031535854105300624 0.0156467276098315 0.031928666492704275 0.001138422541590573 0.011872460325970464 1.1735505289393314e-05 0.0015270854312891909 1.555521734397409e-08 0.001 0.0 0.001 0.0 0.001 0.0 0.001 0.0 0.001 0.0 0.001 0.0 0.001 0.0 0.001 1
960 -143.7452 96.90964 0.0 0.001 0.0 0.001 0.0 0.001 0.0 0.001 0.0 0.001 5.205895947477109e-17 0.001 1.0023694350140536e-12 0.001 1.002354147050742e-09 0.001 0.0 0.001 0.0 0.007673034848088655 0.0 0.03328493245966066 0.019767313597547832 0.02842040211335126 0.22906777975196177 0.027217382397155654 0.39518828920405286 0.042083154474407386 0.23781254607886615 0.024135719815755186 0.09575777086306518 0.029227121106989093 0.020754338440774234 0.036409434944802935 0.0016344532111479061 0.010316783185646093 1.7483506915382315e-05 0.001 2.4334485288919425e-08 0.001 7.826785640067803e-12 0.001 2.1333351879752792e-16 0.001 0.0 0.001 0.0 0.001 0.0 0.001 0.0 0.001 0.0 0.001 0.0 0.001 0.0 0.001 0.0 0.001 1
961 -95.2447 117.732086 0.0 0.001 0.0 0.001 0.0 0.001 0.0 0.001 0.0 0.001 0.0 0.001 0.0 0.001 0.0 0.001 0.0 0.0021051250140129 0.0 0.013615501121316181 0.0 0.030994952940956638 0.030004540319886714 0.026604310951342306 0.15172718194818027 0.028058888510146006 0.29974206926643004 0.03355038712793293 0.3073234070951663 0.036802891234752916 0.16657617861548693 0.025659960566199666 0.04125581750996442 0.028512085661889935 0.0033708052369920568 0.030972512509555832 0.0 0.013949582357580554 0.0 0.0023062116209174857 0.0 0.001 7.883258108546507e-12 0.001 9.919162592907111e-15 0.001 0.0 0.001 0.0 0.001 0.0 0.001 0.0 0.001 0.0 0.001 0.0 0.001 0.0 0.001 1
962 -126.9181 104.87715 0.0 0.001 0.0 0.001 0.0 0.001 0.0 0.001 0.0 0.001 3.025893768299125e-14 0.001 2.679584764364843e-11 0.001 0.0 0.001 0.0 0.001 0.0 0.009956383669735197 0.0 0.032841627643347096 0.021794238588404898 0.023868159556052117 0.19306312214030008 0.02544041909930965 0.3651878641110763 0.036302286161123715 0.2638086090641538 0.022626961373213128 0.11513685310251091 0.027248683747007833 0.035766917855251865 0.03156506569374848 0.0049690404664067414 0.02045373914700061 0.000269666173664078 0.002782256584901144 3.6718378749633675e-06 0.001 1.6614799640847617e-08 0.001 1.8721111580277125e-11 0.001 9.402082442163447e-15 0.001 0.0 0.001 0.0 0.001 0.0 0.001 0.0 0.001 0.0 0.001 0.0 0.001 0.0 0.001 1
963 -130.6202 111.8693 0.0 0.001 0.0 0.001 0.0 0.001 0.0 0.001 0.0 0.001 0.0 0.001 0.0 0.001 0.0 0.001 0.0 0.0022601232504480748 0.0 0.015670511722712093 0.0 0.03582753092163526 0.0228025950729246 0.039040627247792954 0.2155631081682511 0.03752840021541795 0.3466248662347524 0.045245918728994944 0.2570065580355018 0.035808930809969663 0.12262305681500656 0.03348194431243819 0.03210699227569066 0.03784435856191829 0.0031891977466648224 0.02442484841374183 8.362564141256621e-05 0.004901914660321357 0.0 0.001 9.794259622780401e-12 0.001 1.1780863836219654e-15 0.001 0.0 0.001 0.0 0.001 0.0 0.001 0.0 0.001 0.0 0.001 0.0 0.001 0.0 0.001 0.0 0.001 1
964 -64.6487 104.86286 0.0 0.001 0.0 0.001 0.0 0.001 0.0 0.001 0.0 0.001 0.0 0.001 0.0 0.001 0.0 0.001 0.0 0.001 0.0 0.002623269087931889 0.000717597533672741 0.01935977073979489 0.013752510671977998 0.03358180003206812 0.07557763890569791 0.028841814357385396 0.26042005027525605 0.0259055527098319 0.35847534769578904 0.0398473802483057 0.19485266913106586 0.0199598585863051 0.07382844671555176 0.026752957504663527 0.02089704152696368 0.03369813875045111 0.0014597724498744797 0.011435210983745923 1.8920138042838287e-05 0.0011262481625807482 4.956107652217984e-09 0.001 0.0 0.001 0.0 0.001 0.0 0.001 0.0 0.001 0.0 0.001 0.0 0.001 0.0 0.001 0.0 0.001 0.0 0.001 1
965 -111.2947 97.38813 0.0 0.001 0.0 0.001 0.0 0.001 0.0 0.001 0.0 0.001 1.0188227736859676e-16 0.001 1.1774876537769575e-12 0.001 2.8956756812860523e-09 0.001 1.6675130039097718e-06 0.001 0.00022408434794013866 0.0033715630440778704 0.003156923157335481 0.023950870825088913 0.022713772085023374 0.024670753998162008 0.1364246454497955 0.026258265425294663 0.36803340941480106 0.03337681572323414 0.2941255880758897 0.023691757766672455 0.12280271393462393 0.025907341876388656 0.04598115318900576 0.02826936048994167 0.006304973008491227 0.018073433641054078 0.00022910670508261496 0.001869710745607222 1.9568870078622696e-06 0.001 3.3341449888211244e-09 0.001 1.000971496237159e-12 0.001 1.0638009068371929e-16 0.001 0.0 0.001 0.0 0.001 0.0 0.001 0.0 0.001 0.0 0.001 0.0 0.001 0.0 0.001 1
966 -142.357 99.18247 0.0 0.001 0.0 0.001 0.0 0.001 0.0 0.001 0.0 0.001 7.48582342188481e-15 0.001 3.3715532143034967e-11 0.001 3.671241777271426e-08 0.001 1.386196416160237e-05 0.001 0.0008139271996434088 0.008480144446790303 0.006995134481289221 0.031112956429780934 0.038170180915395015 0.02002769152976281 0.20913731914327902 0.016969472313182646 0.3823673174417519 0.03627431359228114 0.22359793893030983 0.01404526245572639 0.09960050139983323 0.022078992479209913 0.03552833859146474 0.03136968673188238 0.0036674979034464032 0.011957460720398529 0.00010734596076223325 0.001 5.986105964556937e-07 0.001 7.117630087034129e-10 0.001 1.6313689875315945e-13 0.001 0.0 0.001 0.0 0.001 0.0 0.001 0.0 0.001 0.0 0.001 0.0 0.001 0.0 0.001 0.0 0.001 1
967 135.6852 107.19638 0.0 0.001 0.0 0.001 0.0 0.001 0.0 0.001 0.0 0.001 0.0 0.001 0.0 0.001 0.0 0.001 0.0 0.001 0.0 0.001 0.0 0.001 2.2874473508055524e-06 0.003727087554932838 0.0007475949037801351 0.020517053200426738 0.022741352220826804 0.03536680069556689 0.10561370975475981 0.030726167248780162 0.25747948403050785 0.033008449055177705 0.3604534582373752 0.05053569325511684 0.22075340218182687 0.03162709148797613 0.03220871122357255 0.03286987275770633 0.0 0.03507617017481801 0.0 0.01439279685018464 0.0 0.001889058179141097 0.0 0.001 0.0 0.001 0.0 0.001 0.0 0.001 0.0 0.001 0.0 0.001 0.0 0.001 0.0 0.001 1
968 107.4266 123.61114 0.0 0.001 0.0 0.001 0.0 0.001 0.0 0.001 0.0 0.001 0.0 0.001 0.0 0.001 0.0 0.001 0.0 0.001 0.0 0.001 0.0 0.0027317074226626773 0.0 0.015028806770213777 0.0 0.029966310068409246 0.040441585467316035 0.02705218175008698 0.16594695330675244 0.023270559696809218 0.2763655187040638 0.03236849023358429 0.30808965783551506 0.036580625156559604 0.18952504180378385 0.022439600542012925 0.01963124288256887 0.031075609765105226 0.0 0.03177223046613699 0.0 0.020399324524845608 0.0 0.0044679942506771365 0.0 0.001 0.0 0.001 0.0 0.001 0.0 0.001 0.0 0.001 0.0 0.001 0.0 0.001 0.0 0.001 1
969 -59.9679 82.864525 0.0 0.001 0.0 0.001 0.0 0.001 0.0 0.001 0.0 0.001 0.0 0.001 0.0 0.001 0.0 0.001 0.0 0.001 0.0 0.001 0.0 0.004755951204853153 0.0 0.027906063489604768 0.03495701227455784 0.05007002187462 0.27128662185655467 0.04602343911114022 0.45250665166177706 0.1002574823231604 0.20997667566134398 0.0462707209730787 0.03127260334013334 0.048952188948346353 4.3520563318120637e-07 0.023462693851892792 0.0 0.0028256016688076456 0.0 0.001 0.0 0.001 0.0 0.001 0.0 0.001 0.0 0.001 0.0 0.001 0.0 0.001 0.0 0.001 0.0 0.001 0.0 0.001 0.0 0.001 1
970 108.3162 88.19443 0.0 0.001 0.0 0.001 0.0 0.001 0.0 0.001 0.0 0.001 0.0 0.001 0.0 0.001 0.0 0.001 0.0 0.001 0.0 0.001 0.0 0.001 0.0 0.001 1.6260015223672465e-05 0.011988617046365337 0.015144655173988303 0.040220151527264894 0.1174047999192052 0.04226565145622148 0.3406581009855634 0.04677834893481181 0.4059664974227777 0.056692733032209564 0.12080968648229201 0.05243983817314607 0.0 0.041860178905803735 0.0 0.016037976386126668 0.0 0.0012345287923938672 9.49704200326044e-13 0.001 0.0 0.001 0.0 0.001 0.0 0.001 0.0 0.001 0.0 0.001 0.0 0.001 0.0 0.001 0.0 0.001 1
971 131.8694 104.08871 0.0 0.001 0.0 0.001 0.0 0.001 0.0 0.001 0.0 0.001 0.0 0.001 0.0 0.001 1.3717466679423124e-14 0.001 3.324413912009869e-11 0.001 2.3778686269486695e-08 0.001 5.7995804586900985e-06 0.001 0.0003650902526429018 0.002526932417851677 0.006828095126482753 0.019235137389206597 0.041727140204129626 0.029750008621023283 0.11658748508729824 0.02594093661990879 0.24494810609933165 0.01814555567680505 0.36891122768814355 0.03567262028470264 0.19896325892281413 0.020114882249450766 0.02144254116888361 0.020325437814023895 0.0 0.03314056167380798 0.00019441021426738902 0.010829805271377767 2.6552275663444632e-05 0.001 2.6917825010464376e-07 0.001 3.8916797772410044e-10 0.001 5.219522763339764e-13 0.001 1.0734873415036275e-16 0.001 0.0 0.001 0.0 0.001 0.0 0.001 0.0 0.001 1
972 51.7153 105.106674 0.0 0.001 0.0 0.001 0.0 0.001 0.0 0.001 0.0 0.001 0.0 0.001 1.0782175706842259e-16 0.001 1.1035236513225427e-12 0.001 2.2101948812983245e-09 0.001 1.1902852212777456e-06 0.001 0.00014069877495754646 0.0015475857235913936 0.0032857864651349 0.013736175001967166 0.02366351494692561 0.031044452259185312 0.06779907533432084 0.02257026210971943 0.21302444811178764 0.016536872184699555 0.358878660376837 0.03700792379630638 0.21554495379013977 0.01531655799694255 0.08069270927120889 0.023879210540115738 0.03145204288882006 0.031655998204574994 0.005279604511631491 0.015436819136770965 0.00023476648861068744 0.0017736607114347217 2.5391586181656934e-06 0.001 7.380098223458707e-09 0.001 4.388067072608615e-12 0.001 1.204423412146255e-15 0.001 0.0 0.001 0.0 0.001 0.0 0.001 0.0 0.001 0.0 0.001 1
973 -131.7581 89.02456 0.0 0.001 0.0 0.001 0.0 0.001 0.0 0.001 0.0 0.001 0.0 0.001 0.0 0.001 1.0941658095696055e-11 0.001 5.024612364255468e-08 0.001 3.431533563881042e-05 0.002594365968026487 0.0011148320030073687 0.023986459395090778 0.024077724422867045 0.03447036926967122 0.18112231637240242 0.03386183357439276 0.419926247694051 0.04419444490308466 0.27158727185339043 0.02877820099894865 0.08635645988719008 0.03150989558651668 0.015191144914133236 0.03563118933132768 0.0005874308699147311 0.007806703416919257 2.2057942717196123e-06 0.001 5.95989963332022e-10 0.001 7.782952740166746e-14 0.001 0.0 0.001 0.0 0.001 0.0 0.001 0.0 0.001 0.0 0.001 0.0 0.001 0.0 0.001 0.0 0.001 0.0 0.001 1
974 128.1513 104.82171 0.0 0.001 0.0 0.001 0.0 0.001 0.0 0.001 0.0 0.001 0.0 0.001 0.0 0.001 0.0 0.001 0.0 0.001 0.0 0.001 0.0 0.001 0.0 0.0033183229297188577 0.0 0.021382815785858704 0.00047846218004159093 0.03546469710510149 0.09687993787202484 0.038226473606153395 0.2970545800592404 0.03462428493790301 0.36130637564195067 0.049998570637517364 0.2109441888105644 0.02997478448801877 0.033336455436178 0.03573008209493491 0.0 0.03381893967671583 0.0 0.011137638904528045 0.0 0.0011257709445444655 0.0 0.001 0.0 0.001 0.0 0.001 0.0 0.001 0.0 0.001 0.0 0.001 0.0 0.001 0.0 0.001 1
975 129.6795 96.737755 0.0 0.001 0.0 0.001 0.0 0.001 0.0 0.001 0.0 0.001 0.0 0.001 0.0 0.001 0.0 0.001 4.4919869883835685e-14 0.001 3.1749984369971165e-10 0.001 3.642577165703933e-07 0.001 7.271057723130849e-05 0.001267962009277594 0.0031490528866647796 0.01430283079173952 0.027574988459460114 0.03364080382719895 0.08943105044191273 0.03173118770852114 0.2635774373974149 0.028133200172474185 0.3812144694392531 0.04213874143713969 0.17795733555241414 0.02448415899851318 0.046993319138562466 0.028563159685914823 0.009446615855638343 0.02830979584266137 0.0005770260845673933 0.005446257233066249 5.6252331984646335e-06 0.001 4.356816511007686e-09 0.001 1.604449157880038e-12 0.001 0.0 0.001 0.0 0.001 0.0 0.001 0.0 0.001 0.0 0.001 0.0 0.001 1
976 -124.0691 84.8694 0.0 0.001 0.0 0.001 0.0 0.001 0.0 0.001 0.0 0.001 0.0 0.001 0.0 0.001 8.685417056868061e-13 0.001 6.130179922332061e-09 0.001 5.836325191247206e-06 0.0011818720548819504 0.0012076026828107618 0.019689505900623676 0.023764653169391112 0.03868525358209206 0.16061046286726247 0.04170397180144042 0.42646064838535896 0.04613565850300441 0.3031739974421961 0.03995323112573104 0.07824767194106085 0.04155645806405636 0.006529121055679885 0.036756617504305505 0.0 0.006199925024773789 0.0 0.001 0.0 0.001 0.0 0.001 0.0 0.001 0.0 0.001 0.0 0.001 0.0 0.001 0.0 0.001 0.0 0.001 0.0 0.001 0.0 0.001 0.0 0.001 1
977 34.8027 132.96864 0.0 0.001 0.0 0.001 0.0 0.001 0.0 0.001 4.0252142751783306e-16 0.001 6.439979244350297e-13 0.001 4.381476750902452e-10 0.001 9.51281029205791e-08 0.001 9.692309391102008e-06 0.001 0.00033555002492082137 0.00314522658961028 0.004342486957229011 0.01381605103624297 0.021992784731741825 0.0243879301083932 0.04635356574080252 0.017179023697666846 0.09869705622311328 0.018618461743173803 0.22236386059210161 0.02026828091911842 0.2868478426049011 0.03317990801304546 0.1761693661569233 0.015369506307578426 0.08006876923366409 0.019545311506877616 0.04334002892344252 0.020332086189781967 0.016905506679073836 0.022790216763912144 0.00244302887859158 0.009692698113992142 0.0001279433025856665 0.0017370845155700503 2.403618460866661e-06 0.001 1.8398459887892905e-08 0.001 5.761446103061276e-11 0.001 8.753815034540668e-14 0.001 4.741177159236696e-17 0.001 0.0 0.001 0.0 0.001 0.0 0.001 1
