data/processed/NGC4564-h6/hist_kins.ecsv
# %ECSV 1.0
# ---
# datatype:
# - {name: binID_dynamite, datatype: int64}
# - {name: v, datatype: float32}
# - {name: sigma, datatype: float32}
# - {name: losvd_0, datatype: float64}
# - {name: dlosvd_0, datatype: float64}
# - {name: losvd_1, datatype: float64}
# - {name: dlosvd_1, datatype: float64}
# - {name: losvd_2, datatype: float64}
# - {name: dlosvd_2, datatype: float64}
# - {name: losvd_3, datatype: float64}
# - {name: dlosvd_3, datatype: float64}
# - {name: losvd_4, datatype: float64}
# - {name: dlosvd_4, datatype: float64}
# - {name: losvd_5, datatype: float64}
# - {name: dlosvd_5, datatype: float64}
# - {name: losvd_6, datatype: float64}
# - {name: dlosvd_6, datatype: float64}
# - {name: losvd_7, datatype: float64}
# - {name: dlosvd_7, datatype: float64}
# - {name: losvd_8, datatype: float64}
# - {name: dlosvd_8, datatype: float64}
# - {name: losvd_9, datatype: float64}
# - {name: dlosvd_9, datatype: float64}
# - {name: losvd_10, datatype: float64}
# - {name: dlosvd_10, datatype: float64}
# - {name: losvd_11, datatype: float64}
# - {name: dlosvd_11, datatype: float64}
# - {name: losvd_12, datatype: float64}
# - {name: dlosvd_12, datatype: float64}
# - {name: losvd_13, datatype: float64}
# - {name: dlosvd_13, datatype: float64}
# - {name: losvd_14, datatype: float64}
# - {name: dlosvd_14, datatype: float64}
# - {name: losvd_15, datatype: float64}
# - {name: dlosvd_15, datatype: float64}
# - {name: losvd_16, datatype: float64}
# - {name: dlosvd_16, datatype: float64}
# - {name: losvd_17, datatype: float64}
# - {name: dlosvd_17, datatype: float64}
# - {name: losvd_18, datatype: float64}
# - {name: dlosvd_18, datatype: float64}
# - {name: losvd_19, datatype: float64}
# - {name: dlosvd_19, datatype: float64}
# - {name: losvd_20, datatype: float64}
# - {name: dlosvd_20, datatype: float64}
# - {name: losvd_21, datatype: float64}
# - {name: dlosvd_21, datatype: float64}
# - {name: losvd_22, datatype: float64}
# - {name: dlosvd_22, datatype: float64}
# - {name: losvd_23, datatype: float64}
# - {name: dlosvd_23, datatype: float64}
# - {name: losvd_24, datatype: float64}
# - {name: dlosvd_24, datatype: float64}
# - {name: losvd_25, datatype: float64}
# - {name: dlosvd_25, datatype: float64}
# - {name: losvd_26, datatype: float64}
# - {name: dlosvd_26, datatype: float64}
# - {name: losvd_27, datatype: float64}
# - {name: dlosvd_27, datatype: float64}
# - {name: losvd_28, datatype: float64}
# - {name: dlosvd_28, datatype: float64}
# - {name: losvd_29, datatype: float64}
# - {name: dlosvd_29, datatype: float64}
# - {name: is_good, datatype: int64}
# meta: !!omap
# - {dv: 100.0}
# - vcent: [-1450.0, -1350.0, -1250.0, -1150.0, -1050.0, -950.0, -850.0, -750.0, -650.0, -550.0, -450.0, -350.0, -250.0, -150.0, -50.0,
#     50.0, 150.0, 250.0, 350.0, 450.0, 550.0, 650.0, 750.0, 850.0, 950.0, 1050.0, 1150.0, 1250.0, 1350.0, 1450.0]
# - {nbins: 1059}
# - {nvbins: 30}
# - PSF:
#     sigma:
#     - [0.30981562904828125, 1.303031411282882]
#     - [0.9742837712172444, 4.520288137872436]
#     weight:
#     - [0.7894296863335304, 0.2105703136664696]
#     - [0.9230141364684558, 0.07698586353154424]
# - aperture_exprs: [_o, _s]
# schema: astropy-2.0
binID_dynamite v sigma losvd_0 dlosvd_0 losvd_1 dlosvd_1 losvd_2 dlosvd_2 losvd_3 dlosvd_3 losvd_4 dlosvd_4 losvd_5 dlosvd_5 losvd_6 dlosvd_6 losvd_7 dlosvd_7 losvd_8 dlosvd_8 losvd_9 dlosvd_9 losvd_10 dlosvd_10 losvd_11 dlosvd_11 losvd_12 dlosvd_12 losvd_13 dlosvd_13 losvd_14 dlosvd_14 losvd_15 dlosvd_15 losvd_16 dlosvd_16 losvd_17 dlosvd_17 losvd_18 dlosvd_18 losvd_19 dlosvd_19 losvd_20 dlosvd_20 losvd_21 dlosvd_21 losvd_22 dlosvd_22 losvd_23 dlosvd_23 losvd_24 dlosvd_24 losvd_25 dlosvd_25 losvd_26 dlosvd_26 losvd_27 dlosvd_27 losvd_28 dlosvd_28 losvd_29 dlosvd_29 is_good
[from data line 595]
596 -66.3727 147.3886 0.0 100000.0 0.0 100000.0 0.0 100000.0 0.0 100000.0 0.0 100000.0 0.0 100000.0 0.0 100000.0 0.0 100000.0 0.0 100000.0 0.0 100000.0 0.0 100000.0 0.0 100000.0 0.0 100000.0 0.0 100000.0 0.0 100000.0 0.0 100000.0 0.0 100000.0 0.0 100000.0 0.0 100000.0 0.0 100000.0 0.0 100000.0 0.0 100000.0 0.0 100000.0 0.0 100000.0 0.0 100000.0 0.0 100000.0 0.0 100000.0 0.0 100000.0 0.0 100000.0 0.0 100000.0 0
597 -56.3131 147.66496 0.0 100000.0 0.0 100000.0 0.0 100000.0 0.0 100000.0 0.0 100000.0 0.0 100000.0 0.0 100000.0 0.0 100000.0 0.0 100000.0 0.0 100000.0 0.0 100000.0 0.0 100000.0 0.0 100000.0 0.0 100000.0 0.0 100000.0 0.0 100000.0 0.0 100000.0 0.0 100000.0 0.0 100000.0 0.0 100000.0 0.0 100000.0 0.0 100000.0 0.0 100000.0 0.0 100000.0 0.0 100000.0 0.0 100000.0 0.0 100000.0 0.0 100000.0 0.0 100000.0 0.0 100000.0 0
598 -43.0513 135.4879 0.0 100000.0 0.0 100000.0 0.0 100000.0 0.0 100000.0 0.0 100000.0 0.0 100000.0 0.0 100000.0 0.0 100000.0 0.0 100000.0 0.0 100000.0 0.0 100000.0 0.0 100000.0 0.0 100000.0 0.0 100000.0 0.0 100000.0 0.0 100000.0 0.0 100000.0 0.0 100000.0 0.0 100000.0 0.0 100000.0 0.0 100000.0 0.0 100000.0 0.0 100000.0 0.0 100000.0 0.0 100000.0 0.0 100000.0 0.0 100000.0 0.0 100000.0 0.0 100000.0 0.0 100000.0 0
599 -27.9987 132.17535 0.0 100000.0 0.0 100000.0 0.0 100000.0 0.0 100000.0 0.0 100000.0 0.0 100000.0 0.0 100000.0 0.0 100000.0 0.0 100000.0 0.0 100000.0 0.0 100000.0 0.0 100000.0 0.0 100000.0 0.0 100000.0 0.0 100000.0 0.0 100000.0 0.0 100000.0 0.0 100000.0 0.0 100000.0 0.0 100000.0 0.0 100000.0 0.0 100000.0 0.0 100000.0 0.0 100000.0 0.0 100000.0 0.0 100000.0 0.0 100000.0 0.0 100000.0 0.0 100000.0 0.0 100000.0 0
600 -16.2248 127.48406 0.0 100000.0 0.0 100000.0 0.0 100000.0 0.0 100000.0 0.0 100000.0 0.0 100000.0 0.0 100000.0 0.0 100000.0 0.0 100000.0 0.0 100000.0 0.0 100000.0 0.0 100000.0 0.0 100000.0 0.0 100000.0 0.0 100000.0 0.0 100000.0 0.0 100000.0 0.0 100000.0 0.0 100000.0 0.0 100000.0 0.0 100000.0 0.0 100000.0 0.0 100000.0 0.0 100000.0 0.0 100000.0 0.0 100000.0 0.0 100000.0 0.0 100000.0 0.0 100000.0 0.0 100000.0 0
601 -14.9131 135.46616 0.0 0.001 0.0 0.001 0.0 0.001 8.589698396938876e-15 0.001 3.972238496999251e-12 0.001 8.678875511746927e-10 0.001 7.520044582642641e-08 0.001 2.6020309114403418e-06 0.001 4.3806783074005915e-05 0.0013996883326344905 0.00019747508164085794 0.008829351668035612 0.002358749231485896 0.024625352206484628 0.016282705367982663 0.019400318974108932 0.06859002053556325 0.021228427733407308 0.18025585194920038 0.011330672922163887 0.27810091858228947 0.02866250225964248 0.26016680256252817 0.021103436692935643 0.14439018756427943 0.014162347208911727 0.043375826447300335 0.018653511790595913 0.006234977791395572 0.024065649953411858 0.0 0.02088885179938025 0.0 0.005841714728029919 0.0 0.001 0.0 0.001 0.0 0.001 0.0 0.001 3.4086099055156465e-14 0.001 1.1018791214515999e-16 0.001 0.0 0.001 0.0 0.001 0.0 0.001 1
602 3.1295 117.387054 0.0 0.001 0.0 0.001 0.0 0.001 0.0 0.001 0.0 0.001 0.0 0.001 0.0 0.001 0.0 0.001 0.0 0.001 0.0 0.00191036309654907 0.00036818417434431863 0.012280271150830259 0.007956737370764284 0.029291472109954128 0.04099520796873967 0.02618499066772602 0.1392582646099196 0.02727010975515249 0.2946089918769339 0.03704426120614551 0.29957146494647957 0.035213028389236956 0.1494648037138167 0.02553913840676582 0.05123071399626321 0.0248483546744016 0.014652073963450023 0.03165217211690893 0.0018166647822479773 0.01378319678266881 7.615652535402765e-05 0.0021994372676488677 7.344307100213393e-07 0.001 1.64089066055784e-09 0.001 8.594828930586684e-14 0.001 0.0 0.001 0.0 0.001 0.0 0.001 0.0 0.001 0.0 0.001 0.0 0.001 1
603 11.2745 118.06032 0.0 0.001 0.0 0.001 0.0 0.001 0.0 0.001 0.0 0.001 0.0 0.001 0.0 0.001 0.0 0.001 0.0 0.001 0.0 0.0017611484824523738 0.0 0.012776038866381872 0.0 0.0329027015032552 0.009565345192302257 0.027097463016564436 0.14604808479232317 0.029173990705314068 0.3026887620732927 0.033179542778077636 0.3082462185769969 0.037889448823160504 0.18547274887344686 0.02237183152046633 0.04706810473451748 0.027462710754153435 0.0009107357571206523 0.032437114645602574 0.0 0.017039759436330442 0.0 0.00306178306049029 0.0 0.001 0.0 0.001 0.0 0.001 0.0 0.001 0.0 0.001 0.0 0.001 0.0 0.001 0.0 0.001 0.0 0.001 1
604 -90.1137 110.38649 0.0 0.001 0.0 0.001 0.0 0.001 0.0 0.001 0.0 0.001 0.0 0.001 0.0 0.001 0.0 0.001 0.0 0.001 0.0 0.007273943468483542 0.0037849058715556006 0.02946439928336725 0.045194410861154756 0.023341208422744154 0.14674608669893888 0.023876090036932113 0.2853734770829709 0.02451937684619085 0.3454553071731505 0.034289346439672574 0.16796900563985495 0.023565111434021485 0.005476806672374434 0.021577688108020455 0.0 0.03335868159375911 0.0 0.010663111910795213 0.0 0.0010004813615319202 0.0 0.001 0.0 0.001 0.0 0.001 0.0 0.001 0.0 0.001 0.0 0.001 0.0 0.001 0.0 0.001 0.0 0.001 0.0 0.001 1
605 -99.221 121.230995 0.0 0.001 0.0 0.001 0.0 0.001 0.0 0.001 2.189585257832588e-14 0.001 2.3753686565003107e-11 0.001 6.6338047715311985e-09 0.001 8.286822993600637e-07 0.001 1.6503382143539117e-05 0.0026717293130704093 0.0001452860542123693 0.016344600195368875 0.004692559777101187 0.03237427678058964 0.03563679458967703 0.02168576103480052 0.15238020236979224 0.02211631016876449 0.29794917334617665 0.028232938097165372 0.2896790672280007 0.028689344274685558 0.15344858260262986 0.021371505016148637 0.05187114312079341 0.021767945674725335 0.012814768956054509 0.030770666176014407 0.00127643606741351 0.015544826137942743 8.749231511964272e-05 0.002547691618187296 1.1496167598531215e-06 0.001 5.208668235715892e-09 0.001 2.5561972415696212e-11 0.001 1.545305317041035e-14 0.001 0.0 0.001 0.0 0.001 0.0 0.001 0.0 0.001 0.0 0.001 0.0 0.001 1
606 -93.8874 110.179016 0.0 0.001 0.0 0.001 0.0 0.001 0.0 0.001 1.5325424359549284e-16 0.001 8.378266713648535e-13 0.001 7.346000632860061e-10 0.001 3.081554770327557e-07 0.001 3.4558136992359754e-05 0.001 0.0010427413573621208 0.007159475075380355 0.009913604000791847 0.027204843716850884 0.03846389462681044 0.020828423946788167 0.1244756821228215 0.022113435009452016 0.3012572018937786 0.02486444388172354 0.31312807283627947 0.027646538574356727 0.14462843452024315 0.01967928105558596 0.0509708441109462 0.02088149606351666 0.014487836606484084 0.027540778142029834 0.0015401254737279397 0.008568848938562116 5.598061099877577e-05 0.001 7.125742650659107e-07 0.001 2.235561032979285e-09 0.001 2.0219421440584636e-12 0.001 4.56068693901695e-16 0.001 0.0 0.001 0.0 0.001 0.0 0.001 0.0 0.001 0.0 0.001 0.0 0.001 1
607 -98.4428 107.29319 0.0 0.001 0.0 0.001 0.0 0.001 0.0 0.001 0.0 0.001 0.0 0.001 1.323010773340008e-13 0.001 4.743219502941368e-10 0.001 3.369699598918203e-07 0.001 8.454976681559157e-05 0.007220084684460729 0.003838624272114233 0.028046418026273993 0.03483652070908625 0.027624710779951225 0.1383463953350672 0.02782612424453758 0.3200891176668903 0.03694125027785519 0.32480861654060156 0.03775823713711318 0.1420848165793975 0.027039920771728017 0.03186828132709318 0.02823542891317665 0.003931330950115406 0.027213640385530154 0.00011092881652516278 0.007430533278831282 4.802141316354904e-07 0.001 3.777476314506824e-10 0.001 2.8954019600839536e-17 0.001 0.0 0.001 0.0 0.001 0.0 0.001 0.0 0.001 0.0 0.001 0.0 0.001 0.0 0.001 0.0 0.001 1
608 -98.3313 122.71759 0.0 0.001 0.0 0.001 0.0 0.001 3.8554743124901904e-16 0.001 5.844396602545414e-13 0.001 4.29651870455166e-10 0.001 4.1481918205591275e-08 0.001 3.1443374266765516e-06 0.001 1.1554195538681553e-06 0.0028443939726364225 0.0 0.016753586484777132 0.0 0.02902873859468731 0.03532246989384461 0.019507132848298678 0.16032205075467473 0.017436589566972888 0.2957518030091618 0.025848309242705536 0.29425266015781565 0.02645119912032068 0.16486216497323347 0.016240187380982485 0.04514129755022162 0.020198372933998426 0.0043432119918400776 0.029846615631245133 0.0 0.017873676936421133 0.0 0.0032925704116726017 0.0 0.001 0.0 0.001 0.0 0.001 7.246503791419362e-14 0.001 0.0 0.001 0.0 0.001 0.0 0.001 0.0 0.001 0.0 0.001 0.0 0.001 1
609 -96.0854 123.41836 0.0 0.001 0.0 0.001 0.0 0.001 0.0 0.001 0.0 0.001 0.0 0.001 0.0 0.001 0.0 0.001 0.0 0.0025869392973800935 0.0 0.014695224627665569 0.0020544193449246423 0.02955567947002357 0.032376635281458094 0.019876885371776124 0.148028318928829 0.020903929857921305 0.29432573159469383 0.028969947500522814 0.28718499009556003 0.028069802994096116 0.1592676254953704 0.01717188474890048 0.058731230650060376 0.020296034064872275 0.01601471713291182 0.02717280363417704 0.001913319535800922 0.01639155645708224 0.00010189490356130568 0.0032197775705613916 1.11017461315743e-06 0.001 6.841033130808992e-09 0.001 2.1183335394033053e-11 0.001 1.0656980577166791e-16 0.001 0.0 0.001 0.0 0.001 0.0 0.001 0.0 0.001 0.0 0.001 0.0 0.001 1
610 -95.5733 122.24099 0.0 0.001 0.0 0.001 0.0 0.001 9.060184906707039e-16 0.001 1.0655081313834367e-12 0.001 4.4996212255976464e-10 0.001 1.257262359322701e-07 0.001 7.496281575040461e-06 0.001 0.00014770436578035137 0.0024080402829694007 0.0005969508543095804 0.01526124116700811 0.0025246334160025706 0.029659969314039074 0.022628773890672412 0.015901124327802253 0.13884653405581585 0.018560822787566905 0.3003994666778589 0.02631882311976455 0.27617997268604916 0.025855900665640696 0.15182798606936523 0.013918236918072438 0.07386826875975469 0.018884417413030607 0.027415207208012132 0.029337957500220214 0.005152945732465712 0.017402519466561815 0.0003914062592220001 0.0031103489282153394 1.2310040666463744e-05 0.001 2.1644453171479247e-07 0.001 1.0780530904829657e-09 0.001 2.599391938067057e-12 0.001 1.2804821931702825e-15 0.001 0.0 0.001 0.0 0.001 0.0 0.001 0.0 0.001 0.0 0.001 1
611 -84.1164 129.14946 0.0 0.001 0.0 0.001 0.0 0.001 0.0 0.001 0.0 0.001 0.0 0.001 0.0 0.001 0.0 0.001 3.6606758891911045e-05 0.0033601401037991795 0.0017619765405124074 0.015901713446461803 0.010001385487952784 0.025563717471147402 0.037331865026310265 0.01584461455890869 0.12466621131983731 0.015462487790628913 0.26679070272989663 0.020672000383221714 0.28164197491992227 0.02555901322392687 0.16053143076407192 0.011088069571918116 0.07554263403572091 0.01996999551192202 0.03318940272934111 0.02314329404363369 0.007692740647409894 0.021112278527844187 0.0007951910111976541 0.0059520821964101755 1.730195946816756e-05 0.001 5.719378422239102e-07 0.001 4.131624552783884e-09 0.001 0.0 0.001 0.0 0.001 0.0 0.001 0.0 0.001 0.0 0.001 0.0 0.001 0.0 0.001 1
612 -80.2206 141.5612 0.0 0.001 0.0 0.001 3.111614935267254e-15 0.001 1.7437210497742057e-13 0.001 0.0 0.001 6.44575406167501e-09 0.001 8.314859893278865e-07 0.001 0.0 0.0012012304722771145 0.0 0.00791452457939253 0.0 0.023119899924733 0.006368644777905954 0.021804005906902693 0.04544219110680985 0.01858525725633635 0.14256717718132098 0.011436699539058723 0.24798373292516032 0.019190170506023257 0.2693418696434059 0.027415261147669845 0.18672410335582612 0.007763629651116072 0.0779777095667467 0.021344599227695375 0.019111352098932458 0.014550038675183726 0.004055168537902538 0.026906920906962714 0.00033726043708682564 0.013116898517144007 8.511670508751118e-05 0.00267171489744788 4.640300016124078e-06 0.001 1.9210388492207868e-07 0.001 3.283640071567457e-09 0.001 4.393660627040024e-11 0.001 4.1475960539078413e-13 0.001 1.557000692888914e-15 0.001 0.0 0.001 0.0 0.001 0.0 0.001 1
613 -66.5114 137.22975 0.0 0.001 0.0 0.001 1.090713657533334e-16 0.001 4.57240766554515e-14 0.001 2.3780808565830955e-11 0.001 3.6045839422526193e-09 0.001 2.1065647962922403e-07 0.001 1.0699125055127692e-05 0.001 0.00020940620947702522 0.004330218497124041 0.00232282994754106 0.018030000745472424 0.009855853890385428 0.025317481856386097 0.039651513056511156 0.01671470532433543 0.12036281108721471 0.017069975223289305 0.2342034575501504 0.01834809031053755 0.28172014217020686 0.030712597447311335 0.20139326259409568 0.012603087147260383 0.08407375142162617 0.021351785004651447 0.02175495595195018 0.01679997313622866 0.003719866326177648 0.026770035701423944 0.0006466256123728196 0.012803952366269961 7.254915404912078e-05 0.00244583333304599 2.0251105429766017e-06 0.001 3.60864253733627e-08 0.001 4.2081155397561484e-10 0.001 5.159612935475577e-13 0.001 6.1046392882552835e-16 0.001 0.0 0.001 0.0 0.001 0.0 0.001 0.0 0.001 1
614 -54.8765 136.50555 0.0 100000.0 0.0 100000.0 0.0 100000.0 0.0 100000.0 0.0 100000.0 0.0 100000.0 0.0 100000.0 0.0 100000.0 0.0 100000.0 0.0 100000.0 0.0 100000.0 0.0 100000.0 0.0 100000.0 0.0 100000.0 0.0 100000.0 0.0 100000.0 0.0 100000.0 0.0 100000.0 0.0 100000.0 0.0 100000.0 0.0 100000.0 0.0 100000.0 0.0 100000.0 0.0 100000.0 0.0 100000.0 0.0 100000.0 0.0 100000.0 0.0 100000.0 0.0 100000.0 0.0 100000.0 0
615 -48.2821 123.68873 0.0 0.001 0.0 0.001 0.0 0.001 0.0 0.001 1.5115966788003426e-14 0.001 2.7869021354227115e-11 0.001 1.1533952386545134e-08 0.001 1.27952023391143e-06 0.001 7.163354663076334e-05 0.001 0.0013020173719726492 0.007760404943460598 0.009499375719481902 0.023875234381871883 0.03021259033757571 0.018032895175344905 0.07903306524008952 0.019941326567392354 0.2119443298252413 0.012371323922334115 0.31017978494580484 0.03225779137171339 0.2083838745034466 0.013058293054663425 0.0904372891814029 0.02229003491940658 0.04246166571485636 0.017083417603943597 0.014446405205958229 0.026209115337698166 0.0019144312616844372 0.00821751093004876 0.00010986089895672485 0.001 2.3603528965130615e-06 0.001 2.471257681190049e-08 0.001 9.916107814928308e-11 0.001 1.9298774101039205e-13 0.001 1.0527526234569527e-16 0.001 0.0 0.001 0.0 0.001 0.0 0.001 0.0 0.001 1
616 -37.1978 120.49621 0.0 0.001 0.0 0.001 0.0 0.001 0.0 0.001 0.0 0.001 0.0 0.001 0.0 0.001 0.0 0.001 2.524201474463979e-06 0.001 0.0002785610350340915 0.005311549635905627 0.003916377569232253 0.02308640819168576 0.01866656800072132 0.024483875318889847 0.06416863345569748 0.022191508309939677 0.1997846001721265 0.012360017714397362 0.32010808376888783 0.03319488391920741 0.22630341549735264 0.015006776743366479 0.10298409327060841 0.02143036911145383 0.04807607657183994 0.017642065759148964 0.014021399381877717 0.026737428314518644 0.0016292553842154976 0.008545354379394946 5.9667257549263e-05 0.001 7.426595009207485e-07 0.001 1.7713448185480833e-09 0.001 2.5357353393738484e-12 0.001 1.0441215323093982e-15 0.001 0.0 0.001 0.0 0.001 0.0 0.001 0.0 0.001 0.0 0.001 1
617 -18.8727 130.87135 0.0 0.001 0.0 0.001 0.0 0.001 0.0 0.001 0.0 0.001 0.0 0.001 0.0 0.001 0.0 0.001 0.0 0.0010257473794202492 0.0 0.007992159221494795 0.0 0.025630225519471236 0.003901807679448207 0.022707068334757267 0.07012161746584487 0.023527452192100496 0.19857050440709031 0.01230036566046823 0.28592370713030973 0.029585848459315472 0.2716400351589578 0.022214578573991395 0.1480635966583309 0.019111843159946892 0.02177873150001811 0.017706919469970515 0.0 0.03030549744352412 0.0 0.019853830826640075 0.0 0.004155721181951854 0.0 0.001 0.0 0.001 0.0 0.001 0.0 0.001 0.0 0.001 0.0 0.001 0.0 0.001 0.0 0.001 0.0 0.001 1
618 -17.5703 123.21896 0.0 0.001 0.0 0.001 0.0 0.001 0.0 0.001 0.0 0.001 0.0 0.001 0.0 0.001 0.0 0.001 0.0 0.001 0.0 0.0050655710196991464 0.0 0.02264301918109988 0.0 0.030607201052271212 0.04444142223132256 0.025064761634507278 0.20767247117260804 0.015890415542857556 0.3036748479303925 0.0339983753125023 0.2787971520922673 0.026228134507484263 0.1508334571004192 0.0231349419857229 0.01458064947299041 0.021400344442475412 0.0 0.03276786667497899 0.0 0.014706504063587221 0.0 0.0022982300597677893 0.0 0.001 0.0 0.001 0.0 0.001 0.0 0.001 0.0 0.001 0.0 0.001 0.0 0.001 0.0 0.001 0.0 0.001 1
