data/processed/NGC4621/gauss_hermite_kins_o.ecsv
# %ECSV 1.0
# ---
# datatype:
# - {name: vbin_id, datatype: int64}
# - {name: v, datatype: float64}
# - {name: dv, datatype: float32}
# - {name: sigma, datatype: float64}
# - {name: dsigma, datatype: float32}
# - {name: h3, datatype: float64}
# - {name: dh3, datatype: float32}
# - {name: h4, datatype: float64}
# - {name: dh4, datatype: float32}
# - {name: h5, datatype: float64}
# - {name: dh5, datatype: float32}
# - {name: h6, datatype: float64}
# - {name: dh6, datatype: float32}
# - {name: is_good, datatype: int64}
# - {name: n_gh, datatype: int64}
# meta: !!omap
# - PSF:
#     sigma: [0.36, 0.92]
#     weight: [0.76, 0.24]
# schema: astropy-2.0
vbin_id v dv sigma dsigma h3 dh3 h4 dh4 h5 dh5 h6 dh6 is_good n_gh
[from data line 284]
285 2.46932 4.2684 253.421 5.5904 -0.017443 0.019585615 0.00342997 0.02231079 0.0238371 0.1 -0.00433687 0.1 1 6
286 23.5664 5.3176 249.13 5.7008 -0.0345124 0.01947846 -0.0109153 0.027551489 0.0248731 0.1 0.00255266 0.1 1 6
287 10.6731 4.7273 251.206 5.8978 -0.0244282 0.018972915 -0.000543627 0.020448312 0.0240325 0.1 -0.00335853 0.1 1 6
288 4.22853 4.1593 252.931 5.5882 0.00634133 0.018550247 0.0294984 0.025045544 -0.00247692 0.1 -0.0158846 0.1 1 6
289 32.3999 5.1314 232.708 6.8753 -0.0216831 0.02263328 -0.0043325 0.025136905 -0.0027705 0.1 0.0007384 0.1 1 6
290 33.8638 3.967 245.002 4.9942 -0.0351463 0.019859541 -0.0211666 0.022038624 0.0188798 0.1 0.0104347 0.1 1 6
291 -5.95219 4.1766 251.766 5.2131 -0.00705388 0.015474661 0.0253294 0.018508742 0.00691077 0.1 -0.0129944 0.1 1 6
292 -4.7862 4.4505 254.156 5.7623 -0.00616366 0.01741606 0.0293574 0.025099736 0.0035826 0.1 -0.0161212 0.1 1 6
293 -4.91355 3.5731 249.766 4.7119 -0.00802811 0.01765163 0.0195156 0.0201765 0.00999293 0.1 -0.00966711 0.1 1 6
294 -2.48877 3.9828 255.223 6.8227 -0.00419998 0.02070549 0.0315141 0.0268632 0.00102394 0.1 -0.0176238 0.1 1 6
295 18.5092 4.156 249.327 5.0602 -0.0305586 0.02102209 -0.00537124 0.020713523 0.0236924 0.1 -0.000769366 0.1 1 6
296 22.5684 6.1239 213.046 14.1663 -0.0190611 0.048737843 0.025559 0.04628821 -0.0059427 0.1 -0.014782 0.1 1 6
297 29.4734 4.7928 247.681 5.5894 -0.0362252 0.02263825 -0.0184336 0.02440416 0.023187 0.1 0.00784956 0.1 1 6
298 -1.00331 3.5711 248.281 4.9292 -0.0104504 0.016281838 0.0135587 0.018576328 0.0121 0.1 -0.00741282 0.1 1 6
299 -0.253561 4.0879 254.081 5.8454 -0.000652746 0.017991103 0.0315837 0.023044689 1.51051e-05 0.1 -0.0170647 0.1 1 6
300 3.29266 3.6588 246.668 7.1 0.00771674 0.015072934 0.0260361 0.024498953 0.00021279 0.1 -0.0122528 0.1 1 6
301 5.31067 4.2269 247.135 4.325 -0.0150745 0.01970641 0.00835413 0.019559028 0.0130863 0.1 -0.00564585 0.1 1 6
302 -2.46737 4.0516 242.189 5.5736 0.00898155 0.022734636 0.0168304 0.025197152 -0.00130266 0.1 -0.00810219 0.1 1 6
303 25.0671 5.359 248.149 5.435 -0.0342027 0.025891572 -0.0127497 0.02637567 0.0230736 0.1 0.00417365 0.1 1 6
304 28.0423 5.2265 228.787 6.7959 -0.0147918 0.02464745 0.00230914 0.031868488 -0.0112367 0.1 -0.00746705 0.1 1 6
305 38.555 4.6278 243.25 5.0937 -0.037839 0.01827968 -0.0238656 0.020853324 0.0191987 0.1 0.0119287 0.1 1 6
306 37.3679 5.5692 235.386 7.9533 -0.0294282 0.03135304 -0.0118722 0.042292047 0.00595347 0.1 0.00516784 0.1 1 6
307 1.09447 4.3655 250.613 8.119 0.00350123 0.021382315 0.0307754 0.030623132 0.0011102 0.1 -0.0153162 0.1 1 6
308 12.6671 4.2916 246.037 5.8896 -0.0204622 0.021588083 0.00336186 0.02424965 0.0136109 0.1 -0.00360994 0.1 1 6
309 24.8746 6.4891 223.418 12.1031 -0.0130339 0.03767724 0.0109781 0.07864636 -0.012723 0.1 -0.012589 0.1 1 6
310 0.478081 5.0948 241.856 7.3064 0.00752313 0.01997015 0.0227489 0.028527064 0.00423054 0.1 -0.00982716 0.1 1 6
311 31.1336 4.4394 247.644 5.164 -0.0370671 0.022137381 -0.0206228 0.020093407 0.0235416 0.1 0.00918885 0.1 1 6
312 1.2584 4.3206 246.13 5.7414 0.00665932 0.022241848 0.0283184 0.024564352 0.00421539 0.1 -0.0127128 0.1 1 6
313 19.9636 3.9241 245.335 6.3503 -0.02566 0.02606642 -0.00317115 0.024478229 0.0145354 0.1 0.000155643 0.1 1 6
314 -1.94344 4.9959 243.955 7.2139 -0.00775688 0.024245584 0.0250444 0.0296892 -0.0030984 0.1 -0.0111608 0.1 1 6
315 -1.64394 3.8816 245.47 7.8148 -0.00731875 0.022280183 0.0273808 0.04110409 -0.00416705 0.1 -0.0120844 0.1 1 6
316 -0.618743 4.0559 242.677 6.6546 -0.00777548 0.02424769 0.021366 0.02777678 -0.00148695 0.1 -0.00958987 0.1 1 6
317 -0.726675 3.7332 246.153 5.4388 -0.00553648 0.017825592 0.0285308 0.025289437 -0.00390974 0.1 -0.0126623 0.1 1 6
318 2.72079 4.482 241.611 6.5314 -0.00843677 0.020997936 0.0177491 0.026872873 -0.000348299 0.1 -0.00848508 0.1 1 6
319 -16.1156 4.3424 239.897 6.2076 0.015773 0.017893253 0.00603559 0.025898887 -0.00113558 0.1 -0.00291501 0.1 1 6
320 41.8842 5.6675 238.572 7.8005 -0.0384792 0.030888382 -0.019832 0.030133303 0.0157215 0.1 0.00903688 0.1 1 6
321 -8.36861 5.1088 238.795 7.2383 0.00941423 0.020351144 0.0148563 0.02566153 0.00414901 0.1 -0.00680054 0.1 1 6
322 -24.6964 4.1032 241.566 5.5293 0.0239191 0.021235833 -0.00511338 0.032099314 -0.00728378 0.1 0.00254818 0.1 1 6
323 -0.166734 4.08 245.635 5.1344 -0.00196424 0.016472297 0.0281108 0.019468606 -0.00154721 0.1 -0.0121426 0.1 1 6
324 7.98608 4.662 240.867 7.5361 -0.0112129 0.02364305 0.0126132 0.031095032 0.000646132 0.1 -0.00624892 0.1 1 6
325 0.13678 4.3229 241.808 6.1896 0.00732512 0.020926736 0.025401 0.02677153 0.00825869 0.1 -0.0103988 0.1 1 6
326 26.3003 4.674 245.089 5.6699 -0.030019 0.023470784 -0.0111508 0.028457247 0.0160412 0.1 0.00479212 0.1 1 6
327 -3.41704 5.1843 238.353 5.9271 0.00693885 0.022963988 0.0203367 0.025284005 0.00837071 0.1 -0.00848427 0.1 1 6
328 37.2663 4.7067 246.002 7.5092 -0.0398853 0.023370355 -0.0265038 0.04226158 0.0236122 0.1 0.0133488 0.1 1 6
329 0.0302242 4.8268 243.63 6.404 0.00238742 0.01903829 0.0268056 0.023731321 0.00247299 0.1 -0.0110034 0.1 1 6
330 14.3853 4.3327 240.346 6.5825 -0.0150352 0.025074165 0.00756176 0.02976361 0.00178091 0.1 -0.00372266 0.1 1 6
331 30.4889 5.0032 226.643 9.4957 -0.0145215 0.027714625 0.000920438 0.031183705 -0.0151675 0.1 -0.00874431 0.1 1 6
332 36.7866 5.0923 232.631 6.4178 -0.0272299 0.029373134 -0.00869751 0.034820195 0.0007423 0.1 0.000997947 0.1 1 6
333 26.6783 6.5416 216.225 8.0189 -0.0150753 0.04872261 0.0177529 0.041358616 -0.0120147 0.1 -0.0146346 0.1 1 6
334 32.5333 5.0226 243.218 5.3468 -0.0320674 0.019217057 -0.0172093 0.024989156 0.0149279 0.1 0.00870416 0.1 1 6
335 20.8465 4.6709 240.327 6.8843 -0.0196738 0.027543906 0.00043459 0.029152578 0.00366001 0.1 9.54868e-05 0.1 1 6
336 45.7558 6.1726 241.055 6.6926 -0.0463865 0.02966103 -0.0256996 0.028835976 0.0248142 0.1 0.0115876 0.1 1 6
337 -32.6174 5.519 243.558 6.7219 0.0321464 0.025188135 -0.0177866 0.035288364 -0.0152435 0.1 0.00906707 0.1 1 6
338 -1.69358 4.1992 238.4 6.5402 0.0069172 0.022618422 0.0232526 0.028806522 0.0122706 0.1 -0.00921031 0.1 1 6
339 42.3753 5.0172 245.07 6.7799 -0.0445649 0.024223682 -0.030177 0.030146617 0.026866 0.1 0.0147874 0.1 1 6
340 1.58681 4.9097 238.715 5.9145 -0.00711317 0.022937763 0.0232493 0.028356712 -0.0114605 0.1 -0.00920003 0.1 1 6
341 -0.660417 4.3277 240.983 5.5578 0.00514708 0.021942534 0.0251213 0.024222786 0.00754005 0.1 -0.00995768 0.1 1 6
342 2.98209 4.3342 237.582 7.622 -0.00666211 0.021019567 0.0218642 0.031771246 -0.0113171 0.1 -0.00884353 0.1 1 6
343 1.04395 3.9665 239.611 6.779 -0.00719181 0.02420946 0.0242635 0.034644846 -0.0110135 0.1 -0.00935999 0.1 1 6
344 5.96337 4.175 236.734 5.5652 -0.00687845 0.020777736 0.0194471 0.02326413 -0.0105376 0.1 -0.00832266 0.1 1 6
345 0.774582 5.2775 240.123 6.6918 -0.00547416 0.025529435 0.024786 0.030959982 -0.00873631 0.1 -0.00965517 0.1 1 6
346 27.1325 4.6115 240.517 6.1701 -0.0244266 0.02474663 -0.00706762 0.028877728 0.00662681 0.1 0.00411239 0.1 1 6
347 10.1307 4.5394 236.132 5.8156 -0.00806534 0.022621345 0.0161047 0.02774358 -0.00972358 0.1 -0.00704765 0.1 1 6
348 -13.8591 5.351 235.934 8.1522 0.0100933 0.023259545 0.0124944 0.037641946 0.00829597 0.1 -0.00504003 0.1 1 6
349 -7.65593 4.8343 235.476 10.1057 0.00667065 0.034043394 0.019105 0.041044872 0.0121779 0.1 -0.00818951 0.1 1 6
350 -20.1651 5.0801 235.652 6.5323 0.0139003 0.022450687 0.00622754 0.034188375 0.00650435 0.1 -0.00189948 0.1 1 6
351 0.407876 4.3242 239.675 6.5578 -0.00267705 0.02277271 0.0248711 0.029954769 -0.00401645 0.1 -0.00947268 0.1 1 6
352 -1.50101 5.1831 238.298 6.2037 0.00656882 0.023259757 0.0235977 0.025516108 0.0121802 0.1 -0.00905005 0.1 1 6
353 15.2847 3.6466 235.577 5.7479 -0.0105368 0.01783462 0.0112084 0.026912749 -0.00852501 0.1 -0.0046481 0.1 1 6
354 -4.3772 4.8916 235.505 7.7477 0.00622879 0.029391022 0.0218865 0.032817673 0.0148378 0.1 -0.00895493 0.1 1 6
355 -28.0302 4.3793 237.519 6.4841 0.0217572 0.021186488 -0.00476396 0.030608123 -0.000943913 0.1 0.00359925 0.1 1 6
356 -0.268162 4.7425 238.477 6.1584 0.00101859 0.023486042 0.0240981 0.025043525 0.00170823 0.1 -0.00932652 0.1 1 6
357 37.1023 5.0405 231.084 6.345 -0.0249176 0.022332508 -0.00792733 0.027961798 -0.00458637 0.1 -0.0011805 0.1 1 6
358 48.5249 5.37 242.256 6.5242 -0.0520533 0.02561723 -0.0289607 0.03224313 0.0302828 0.1 0.0128042 0.1 1 6
359 20.7752 6.0151 233.931 10.4504 -0.0129471 0.03211293 0.00750242 0.04919399 -0.00915095 0.1 -0.00233751 0.1 1 6
360 47.6167 6.4246 236.176 6.3014 -0.0459264 0.028910693 -0.0194065 0.03428671 0.0188206 0.1 0.00771064 0.1 1 6
361 -2.80052 5.0208 235.877 6.5671 0.00638636 0.026344528 0.0223525 0.033357024 0.0154792 0.1 -0.00850107 0.1 1 6
362 -49.8546 4.2767 241.585 4.5028 0.0538663 0.017929612 -0.0285351 0.018161757 -0.0311137 0.1 0.0123111 0.1 1 6
363 -0.920845 5.1732 237.016 7.8764 0.00332014 0.02925294 0.0230885 0.032096263 0.00775093 0.1 -0.00881538 0.1 1 6
364 3.33202 4.57 235.299 6.9567 -0.00621722 0.023746341 0.0219917 0.02887219 -0.0163363 0.1 -0.00864643 0.1 1 6
365 5.03486 4.468 234.509 6.8929 -0.00584615 0.023275563 0.0218056 0.024594076 -0.0170468 0.1 -0.00894328 0.1 1 6
366 2.30731 4.7027 235.908 10.9388 -0.00624566 0.030378954 0.022018 0.038665242 -0.0147803 0.1 -0.00854719 0.1 1 6
367 -13.7674 4.4332 232.254 5.6864 0.00753569 0.023840893 0.0168239 0.024508914 0.0154857 0.1 -0.00725865 0.1 1 6
368 -35.4705 3.5939 239.676 4.0573 0.0306598 0.017587064 -0.0160205 0.021117669 -0.0101656 0.1 0.00853998 0.1 1 6
369 9.42331 4.21 233.0 4.4608 -0.00627654 0.019133382 0.020056 0.01930713 -0.0166122 0.1 -0.00876917 0.1 1 6
370 1.44674 4.6832 236.133 6.217 -0.00480615 0.020525549 0.0224724 0.027407214 -0.0114067 0.1 -0.0090496 0.1 1 6
371 -6.67853 4.2971 232.713 9.7766 0.00563947 0.02981135 0.0220375 0.041261695 0.0183373 0.1 -0.00957496 0.1 1 6
372 29.1199 4.0373 236.416 5.769 -0.0211914 0.018834213 -0.00487884 0.025776882 -0.000441221 0.1 0.00374632 0.1 1 6
373 40.2301 5.2736 241.627 7.9274 -0.0383226 0.024815317 -0.0229965 0.038709145 0.0183902 0.1 0.0117049 0.1 1 6
374 0.636232 5.0076 235.702 10.1254 -0.0026831 0.03194482 0.0224993 0.061514206 -0.00639851 0.1 -0.00951198 0.1 1 6
375 -1.65864 4.4994 235.552 6.1503 0.00497643 0.021635741 0.0221161 0.026948862 0.0126502 0.1 -0.00868607 0.1 1 6
376 -48.4561 4.9519 242.217 6.1501 0.051834 0.024937086 -0.0289422 0.026378853 -0.0302569 0.1 0.0128857 0.1 1 6
377 -3.75869 4.663 233.322 6.3007 0.00574427 0.024604134 0.021951 0.03174861 0.0175752 0.1 -0.0095055 0.1 1 6
378 15.2658 4.7769 230.99 7.4059 -0.00825191 0.021918954 0.016641 0.032689624 -0.0163768 0.1 -0.00711958 0.1 1 6
379 0.0213766 4.8373 234.9 8.6206 0.000247397 0.024385463 0.0222742 0.04311832 -0.000255613 0.1 -0.00955315 0.1 1 6
380 49.8733 5.2802 241.622 7.1865 -0.0538009 0.024640677 -0.0288587 0.033554476 0.0313372 0.1 0.0126677 0.1 1 6
381 -45.7057 4.2185 240.999 6.2667 0.0462784 0.024121333 -0.0255809 0.029226054 -0.0246256 0.1 0.0118796 0.1 1 6
382 -1.81003 4.0895 233.115 6.7211 0.0048129 0.022135865 0.0213953 0.028250163 0.0151825 0.1 -0.00954111 0.1 1 6
383 -47.9013 4.8538 233.396 7.6395 0.0431046 0.03275467 -0.0162726 0.037579466 -0.0115099 0.1 0.00581557 0.1 1 6
384 -11.5962 5.6205 230.602 6.9529 0.00683787 0.02725209 0.0203027 0.030295426 0.0187701 0.1 -0.00920994 0.1 1 6
385 -0.597965 4.2403 233.441 7.2177 0.00254124 0.02489331 0.0216783 0.0321383 0.00862418 0.1 -0.0101922 0.1 1 6
386 -20.7016 4.2068 230.892 6.6729 0.0111331 0.020589847 0.0109722 0.03131541 0.0136236 0.1 -0.00409916 0.1 1 6
387 3.24772 4.6713 232.084 7.524 -0.0058396 0.023326933 0.0217668 0.04279115 -0.0171371 0.1 -0.00980857 0.1 1 6
388 1.66799 4.9779 232.354 9.531 -0.00470346 0.025562473 0.0214509 0.045332473 -0.0152858 0.1 -0.00990688 0.1 1 6
389 5.26142 4.4352 231.38 5.5135 -0.00617193 0.020414963 0.0228801 0.030189486 -0.01852 0.1 -0.0105876 0.1 1 6
390 0.640407 4.3662 232.125 6.5896 -0.00339953 0.020626618 0.0214051 0.028449822 -0.0124221 0.1 -0.0104171 0.1 1 6
391 7.96093 3.6103 230.502 5.4061 -0.00654957 0.023858264 0.022938 0.023145933 -0.0191192 0.1 -0.0107084 0.1 1 6
392 27.3609 5.0177 232.628 8.6218 -0.0167289 0.025172189 0.00159423 0.042395767 -0.00717361 0.1 0.000120582 0.1 1 6
393 35.1905 5.4896 235.671 8.0869 -0.027009 0.025943404 -0.0106592 0.0392502 0.00380571 0.1 0.00542381 0.1 1 6
394 49.5115 6.4119 234.024 7.4227 -0.0464152 0.029331021 -0.0173918 0.031330526 0.0147654 0.1 0.00650915 0.1 1 6
395 11.1631 5.4945 229.58 8.3177 -0.00729777 0.02784605 0.0219615 0.03535532 -0.0188951 0.1 -0.0105597 0.1 1 6
396 0.0852517 3.9308 231.634 5.9442 -0.00201226 0.018694738 0.0217735 0.024190916 -0.00775869 0.1 -0.0114303 0.1 1 6
397 31.8123 5.0092 220.531 8.1386 -0.0150612 0.0329229 0.00682929 0.044190016 -0.0178201 0.1 -0.0115248 0.1 1 6
398 -27.472 4.3517 232.577 6.3282 0.0169285 0.02012412 0.00137713 0.02262478 0.00745861 0.1 0.000138811 0.1 1 6
399 -41.8886 3.6934 238.449 5.159 0.038503 0.020010564 -0.0197617 0.022381183 -0.015771 0.1 0.00910873 0.1 1 6
400 0.0127021 4.7144 231.128 8.6223 -0.000514174 0.033359993 0.0216416 0.035946492 -0.0025557 0.1 -0.0120305 0.1 1 6
401 49.5637 4.7595 239.483 6.7959 -0.0513878 0.029312653 -0.0250683 0.031136766 0.0271852 0.1 0.0107894 0.1 1 6
402 55.3485 6.0668 237.544 7.4101 -0.0600448 0.030565113 -0.0237595 0.041900557 0.0310052 0.1 0.00955413 0.1 1 6
403 44.2612 5.7559 231.116 6.4805 -0.0333737 0.029149728 -0.0125597 0.030843824 -0.00106639 0.1 0.00246971 0.1 1 6
404 39.3768 5.2019 236.189 7.5156 -0.0328723 0.026777714 -0.0146937 0.038130548 0.008956 0.1 0.00624835 0.1 1 6
405 17.1644 4.6287 228.552 8.1512 -0.00959452 0.028178958 0.0167635 0.043986753 -0.0170251 0.1 -0.00798717 0.1 1 6
406 36.834 5.5829 227.311 8.232 -0.0198284 0.02642248 -0.00511721 0.027550625 -0.0158567 0.1 -0.00470149 0.1 1 6
407 0.11642 4.6732 230.274 10.2505 0.000686898 0.025038015 0.0216126 0.03711441 0.00318092 0.1 -0.0124958 0.1 1 6
408 -9.71129 5.0291 229.541 7.1651 0.00746949 0.03046817 0.0228422 0.03485156 0.0190787 0.1 -0.0110886 0.1 1 6
409 24.9238 5.7933 229.902 8.8215 -0.0136122 0.03498887 0.00738745 0.033754915 -0.011891 0.1 -0.00404737 0.1 1 6
410 -3.82439 5.3234 230.352 10.8573 0.0063898 0.033823267 0.0230721 0.07636672 0.016929 0.1 -0.0112472 0.1 1 6
411 -37.2349 3.9646 235.452 5.1109 0.0293363 0.020017462 -0.0121218 0.024875501 -0.00577893 0.1 0.0053018 0.1 1 6
412 0.216621 4.9221 229.607 5.9157 0.00166171 0.024482042 0.0212762 0.027794773 0.00796677 0.1 -0.0127168 0.1 1 6
413 -1.23799 4.9402 229.813 7.086 0.00522186 0.026390828 0.0218414 0.031382807 0.0143433 0.1 -0.0113021 0.1 1 6
414 47.3619 5.3774 236.827 7.7685 -0.0458153 0.027290706 -0.019901 0.03410442 0.0196161 0.1 0.0082273 0.1 1 6
415 58.7613 5.2306 234.741 6.0138 -0.0624701 0.029859278 -0.020741 0.028403446 0.0277378 0.1 0.00903049 0.1 1 6
416 56.8449 5.638 231.85 7.5435 -0.0536956 0.027888766 -0.0177271 0.030347697 0.0145077 0.1 0.00860278 0.1 1 6
417 0.0841906 4.8545 228.813 7.3633 0.00309103 0.02260847 0.0209125 0.0346353 0.0109103 0.1 -0.0125476 0.1 1 6
418 -7.77549 4.4826 228.602 5.7875 0.00906506 0.020000625 0.0234479 0.022001222 0.0169914 0.1 -0.011489 0.1 1 6
419 -14.7202 5.4519 227.901 8.0405 0.00937872 0.02663361 0.0196086 0.035380766 0.0172248 0.1 -0.00936893 0.1 1 6
420 -32.4036 4.0497 232.464 5.5285 0.0215499 0.023768097 -0.00399754 0.025967777 0.00320685 0.1 0.000883091 0.1 1 6
421 28.6766 4.0999 230.35 5.536 -0.0166129 0.02629534 0.000995325 0.0218113 -0.00829551 0.1 -0.00350729 0.1 1 6
422 1.79092 4.0281 228.845 6.7278 -0.00640491 0.023137469 0.0222515 0.030383319 -0.0139401 0.1 -0.0117526 0.1 1 6
423 6.26407 4.2378 228.03 6.2684 -0.00936852 0.025032869 0.024564 0.03221267 -0.0157427 0.1 -0.0121165 0.1 1 6
424 58.559 5.0542 234.982 7.7992 -0.062417 0.02749914 -0.0208293 0.03551988 0.0278356 0.1 0.00885145 0.1 1 6
425 22.5408 5.0587 227.89 8.133 -0.0121419 0.028280582 0.0107841 0.03254993 -0.013118 0.1 -0.00757728 0.1 1 6
