data/processed/NGC4621/gauss_hermite_kins_o.ecsv
# %ECSV 1.0
# ---
# datatype:
# - {name: vbin_id, datatype: int64}
# - {name: v, datatype: float64}
# - {name: dv, datatype: float32}
# - {name: sigma, datatype: float64}
# - {name: dsigma, datatype: float32}
# - {name: h3, datatype: float64}
# - {name: dh3, datatype: float32}
# - {name: h4, datatype: float64}
# - {name: dh4, datatype: float32}
# - {name: h5, datatype: float64}
# - {name: dh5, datatype: float32}
# - {name: h6, datatype: float64}
# - {name: dh6, datatype: float32}
# - {name: is_good, datatype: int64}
# - {name: n_gh, datatype: int64}
# meta: !!omap
# - PSF:
#     sigma: [0.36, 0.92]
#     weight: [0.76, 0.24]
# schema: astropy-2.0
vbin_id v dv sigma dsigma h3 dh3 h4 dh4 h5 dh5 h6 dh6 is_good n_gh
[from data line 568]
569 63.3159 5.1042 227.955 5.3854 -0.0514016 0.023297727 -0.0202135 0.02640046 0.000521981 0.1 0.0134827 0.1 1 6
570 3.14367 6.581 214.131 7.1959 -0.0115171 0.035028283 0.00807868 0.04065281 -0.0012617 0.1 -0.00859573 0.1 1 6
571 10.2584 6.9052 212.269 8.3762 -0.022785 0.040927872 0.0215136 0.05069398 0.00139563 0.1 -0.0110722 0.1 1 6
572 71.1084 4.7706 227.894 6.2131 -0.0613167 0.0256018 -0.022805 0.02662053 0.00752481 0.1 0.0182638 0.1 1 6
573 22.5383 4.7426 207.918 5.9614 -0.0196484 0.02666134 0.0290736 0.030345086 -0.00562397 0.1 -0.0130237 0.1 1 6
574 -69.209 4.4327 227.823 6.8054 0.0590689 0.025869375 -0.0220179 0.03264085 -0.00570635 0.1 0.0167984 0.1 1 6
575 14.4721 4.3214 209.259 8.3393 -0.0244519 0.028462846 0.0277314 0.039814122 0.00113163 0.1 -0.0102709 0.1 1 6
576 54.9576 4.9061 225.963 6.1352 -0.040123 0.031771667 -0.0165987 0.033433452 -0.00894048 0.1 0.00756315 0.1 1 6
577 37.3497 5.2896 217.453 8.3271 -0.019104 0.031146027 0.00326332 0.033643283 -0.0190488 0.1 -0.00691946 0.1 1 6
578 9.45078 7.3683 211.577 9.7866 -0.0190415 0.041645985 0.0155419 0.046829168 -0.00102103 0.1 -0.00932814 0.1 1 6
579 6.11862 4.646 210.591 6.6215 -0.0136195 0.023048256 0.00966886 0.031518906 -0.00231315 0.1 -0.00615536 0.1 1 6
580 30.258 6.4015 210.409 11.5321 -0.0154255 0.03596548 0.0194915 0.059805047 -0.013444 0.1 -0.0126498 0.1 1 6
581 26.365 6.9995 206.544 12.3072 -0.0168516 0.04310151 0.025625 0.050932914 -0.00912374 0.1 -0.0107797 0.1 1 6
582 12.9664 6.5661 209.845 11.8305 -0.0209149 0.03828526 0.0216799 0.05589518 -0.00191179 0.1 -0.00740563 0.1 1 6
583 19.0936 6.6164 206.515 12.8173 -0.0207062 0.043968394 0.0277754 0.048326027 -0.00297814 0.1 -0.00841843 0.1 1 6
584 47.584 4.4606 222.218 9.4871 -0.0311047 0.03211138 -0.0106686 0.035630204 -0.0162228 0.1 0.00276506 0.1 1 6
585 -1.85273 5.7727 210.127 10.469 0.00886286 0.03406493 0.0112248 0.045945756 0.0016248 0.1 -0.00856488 0.1 1 6
586 -6.59348 7.0001 208.1 7.8223 0.0122175 0.035631835 0.0116292 0.039337415 0.00457062 0.1 -0.00551454 0.1 1 6
587 -0.0807172 6.0338 209.56 8.1719 0.00132751 0.0416163 0.0158954 0.043430775 2.97774e-05 0.1 -0.0113552 0.1 1 6
588 1.61475 5.8054 208.877 6.6647 -0.00783415 0.033882603 0.0124398 0.04187644 -0.00197009 0.1 -0.00818695 0.1 1 6
589 74.8503 4.9232 227.484 5.8561 -0.0654984 0.026852027 -0.0227756 0.029261677 0.00965929 0.1 0.0184548 0.1 1 6
590 65.9882 5.132 226.713 8.0571 -0.0539681 0.02650055 -0.0195942 0.033638533 0.00132285 0.1 0.0117211 0.1 1 6
591 34.5783 7.1302 211.788 14.9456 -0.0172663 0.059195764 0.0109731 0.0514872 -0.0145394 0.1 -0.00801888 0.1 1 6
592 43.5921 6.0523 219.106 8.6928 -0.0263135 0.03505082 -0.00564036 0.046571106 -0.0173577 0.1 7.89811e-05 0.1 1 6
593 77.1632 5.9103 227.045 9.5039 -0.0682844 0.03614976 -0.020154 0.047221012 0.00975209 0.1 0.0149255 0.1 1 6
594 55.9417 5.1842 223.862 6.133 -0.0415144 0.031879134 -0.0145978 0.033175785 -0.00896521 0.1 0.00567598 0.1 1 6
595 11.5102 5.68 207.79 8.0281 -0.0145195 0.039987966 0.015642 0.035560932 -0.00760763 0.1 -0.0063629 0.1 1 6
596 67.2079 6.1699 225.727 7.5115 -0.0556794 0.025366928 -0.0164032 0.035621926 0.000844703 0.1 0.00701452 0.1 1 6
597 -58.0518 4.5632 226.178 6.4695 0.0437515 0.029737083 -0.0173882 0.03578309 0.00614026 0.1 0.00860915 0.1 1 6
598 41.8003 6.1371 215.268 7.2736 -0.0239594 0.037834574 -0.000274167 0.039196577 -0.0142432 0.1 -0.00165481 0.1 1 6
599 76.2051 5.7982 227.056 7.5159 -0.0672658 0.034196604 -0.0185522 0.03672629 0.00881255 0.1 0.0116336 0.1 1 6
600 49.4401 5.9284 220.056 13.7336 -0.0337532 0.043772932 -0.00994765 0.056441236 -0.0138725 0.1 0.00390267 0.1 1 6
601 6.38326 4.6247 204.228 6.5028 -0.00837197 0.027804872 0.0150442 0.035304528 -0.00879395 0.1 -0.00691741 0.1 1 6
602 -0.0997548 6.5644 205.59 13.8674 0.00178927 0.050864615 0.0171956 0.055010226 0.000544404 0.1 -0.00942483 0.1 1 6
603 -1.94175 6.5524 203.441 13.1543 0.00560331 0.04977332 0.0145428 0.07570565 0.0052992 0.1 -0.0075939 0.1 1 6
604 0.795469 7.4048 204.067 15.8319 -0.00460963 0.06438705 0.0154742 0.08983398 -0.00342439 0.1 -0.00867746 0.1 1 6
605 -74.3061 5.244 227.758 5.5013 0.0652797 0.029262366 -0.0236713 0.028546652 -0.010032 0.1 0.0196434 0.1 1 6
606 -67.3406 5.3674 226.581 5.8519 0.0557745 0.024951579 -0.0197391 0.02596498 -0.00252533 0.1 0.0124855 0.1 1 6
607 -75.1821 5.8012 227.335 7.4522 0.0655451 0.029335855 -0.0221769 0.03337862 -0.0093849 0.1 0.0175473 0.1 1 6
608 -51.955 5.2413 222.84 7.11 0.0365357 0.035669107 -0.0129505 0.045071147 0.0127739 0.1 0.00465554 0.1 1 6
609 56.8671 7.399 221.791 8.0978 -0.0412463 0.029955588 -0.0119905 0.031459875 -0.0101211 0.1 0.00328479 0.1 1 6
610 50.1738 6.6838 217.912 5.9809 -0.0333494 0.04120649 -0.00732076 0.03789748 -0.0129298 0.1 0.00193127 0.1 1 6
611 65.4999 4.3725 224.027 6.5845 -0.0512933 0.025185762 -0.0123898 0.03177913 -0.00301824 0.1 0.00180101 0.1 1 6
612 -0.0402211 7.7895 202.17 31.9988 -0.000563861 0.0890665 0.0151194 0.08320275 -0.00050695 0.1 -0.0105809 0.1 1 6
613 73.8632 5.3727 224.822 8.8315 -0.0616215 0.036229085 -0.0108502 0.049519125 0.0018907 0.1 1.00736e-05 0.1 1 6
614 3.96257 5.475 203.771 15.2092 -0.0067047 0.03987985 0.0142024 0.060072955 -0.00711361 0.1 -0.00655688 0.1 1 6
615 0.280203 6.7716 204.442 9.8902 -0.00260239 0.038147885 0.0166631 0.044605006 -0.00139027 0.1 -0.00927529 0.1 1 6
616 -60.9444 5.9894 223.922 8.559 0.0469344 0.0365034 -0.01449 0.050314754 0.00551698 0.1 0.00496868 0.1 1 6
617 -73.6859 5.1335 226.283 5.6344 0.0638626 0.02560076 -0.0170093 0.028707871 -0.00580149 0.1 0.00926543 0.1 1 6
618 57.7155 6.1288 220.334 7.4369 -0.0400626 0.0335278 -0.00778019 0.03461632 -0.0114564 0.1 -0.000892303 0.1 1 6
