data/processed/NGC4621/gauss_hermite_kins_o.ecsv
# %ECSV 1.0
# ---
# datatype:
# - {name: vbin_id, datatype: int64}
# - {name: v, datatype: float64}
# - {name: dv, datatype: float32}
# - {name: sigma, datatype: float64}
# - {name: dsigma, datatype: float32}
# - {name: h3, datatype: float64}
# - {name: dh3, datatype: float32}
# - {name: h4, datatype: float64}
# - {name: dh4, datatype: float32}
# - {name: h5, datatype: float64}
# - {name: dh5, datatype: float32}
# - {name: h6, datatype: float64}
# - {name: dh6, datatype: float32}
# - {name: is_good, datatype: int64}
# - {name: n_gh, datatype: int64}
# meta: !!omap
# - PSF:
#     sigma: [0.36, 0.92]
#     weight: [0.76, 0.24]
# schema: astropy-2.0
vbin_id v dv sigma dsigma h3 dh3 h4 dh4 h5 dh5 h6 dh6 is_good n_gh
1 -0.00420854 3.9083 288.035 5.2225 -8.87229e-07 0.014119802 0.019435 0.016334279 2.50403e-05 0.1 -0.0215313 0.1 1 6
2 1.56992 4.8005 285.295 5.4771 -0.000709607 0.012519468 0.0214746 0.014809116 -0.00161074 0.1 -0.022254 0.1 1 6
3 6.83989 3.807 283.032 5.1862 -0.00297655 0.013317196 0.0204473 0.015363216 -0.00766906 0.1 -0.020025 0.1 1 6
4 5.50894 4.5628 285.473 5.2031 -0.00287751 0.01390574 0.0197456 0.015998827 -0.0057201 0.1 -0.0204966 0.1 1 6
5 7.53136 3.9972 275.624 5.4509 -0.000961302 0.014052925 0.0243165 0.014594039 -0.00939616 0.1 -0.0202835 0.1 1 6
6 2.80903 4.1187 277.506 4.5046 -0.000289526 0.013262566 0.0264374 0.017956214 -0.00319887 0.1 -0.0233141 0.1 1 6
7 10.7927 4.3259 277.098 5.8172 -0.00297326 0.017139753 0.0182041 0.02308444 -0.0151884 0.1 -0.0152221 0.1 1 6
8 10.6838 3.4854 270.805 4.3457 -0.000176319 0.014918512 0.020214 0.016749253 -0.016474 0.1 -0.014776 0.1 1 6
9 9.8269 4.4012 278.807 5.8103 -0.0032386 0.014570413 0.0192286 0.018523594 -0.0128878 0.1 -0.016904 0.1 1 6
10 6.89571 3.8319 264.995 4.1612 0.00277215 0.012479905 0.028389 0.016339753 -0.0086652 0.1 -0.0194088 0.1 1 6
11 -3.78358 4.5461 282.693 5.0113 0.00137669 0.014637246 0.0225583 0.02063935 0.00414007 0.1 -0.0220988 0.1 1 6
12 -2.02481 4.4138 275.131 5.8791 -6.56765e-05 0.017251808 0.0279023 0.01849972 0.00231186 0.1 -0.023545 0.1 1 6
13 3.24856 3.3264 266.454 4.9115 0.00163341 0.015018797 0.0310097 0.018111037 -0.00349552 0.1 -0.0220823 0.1 1 6
14 9.18129 3.7914 261.565 4.4996 0.00404188 0.015819976 0.0231677 0.018145233 -0.0144387 0.1 -0.0142415 0.1 1 6
15 -0.495006 3.9512 264.619 5.3773 -0.000281902 0.0149848005 0.0320926 0.018484475 0.000426065 0.1 -0.0221305 0.1 1 6
16 -5.48777 5.01 285.477 5.1087 0.00281726 0.015995989 0.0197327 0.017462779 0.00581853 0.1 -0.0204743 0.1 1 6
17 4.70065 3.7471 254.093 6.0386 0.00612129 0.01748317 0.0294736 0.019610435 -0.00381144 0.1 -0.0162353 0.1 1 6
18 2.39479 3.7267 255.255 4.7408 0.00419115 0.015986541 0.0314872 0.021830544 -0.001048 0.1 -0.017655 0.1 1 6
19 10.983 3.5897 265.658 5.0091 0.00316752 0.016477346 0.0131458 0.020346655 -0.0231967 0.1 -0.00827432 0.1 1 6
20 11.9926 3.3233 270.221 5.5203 0.000471459 0.014159618 0.0125219 0.019225987 -0.0228658 0.1 -0.00854609 0.1 1 6
21 5.84536 4.7305 251.873 5.2957 0.00722582 0.021726476 0.0254112 0.022775492 -0.00710927 0.1 -0.013143 0.1 1 6
22 8.57267 3.4171 258.173 5.6637 0.006373 0.018048909 0.0161217 0.01830745 -0.0192748 0.1 -0.00909168 0.1 1 6
23 0.255882 3.7059 254.0 6.3972 0.000673304 0.019701554 0.0318337 0.021875657 0.00013053 0.1 -0.0173516 0.1 1 6
24 -5.82833 5.8303 268.722 6.6635 -0.00154262 0.02281004 0.028588 0.02523652 0.00712474 0.1 -0.0210975 0.1 1 6
25 -8.20609 4.5503 275.774 6.2959 0.00135535 0.017381592 0.0234989 0.021505538 0.0104429 0.1 -0.0195415 0.1 1 6
26 -3.23251 4.7111 259.428 5.0794 -0.00338825 0.020075401 0.0317968 0.022341348 0.00279721 0.1 -0.0196733 0.1 1 6
27 3.81378 3.7436 282.649 4.6226 -0.00136637 0.01552174 0.0226806 0.0143397935 -0.00411705 0.1 -0.0221236 0.1 1 6
28 -1.54732 3.7842 285.326 5.0447 0.000754726 0.012496063 0.0211776 0.01601888 0.00155977 0.1 -0.0220797 0.1 1 6
29 11.6842 3.9103 270.562 5.0199 -6.34113e-05 0.017242445 0.0157592 0.022261571 -0.0202949 0.1 -0.0110883 0.1 1 6
30 8.13481 4.4146 275.755 4.339 -0.00118859 0.014255338 0.0233487 0.016965555 -0.0103745 0.1 -0.0194463 0.1 1 6
31 -6.83817 3.2476 283.004 5.2408 0.0029561 0.01310491 0.020517 0.014689677 0.0077164 0.1 -0.0201311 0.1 1 6
32 -9.84009 4.2542 278.843 5.1737 0.0032003 0.013079797 0.0192983 0.017965607 0.0128524 0.1 -0.0169609 0.1 1 6
33 2.03183 4.581 275.126 4.4072 2.70743e-05 0.014253444 0.0278993 0.015451457 -0.00224904 0.1 -0.0234232 0.1 1 6
34 -2.82073 3.7326 277.545 4.9211 0.000256843 0.012776296 0.0263254 0.015180224 0.00319225 0.1 -0.0231938 0.1 1 6
35 10.2371 4.1652 266.973 4.8584 0.00158049 0.019730685 0.0214634 0.01791571 -0.0161106 0.1 -0.0145303 0.1 1 6
36 -10.7831 3.7916 277.11 5.0377 0.00292241 0.014681638 0.0181721 0.017004533 0.0151549 0.1 -0.0152883 0.1 1 6
37 5.85416 3.4759 268.642 4.6146 0.00156159 0.0144361835 0.0286541 0.014250947 -0.00703912 0.1 -0.0210503 0.1 1 6
38 -7.46989 3.727 275.575 5.3127 0.000950255 0.01343894 0.0242749 0.016024347 0.00931021 0.1 -0.0201831 0.1 1 6
39 9.24125 3.2648 264.413 4.33 0.00686174 0.01451735 0.00537659 0.019430608 -0.0282568 0.1 -0.00362974 0.1 1 6
40 7.4295 3.6324 261.538 4.9948 0.00931117 0.017615356 0.005154 0.016893752 -0.0279173 0.1 -0.00387371 0.1 1 6
41 9.85659 4.0672 263.29 4.9888 0.00541373 0.01637677 0.00978228 0.019609395 -0.0248903 0.1 -0.00594172 0.1 1 6
42 4.82235 4.5347 249.785 6.1211 0.00823734 0.020891894 0.0196016 0.025798667 -0.0103129 0.1 -0.00985009 0.1 1 6
43 4.54021 4.6022 255.666 5.55 0.0110743 0.016439915 0.00872979 0.02279551 -0.0226639 0.1 -0.00564323 0.1 1 6
44 7.5999 4.685 260.371 5.8035 0.00443827 0.017653564 0.0270995 0.019216437 -0.0100806 0.1 -0.016588 0.1 1 6
45 8.94008 4.8289 258.842 5.6228 0.00597555 0.022098524 0.0169672 0.021039601 -0.0188749 0.1 -0.00967737 0.1 1 6
46 2.58964 3.7497 259.449 4.7379 0.0151168 0.016045682 0.00107514 0.018342366 -0.0303768 0.1 -0.00297754 0.1 1 6
47 1.59103 3.5738 245.375 4.7748 0.00746024 0.014738853 0.0273547 0.020658279 0.00402748 0.1 -0.0119764 0.1 1 6
48 0.340143 4.3848 258.027 4.3034 0.0177043 0.019925289 0.00048243 0.021746928 -0.0302642 0.1 -0.00312349 0.1 1 6
49 1.85205 3.5205 243.928 6.1344 0.0079231 0.016904965 0.0249746 0.024774933 0.002868 0.1 -0.0110539 0.1 1 6
50 0.976192 5.1089 248.111 7.3965 0.0105858 0.022655156 0.013917 0.026438281 -0.012355 0.1 -0.00767301 0.1 1 6
51 0.773253 4.3116 246.304 5.9865 0.00535883 0.02101809 0.0285145 0.024433972 0.00384843 0.1 -0.0126373 0.1 1 6
52 4.17198 3.7985 257.32 4.0522 0.0122913 0.017132837 0.00586977 0.019060394 -0.0256527 0.1 -0.00468072 0.1 1 6
53 0.55776 4.7255 242.573 5.0745 0.00794606 0.022134854 0.0214253 0.026251182 0.00110937 0.1 -0.00952284 0.1 1 6
54 -2.43362 3.4867 253.391 4.6242 0.0175934 0.014410825 0.00368816 0.018949492 -0.0242674 0.1 -0.00450735 0.1 1 6
55 -1.10695 4.1932 250.599 6.7746 -0.00352859 0.021729724 0.0306613 0.020336263 -0.000894214 0.1 -0.0152571 0.1 1 6
56 0.0556281 4.222 245.533 5.7886 0.00181009 0.022048047 0.0286598 0.027259555 0.00152784 0.1 -0.0123476 0.1 1 6
57 -7.58004 5.852 260.322 7.7439 -0.00445915 0.026297027 0.0271331 0.031075453 0.0101881 0.1 -0.0166874 0.1 1 6
58 -10.2349 4.1777 266.918 5.6137 -0.00156272 0.020271016 0.0215553 0.022201035 0.0161726 0.1 -0.0145775 0.1 1 6
59 -4.21548 4.2742 252.8 5.9448 -0.00636458 0.023641644 0.0295684 0.029388828 0.00260681 0.1 -0.0157195 0.1 1 6
60 -11.7887 3.9336 270.747 4.6754 0.000116011 0.01729968 0.0156314 0.017245065 0.0201905 0.1 -0.0110327 0.1 1 6
61 -1.10757 4.4865 239.609 7.5433 0.00711881 0.023562625 0.024516 0.026230274 0.0108504 0.1 -0.00927323 0.1 1 6
62 -1.62063 3.7371 238.617 7.8135 0.0070259 0.022346511 0.0232558 0.03698555 0.0113498 0.1 -0.00909896 0.1 1 6
63 -0.815178 5.1082 240.06 5.0601 0.00553805 0.021383492 0.0248024 0.024968393 0.00848676 0.1 -0.00989107 0.1 1 6
64 -2.75615 4.1056 241.581 6.0713 0.00863994 0.020319698 0.0172892 0.028808944 -0.000100778 0.1 -0.00797434 0.1 1 6
65 0.123129 4.8998 243.546 7.6221 -0.00252146 0.024541104 0.0273136 0.033195723 -0.00243247 0.1 -0.0112102 0.1 1 6
66 -5.32307 3.8455 247.037 6.7063 0.0150138 0.019338625 0.00852691 0.031318862 -0.0131642 0.1 -0.00572824 0.1 1 6
67 -2.97876 4.4557 237.606 6.1543 0.00676239 0.02504246 0.0221091 0.029561888 0.0110333 0.1 -0.00917865 0.1 1 6
68 -0.498925 4.6082 239.72 6.3588 0.00253803 0.021254795 0.0246641 0.025873153 0.00420227 0.1 -0.00946158 0.1 1 6
69 -1.15357 5.776 246.153 6.307 -0.00668517 0.024422137 0.0283425 0.03071479 -0.00397682 0.1 -0.0127141 0.1 1 6
70 -8.02796 4.1035 240.916 7.3165 0.011162 0.024090564 0.0126651 0.03632827 -0.000819293 0.1 -0.00618844 0.1 1 6
71 -5.82807 5.2824 236.738 6.1554 0.0069805 0.026245374 0.0193597 0.028229821 0.0101184 0.1 -0.00846304 0.1 1 6
72 -2.36923 5.128 235.957 7.0585 0.00638252 0.023916047 0.0221152 0.028519463 0.0146994 0.1 -0.00870544 0.1 1 6
73 -8.37102 6.6465 254.567 8.5255 0.0256803 0.02561507 -0.00232401 0.028192379 -0.0298423 0.1 -0.00317079 0.1 1 6
74 -3.37808 3.4877 235.287 8.2339 0.00637311 0.021461714 0.0223232 0.03849831 0.0163423 0.1 -0.00874463 0.1 1 6
75 -10.734 5.6289 251.231 7.4057 0.0248043 0.027845116 -0.000339624 0.036596242 -0.0242736 0.1 -0.00347476 0.1 1 6
76 -1.57644 4.3771 236.094 5.3146 0.00486249 0.021339757 0.0225446 0.02261444 0.011299 0.1 -0.00907631 0.1 1 6
77 0.189066 5.5178 238.499 6.6949 -0.00105531 0.030581484 0.0240556 0.032424495 -0.00172007 0.1 -0.00944007 0.1 1 6
78 0.708547 4.9009 240.878 6.3299 -0.00552558 0.022481129 0.0257143 0.025614658 -0.00746755 0.1 -0.0100916 0.1 1 6
79 -6.40417 4.1167 233.958 6.4842 0.00617457 0.01942008 0.0211507 0.029292474 0.0166821 0.1 -0.00884063 0.1 1 6
80 -0.363519 4.5553 235.298 7.3101 0.0012464 0.021766786 0.0225232 0.026889332 0.00343346 0.1 -0.00973618 0.1 1 6
81 -12.7162 4.3513 245.917 6.0345 0.0205621 0.022413302 0.00345936 0.028727528 -0.013737 0.1 -0.0037053 0.1 1 6
82 -5.89859 4.4302 254.928 5.5946 0.0231259 0.015235879 -0.000713474 0.020071836 -0.0290271 0.1 -0.00359078 0.1 1 6
83 -10.1755 5.195 236.139 6.289 0.00830265 0.030943625 0.0161326 0.03034586 0.00931403 0.1 -0.00723469 0.1 1 6
84 4.29429 4.2927 252.397 4.3702 0.00978803 0.017957786 0.0131162 0.016909445 -0.017275 0.1 -0.00736415 0.1 1 6
85 -14.4283 4.1648 240.328 5.4693 0.0152163 0.020469302 0.00762168 0.025769329 -0.00189894 0.1 -0.00389487 0.1 1 6
86 -3.67961 5.4741 252.118 5.886 0.0179648 0.020061534 0.00417676 0.019020217 -0.0224158 0.1 -0.00468557 0.1 1 6
87 6.69096 3.5585 252.736 4.9926 0.0070164 0.0149976285 0.0231864 0.014970576 -0.00987984 0.1 -0.0122497 0.1 1 6
88 -1.70358 3.7365 232.273 5.3689 0.00479062 0.02007953 0.0215726 0.024839597 0.0154289 0.1 -0.0101914 0.1 1 6
89 -3.18783 4.2799 232.163 6.8246 0.00597738 0.027122356 0.0220663 0.025111895 0.017023 0.1 -0.0101835 0.1 1 6
90 -0.744942 4.462 232.097 5.7154 0.00366814 0.02254358 0.0217344 0.030750759 0.0125579 0.1 -0.0108893 0.1 1 6
91 -5.33104 3.5295 231.479 6.525 0.00669918 0.023976482 0.0227052 0.029803682 0.0181166 0.1 -0.0108212 0.1 1 6
92 -11.3165 5.4745 231.568 7.2969 0.00678633 0.024400676 0.0196927 0.030645976 0.0173813 0.1 -0.00897364 0.1 1 6
93 -15.5213 3.933 234.065 5.9187 0.00981573 0.02302259 0.0130197 0.025754025 0.0111286 0.1 -0.00522662 0.1 1 6
94 -8.0224 4.6731 230.526 6.7529 0.00703504 0.02275953 0.0230624 0.031651843 0.0188973 0.1 -0.0111912 0.1 1 6
95 -18.5894 6.4957 249.279 8.859 0.0304257 0.03805868 -0.00514462 0.036765218 -0.0236911 0.1 -0.000978467 0.1 1 6
96 -19.9566 4.3922 245.177 5.2541 0.0256813 0.020703038 -0.00279312 0.021020822 -0.0144169 0.1 -0.000310947 0.1 1 6
97 -16.584 5.3416 251.314 8.7521 0.0314788 0.027825361 -0.00516637 0.03197864 -0.0276897 0.1 -0.00161056 0.1 1 6
98 -20.9112 5.0886 240.23 7.8779 0.0195573 0.032416943 0.000708449 0.03467713 -0.00352179 0.1 -0.000222624 0.1 1 6
99 -0.0684317 4.0765 231.67 8.5109 0.0019165 0.023155825 0.0216527 0.036101107 0.00802174 0.1 -0.0113607 0.1 1 6
100 0.759586 4.0509 235.46 5.8452 -0.00282058 0.0220741 0.0225739 0.030125588 -0.00716773 0.1 -0.00944167 0.1 1 6
101 -3.22025 4.6972 246.678 6.8464 -0.00789199 0.02823556 0.0262506 0.031744897 8.92437e-05 0.1 -0.0121886 0.1 1 6
102 -0.0772693 4.2067 241.894 6.6348 -0.00758785 0.025487987 0.025607 0.032361582 -0.00780757 0.1 -0.0105057 0.1 1 6
103 0.154698 4.8762 231.011 7.7506 0.00062535 0.030084964 0.0219674 0.03598539 0.0023323 0.1 -0.012214 0.1 1 6
104 1.67015 4.8879 238.251 5.5978 -0.00694335 0.02043844 0.0235893 0.025712641 -0.0119642 0.1 -0.00897879 0.1 1 6
105 -6.53304 4.6859 252.804 5.1347 -0.00698667 0.023107521 0.0232432 0.027066771 0.00997503 0.1 -0.0122193 0.1 1 6
106 1.20583 3.7422 234.272 6.4532 -0.00405775 0.020455541 0.0220416 0.026932687 -0.0122309 0.1 -0.00958382 0.1 1 6
107 -8.93904 3.5118 258.895 5.3976 -0.00581116 0.018961925 0.0170711 0.020622263 0.0189146 0.1 -0.00969893 0.1 1 6
108 -20.7073 4.394 233.927 4.9483 0.0128947 0.021527125 0.00790468 0.02432102 0.00885862 0.1 -0.00264698 0.1 1 6
109 -14.256 4.0872 250.797 5.2656 0.0280763 0.019721566 -0.00283191 0.01879746 -0.0251308 0.1 -0.00232352 0.1 1 6
110 -0.0917693 3.9142 230.375 8.1624 -0.000671176 0.02465331 0.0222083 0.045585535 -0.00312702 0.1 -0.013031 0.1 1 6
111 -14.773 5.1295 229.116 6.7095 0.00865114 0.028720966 0.018856 0.03423002 0.0176379 0.1 -0.00885928 0.1 1 6
112 -1.74484 4.0139 228.899 6.6826 0.00637491 0.024671398 0.0225466 0.033182483 0.0142869 0.1 -0.0117952 0.1 1 6
113 -10.95 4.4134 228.087 8.0375 0.00996188 0.02287342 0.0225754 0.04258562 0.0172835 0.1 -0.0110493 0.1 1 6
114 -6.08803 5.9264 228.317 6.8385 0.00990423 0.029826118 0.0238187 0.03686741 0.0156432 0.1 -0.0120856 0.1 1 6
115 0.0506234 4.1814 228.443 6.7397 0.00273068 0.02360791 0.02159 0.03356774 0.00998289 0.1 -0.0135136 0.1 1 6
116 -26.466 4.12 245.153 6.7056 0.0301836 0.024622073 -0.0112669 0.028691191 -0.0161765 0.1 0.00474763 0.1 1 6
117 -29.814 3.8189 240.85 5.529 0.0270994 0.021733003 -0.010552 0.023419889 -0.00845699 0.1 0.00587587 0.1 1 6
118 -25.2309 4.7486 248.13 7.3895 0.034097 0.02339312 -0.0124781 0.027953476 -0.0231896 0.1 0.00426605 0.1 1 6
119 -18.4758 5.0805 228.676 6.8057 0.0099671 0.028427904 0.0153129 0.033994768 0.016144 0.1 -0.00741196 0.1 1 6
120 -26.0379 4.8026 234.356 4.8615 0.0172268 0.01905224 0.00134824 0.023193322 0.00536507 0.1 0.000397798 0.1 1 6
121 -23.443 4.3004 249.117 6.0613 0.0343193 0.025137959 -0.0113732 0.030834598 -0.0249769 0.1 0.00282119 0.1 1 6
122 -11.6425 4.9508 247.696 6.0924 0.0214548 0.018885158 0.0023954 0.022450427 -0.0169737 0.1 -0.00358596 0.1 1 6
123 -2.39521 5.1262 247.515 6.7539 0.0124812 0.02282524 0.0105283 0.02601146 -0.0123846 0.1 -0.0063711 0.1 1 6
124 -21.2932 4.3487 247.536 5.082 0.03032 0.0190237 -0.00695752 0.02126566 -0.0203885 0.1 0.000981463 0.1 1 6
125 2.9365 4.0965 246.801 5.5354 0.00841762 0.018745376 0.0195737 0.028162587 -0.00652014 0.1 -0.00956052 0.1 1 6
126 -2.86885 5.1758 225.782 6.3647 0.00972978 0.0327038 0.0231247 0.03508871 0.0115577 0.1 -0.0127392 0.1 1 6
127 -6.94013 4.989 225.721 6.8576 0.014329 0.024528584 0.0242077 0.029804092 0.0112493 0.1 -0.0121378 0.1 1 6
128 -15.316 4.8742 226.689 6.7313 0.011811 0.029644383 0.0195953 0.035371587 0.0155868 0.1 -0.0103378 0.1 1 6
129 -22.1126 4.5792 228.901 9.2292 0.0116768 0.025962755 0.0106809 0.04155112 0.0136055 0.1 -0.00575724 0.1 1 6
130 -32.3802 5.4351 245.23 5.4132 0.0344219 0.025137683 -0.019383 0.021257933 -0.018624 0.1 0.00943434 0.1 1 6
131 -1.18719 5.9606 225.553 8.2572 0.00443699 0.035972618 0.0208929 0.04251977 0.0103012 0.1 -0.0139486 0.1 1 6
132 0.132781 4.0299 227.25 6.8836 0.000415598 0.02507209 0.0216269 0.0309564 0.00181827 0.1 -0.0148601 0.1 1 6
133 -11.7899 5.3367 224.432 10.4406 0.0169259 0.03742171 0.023316 0.051703766 0.0102795 0.1 -0.012074 0.1 1 6
134 -30.8463 3.9196 234.913 5.2758 0.0216635 0.020919824 -0.00454556 0.024843378 0.00131456 0.1 0.00290419 0.1 1 6
135 -31.2321 4.523 247.769 5.291 0.037176 0.017612686 -0.0210969 0.025626743 -0.0237618 0.1 0.0096713 0.1 1 6
136 -0.149024 5.0275 229.54 7.323 -0.00198383 0.036489833 0.0216024 0.041734673 -0.0079393 0.1 -0.0129926 0.1 1 6
137 -7.35025 5.1659 222.676 6.4011 0.018349 0.036457542 0.0252983 0.037697285 0.00725154 0.1 -0.0126146 0.1 1 6
138 -15.4754 5.4529 224.586 6.9082 0.0154589 0.02894449 0.0200061 0.029448157 0.0113857 0.1 -0.0111731 0.1 1 6
139 -4.62272 5.3464 222.901 8.885 0.0125667 0.036864236 0.0222043 0.034901716 0.00969382 0.1 -0.0131443 0.1 1 6
140 -0.481125 4.5916 224.881 6.6587 0.00132233 0.025606334 0.0207224 0.03538332 0.00417161 0.1 -0.0164689 0.1 1 6
141 2.93684 5.087 235.855 9.2736 -0.00661478 0.02659321 0.0225101 0.040707856 -0.0153837 0.1 -0.0087672 0.1 1 6
142 1.71658 3.9109 233.12 7.7334 -0.00489136 0.017227415 0.0214243 0.027172593 -0.0152606 0.1 -0.0100593 0.1 1 6
