data/processed/NGC4621/gauss_hermite_kins_o.ecsv
# %ECSV 1.0
# ---
# datatype:
# - {name: vbin_id, datatype: int64}
# - {name: v, datatype: float64}
# - {name: dv, datatype: float32}
# - {name: sigma, datatype: float64}
# - {name: dsigma, datatype: float32}
# - {name: h3, datatype: float64}
# - {name: dh3, datatype: float32}
# - {name: h4, datatype: float64}
# - {name: dh4, datatype: float32}
# - {name: h5, datatype: float64}
# - {name: dh5, datatype: float32}
# - {name: h6, datatype: float64}
# - {name: dh6, datatype: float32}
# - {name: is_good, datatype: int64}
# - {name: n_gh, datatype: int64}
# meta: !!omap
# - PSF:
#     sigma: [0.36, 0.92]
#     weight: [0.76, 0.24]
# schema: astropy-2.0
vbin_id v dv sigma dsigma h3 dh3 h4 dh4 h5 dh5 h6 dh6 is_good n_gh
[from data line 143]
144 -3.40826 6.3865 223.062 7.6154 0.00699965 0.044846777 0.0194376 0.03397078 0.00982426 0.1 -0.0149728 0.1 1 6
145 -25.5909 4.3618 229.494 6.9839 0.014336 0.025416467 0.00620746 0.037166856 0.0107382 0.1 -0.00470396 0.1 1 6
146 -20.8584 4.4227 226.333 6.4422 0.0121361 0.026742985 0.0129862 0.033366818 0.0130479 0.1 -0.00995569 0.1 1 6
147 -0.0370638 4.9525 228.775 7.3035 -0.00295206 0.025561621 0.0216539 0.026910983 -0.0112322 0.1 -0.0129075 0.1 1 6
148 0.335507 4.4433 225.74 7.4252 -0.00173046 0.02409697 0.020659 0.028900906 -0.00587054 0.1 -0.0156833 0.1 1 6
149 -0.439704 5.3944 241.922 7.1415 -0.00759113 0.024586845 0.022675 0.030252598 -0.00386652 0.1 -0.00991261 0.1 1 6
150 -29.4409 4.2605 247.78 5.0644 0.0359438 0.021072654 -0.0186689 0.020897664 -0.0230975 0.1 0.00803287 0.1 1 6
151 -2.89824 4.3063 246.799 6.865 -0.00853406 0.023636058 0.0195495 0.027739936 0.00673578 0.1 -0.00951624 0.1 1 6
152 -12.6568 5.0434 220.919 8.4898 0.0225879 0.02943085 0.0244661 0.0392973 0.00348554 0.1 -0.0125946 0.1 1 6
153 -35.2713 5.179 235.744 6.0157 0.0270292 0.024875306 -0.0106062 0.03282238 -0.00415537 0.1 0.00507424 0.1 1 6
154 -19.42 4.1299 223.729 5.0776 0.014295 0.027353577 0.0172494 0.03049247 0.0107617 0.1 -0.0117663 0.1 1 6
155 -37.9242 4.1978 243.465 4.9349 0.03742 0.014999134 -0.0235771 0.0192718 -0.0192318 0.1 0.0119245 0.1 1 6
156 -28.8247 4.2849 230.45 6.6737 0.0166104 0.025471402 0.00112178 0.036261726 0.00807354 0.1 -0.00380051 0.1 1 6
157 -18.6969 4.4045 244.109 5.7691 0.0230064 0.021682581 -0.000849037 0.024998486 -0.0115486 0.1 -0.000816852 0.1 1 6
158 -35.8587 4.8507 246.618 5.1578 0.0391558 0.02164126 -0.0257768 0.025606092 -0.0236911 0.1 0.0127526 0.1 1 6
159 -27.3377 3.9136 245.438 4.662 0.031261 0.021062102 -0.0127697 0.026584517 -0.0171396 0.1 0.00542814 0.1 1 6
160 -9.60975 5.1984 243.251 6.4232 0.0144613 0.023821764 0.00891608 0.0243936 -0.006501 0.1 -0.00516046 0.1 1 6
161 -8.94689 5.5137 219.06 7.8115 0.023009 0.02914447 0.0257897 0.031816866 0.00256734 0.1 -0.0139276 0.1 1 6
162 -7.73194 4.9937 219.423 7.2889 0.0175751 0.03333997 0.0211278 0.04376387 0.00712572 0.1 -0.0134761 0.1 1 6
163 -0.412736 6.2599 222.304 11.6964 0.000614168 0.047486797 0.0193074 0.05902348 0.00137745 0.1 -0.0181012 0.1 1 6
164 -3.80288 6.2005 221.608 12.0123 0.00684097 0.03625152 0.0171905 0.045198914 0.00790541 0.1 -0.0159552 0.1 1 6
165 -6.89908 4.9929 219.88 5.6482 0.0130995 0.032352876 0.0155026 0.03269754 0.00801779 0.1 -0.0134588 0.1 1 6
166 -17.1462 4.9746 220.197 9.2467 0.019758 0.037396476 0.02282 0.0472824 0.00557079 0.1 -0.0130581 0.1 1 6
167 -14.7522 6.104 215.72 10.8917 0.0255268 0.042782303 0.0279831 0.041258857 -0.000336396 0.1 -0.0144765 0.1 1 6
168 -25.145 4.2997 227.355 4.7432 0.0126918 0.022191301 0.00632207 0.027672034 0.0123552 0.1 -0.00909415 0.1 1 6
169 -39.4405 4.9838 236.172 6.6871 0.0329888 0.022527833 -0.0147158 0.026569476 -0.00918992 0.1 0.00606824 0.1 1 6
170 -32.0214 6.0015 231.007 12.0065 0.0198905 0.03800518 -0.00300971 0.0482861 0.00541403 0.1 -0.00233664 0.1 1 6
171 -42.84 4.7072 243.006 4.6967 0.043377 0.017857952 -0.0271975 0.02047034 -0.023797 0.1 0.0130816 0.1 1 6
172 1.71424 4.7275 222.251 6.6602 -0.00300191 0.027671553 0.0193012 0.040558755 -0.00471352 0.1 -0.0177203 0.1 1 6
173 -11.0914 4.9591 216.142 7.8021 0.0269312 0.030211031 0.0281083 0.046706412 -0.00175412 0.1 -0.0152613 0.1 1 6
174 2.37984 4.2196 230.122 5.8412 -0.00627266 0.026164953 0.0225147 0.026028024 -0.0156827 0.1 -0.0111467 0.1 1 6
175 3.92296 4.2918 231.818 7.8354 -0.0062773 0.02236881 0.0225628 0.024443988 -0.0175907 0.1 -0.0105181 0.1 1 6
176 2.91626 4.5013 223.118 6.4485 -0.00550787 0.030325396 0.018968 0.0300004 -0.00882639 0.1 -0.0155804 0.1 1 6
177 0.759472 5.9713 227.809 11.2256 -0.00506843 0.045580108 0.0218008 0.04579006 -0.0128549 0.1 -0.0122124 0.1 1 6
178 5.20402 4.8804 233.16 5.6874 -0.00596442 0.018367803 0.0221914 0.019245727 -0.0183169 0.1 -0.00973469 0.1 1 6
179 5.73097 5.0374 234.605 6.5064 -0.00604194 0.025595576 0.0213653 0.028688252 -0.0159136 0.1 -0.00894667 0.1 1 6
180 3.13703 5.2024 223.761 10.9763 -0.00820761 0.0359273 0.0203501 0.07182074 -0.0108228 0.1 -0.0133797 0.1 1 6
181 -1.20613 7.0718 219.869 21.9753 0.00278211 0.050125513 0.0176276 0.09421637 0.00209909 0.1 -0.0183483 0.1 1 6
182 -4.69652 5.7707 218.947 8.914 0.00971685 0.037644338 0.0141228 0.046956383 0.00542288 0.1 -0.0154611 0.1 1 6
183 -8.86623 5.2322 216.156 8.1577 0.0207977 0.033225946 0.0198623 0.037607525 0.00259679 0.1 -0.0142045 0.1 1 6
184 -9.42614 4.8645 215.27 8.7557 0.0254425 0.036305923 0.0253024 0.05556236 -0.00105337 0.1 -0.0155893 0.1 1 6
185 -19.3741 4.923 216.032 11.6514 0.0208843 0.037332486 0.0253953 0.05911003 0.00389378 0.1 -0.0143371 0.1 1 6
186 -22.2575 5.4078 221.53 6.529 0.0150937 0.03527311 0.0161327 0.041042846 0.00982045 0.1 -0.0134006 0.1 1 6
187 2.67288 4.7129 226.206 9.3828 -0.00952041 0.027740087 0.0228436 0.03859488 -0.0119052 0.1 -0.0124241 0.1 1 6
188 3.39464 6.6975 238.313 9.2946 -0.00684128 0.029730093 0.0203935 0.040848475 -0.00820245 0.1 -0.00876966 0.1 1 6
189 -27.0975 4.0283 225.156 4.8707 0.0131687 0.020544931 0.00626385 0.027791072 0.0140981 0.1 -0.011112 0.1 1 6
190 2.63699 5.6556 219.388 8.4738 -0.00543221 0.03992626 0.015668 0.045977227 -0.00378473 0.1 -0.0174659 0.1 1 6
191 -8.11201 6.6207 215.487 6.9559 0.0181047 0.033781055 0.0125671 0.03660702 0.00179889 0.1 -0.0109691 0.1 1 6
192 -15.0922 6.098 211.669 13.2836 0.0257564 0.05957475 0.0305939 0.08807942 -0.00167097 0.1 -0.0144836 0.1 1 6
193 -5.65122 5.2319 216.879 5.2368 0.0141136 0.034027964 0.00908089 0.027352972 0.00250271 0.1 -0.0110056 0.1 1 6
194 5.51605 5.0546 220.511 9.434 -0.0101327 0.03377194 0.0153264 0.04712789 -0.00860364 0.1 -0.0146438 0.1 1 6
195 -9.80866 7.9325 212.62 10.9851 0.0216742 0.05528812 0.018429 0.06774919 -0.000710104 0.1 -0.0110855 0.1 1 6
196 -22.3004 5.8714 211.034 10.8722 0.0198325 0.05211643 0.0276255 0.06207086 0.00475969 0.1 -0.0143413 0.1 1 6
197 -24.9116 4.1052 216.935 5.2699 0.0157291 0.026943462 0.0190107 0.030539844 0.0101161 0.1 -0.0146687 0.1 1 6
198 -11.3774 8.9112 212.365 15.7209 0.027033 0.058062613 0.0274875 0.07285544 -0.00309695 0.1 -0.0137605 0.1 1 6
199 -0.697549 4.8309 216.813 7.753 0.00236912 0.023388747 0.015133 0.03506247 0.000659994 0.1 -0.0166496 0.1 1 6
200 -2.30454 4.7343 214.675 7.4867 0.00924122 0.027332982 0.0110756 0.04216439 0.00110343 0.1 -0.0119221 0.1 1 6
201 -29.8906 5.3254 220.571 5.5199 0.0141929 0.02804048 0.0089111 0.030906659 0.0166257 0.1 -0.012929 0.1 1 6
202 -37.3662 5.3042 231.192 6.6997 0.0254253 0.023115011 -0.00821441 0.029827576 0.00435683 0.1 -0.000731371 0.1 1 6
203 -32.0645 5.93 228.111 6.6601 0.0165205 0.037765387 -0.00173915 0.03458752 0.0139398 0.1 -0.00693246 0.1 1 6
204 -39.635 6.0108 233.562 7.3559 0.0313648 0.03147003 -0.0120964 0.03647228 -0.00470873 0.1 0.00315575 0.1 1 6
205 -47.306 5.5084 236.893 8.69 0.0456948 0.02959211 -0.0201073 0.04026322 -0.019405 0.1 0.00822125 0.1 1 6
206 -49.5658 4.4503 239.576 4.8428 0.0514684 0.023697244 -0.0250909 0.023346983 -0.0271514 0.1 0.0107355 0.1 1 6
207 -40.8869 4.3036 245.259 4.3924 0.0425706 0.02389663 -0.0289459 0.027387269 -0.0252588 0.1 0.0144052 0.1 1 6
208 -5.04687 7.8722 211.689 18.4226 0.0129901 0.044921897 0.00865029 0.0796434 0.00165903 0.1 -0.00677636 0.1 1 6
209 6.18767 4.4974 221.466 6.7122 -0.0153781 0.028385276 0.0220609 0.036350396 -0.00841107 0.1 -0.0129236 0.1 1 6
210 5.49813 5.1142 225.089 13.0476 -0.0142337 0.024486842 0.0243895 0.03521479 -0.0102706 0.1 -0.0124044 0.1 1 6
211 7.65376 4.8411 219.465 7.1367 -0.0153674 0.028692583 0.0178317 0.030939389 -0.00799885 0.1 -0.0137317 0.1 1 6
212 6.09032 5.5039 227.479 8.8229 -0.0113956 0.03185569 0.0240953 0.04646716 -0.0140595 0.1 -0.0123012 0.1 1 6
213 2.15057 6.3561 216.126 10.6891 -0.00743553 0.03980292 0.0132477 0.03756772 -0.00162655 0.1 -0.0147987 0.1 1 6
214 6.01312 5.1389 217.793 9.0448 -0.0136331 0.028823074 0.0110573 0.041081697 -0.00377113 0.1 -0.0125135 0.1 1 6
215 7.69769 4.3535 228.689 7.7901 -0.0094446 0.02664643 0.0237854 0.04017385 -0.0170635 0.1 -0.0119114 0.1 1 6
216 9.51092 4.7652 229.744 7.9751 -0.0075451 0.027541518 0.0224522 0.032849953 -0.0187379 0.1 -0.0108694 0.1 1 6
217 2.48868 4.868 242.381 6.1009 -0.00905435 0.022868738 0.016434 0.025996562 0.00147394 0.1 -0.00785254 0.1 1 6
218 -4.31901 4.2841 252.553 5.9115 -0.00986704 0.017321767 0.01298 0.022595732 0.017252 0.1 -0.00729525 0.1 1 6
219 7.7993 5.8413 235.361 7.8803 -0.00671734 0.025229463 0.0190634 0.030570468 -0.0119564 0.1 -0.0082161 0.1 1 6
220 -0.304201 7.7063 211.914 16.0143 0.0014604 0.044078138 0.014952 0.06045819 0.000255777 0.1 -0.0128089 0.1 1 6
221 -9.85902 3.9914 263.245 5.0155 -0.00553311 0.018753642 0.0101492 0.019185843 0.0250444 0.1 -0.00617965 0.1 1 6
222 11.6279 5.1925 230.651 6.4395 -0.00700469 0.02885482 0.020525 0.03465598 -0.0182715 0.1 -0.00944577 0.1 1 6
223 8.44524 7.6142 216.949 10.0055 -0.0184738 0.034542035 0.017332 0.050647575 -0.00413196 0.1 -0.013548 0.1 1 6
224 2.48914 3.7915 247.421 6.2323 -0.0128709 0.021328714 0.0107311 0.025567716 0.0127709 0.1 -0.00666042 0.1 1 6
225 8.26481 5.6254 238.77 6.4428 -0.00947664 0.029750383 0.0148584 0.030870954 -0.00378683 0.1 -0.00688224 0.1 1 6
226 -11.9867 3.2489 270.252 5.3177 -0.000363675 0.013885383 0.0124008 0.017693315 0.0227988 0.1 -0.00842174 0.1 1 6
227 -4.20126 4.2553 257.289 6.2113 -0.0123247 0.019264517 0.00588872 0.023443114 0.025832 0.1 -0.00464622 0.1 1 6
228 13.6478 4.8023 232.232 6.4887 -0.00754906 0.024085212 0.0166337 0.026174465 -0.0151695 0.1 -0.00701449 0.1 1 6
229 9.23354 3.7218 222.571 6.7431 -0.0203734 0.027543662 0.024895 0.031105477 -0.00594848 0.1 -0.0127232 0.1 1 6
230 8.7905 6.0487 219.254 12.1541 -0.0227713 0.044868737 0.0258448 0.06743334 -0.00284518 0.1 -0.014314 0.1 1 6
231 11.9023 4.5059 225.843 7.2196 -0.0140765 0.028861057 0.0224863 0.037227698 -0.0133365 0.1 -0.0112521 0.1 1 6
232 9.17028 6.2932 216.434 7.8089 -0.0241342 0.031208728 0.0245933 0.036951065 -0.000873877 0.1 -0.0152298 0.1 1 6
233 -9.20983 4.2158 264.267 5.9868 -0.00688581 0.019056616 0.00558404 0.021938885 0.0283076 0.1 -0.00377819 0.1 1 6
234 9.53853 4.9163 243.257 7.0246 -0.0144836 0.022680257 0.00883711 0.029742217 0.00646249 0.1 -0.00518641 0.1 1 6
235 16.1371 4.1604 234.897 5.6868 -0.010714 0.023112342 0.0116423 0.025032572 -0.00916393 0.1 -0.00453198 0.1 1 6
236 3.73572 5.0578 252.19 6.8994 -0.0181736 0.02544809 0.00405775 0.030406116 0.0227182 0.1 -0.00473182 0.1 1 6
237 -10.6723 3.7849 270.836 4.7979 0.000177608 0.013580434 0.020009 0.019301474 0.0162588 0.1 -0.0146214 0.1 1 6
238 2.70043 5.4075 213.482 9.1426 -0.010149 0.038179994 0.00933573 0.045334917 -0.000787435 0.1 -0.00971827 0.1 1 6
239 6.63511 5.411 214.555 8.9962 -0.0165039 0.034695778 0.00919343 0.042266287 -0.00113723 0.1 -0.00863393 0.1 1 6
240 14.7003 5.9632 228.031 8.4015 -0.00961339 0.040487666 0.01952 0.05076925 -0.0172498 0.1 -0.00942132 0.1 1 6
241 12.446 5.5047 221.295 8.6643 -0.021695 0.028223261 0.0245551 0.038478367 -0.00464392 0.1 -0.0128367 0.1 1 6
242 -2.59138 4.6206 259.448 6.7922 -0.0152289 0.020698316 0.000977785 0.024129145 0.0305354 0.1 -0.00271344 0.1 1 6
243 14.7324 4.5705 223.573 8.9311 -0.0172404 0.027032085 0.021703 0.049558133 -0.00974531 0.1 -0.0114672 0.1 1 6
244 8.7001 5.9658 214.499 23.5583 -0.0207475 0.04699705 0.0165698 0.061315518 -0.000225777 0.1 -0.0122195 0.1 1 6
245 16.1376 5.2792 239.72 8.3039 -0.0160568 0.025959276 0.00666486 0.029681642 0.0014949 0.1 -0.00303473 0.1 1 6
246 -10.9815 3.2962 265.76 4.4983 -0.00308943 0.014849674 0.0128282 0.01651396 0.023092 0.1 -0.00811893 0.1 1 6
247 11.695 4.4371 247.706 6.7871 -0.0215729 0.023512777 0.00257549 0.025036434 0.0171118 0.1 -0.00391377 0.1 1 6
248 20.8074 4.8602 230.964 7.5276 -0.0110258 0.022511525 0.0109162 0.031180454 -0.0133679 0.1 -0.00446058 0.1 1 6
249 17.0594 5.1728 227.005 6.5944 -0.0112194 0.03382285 0.0177711 0.040715378 -0.0154358 0.1 -0.00944389 0.1 1 6
250 5.90118 5.6108 254.912 7.8376 -0.0230616 0.025415458 -0.000635183 0.035374053 0.029046 0.1 -0.00340362 0.1 1 6
251 -7.36937 4.3461 261.549 5.5709 -0.00918501 0.017417796 0.00513782 0.022220414 0.027808 0.1 -0.00378137 0.1 1 6
252 11.911 4.6593 216.113 6.5735 -0.0266922 0.0329467 0.0281931 0.035244286 0.00151931 0.1 -0.0145943 0.1 1 6
253 -0.479245 5.8021 208.007 7.3698 0.00425296 0.040332615 0.015601 0.03611518 0.000956326 0.1 -0.00998314 0.1 1 6
254 23.3009 5.4317 239.468 6.3206 -0.0204981 0.031106533 -0.0011066 0.028370092 0.00275569 0.1 0.00108125 0.1 1 6
255 18.7462 4.2108 244.126 7.3456 -0.0234709 0.022957396 -0.000569929 0.0296318 0.0116474 0.1 -0.00105542 0.1 1 6
256 -3.27714 4.1171 266.55 5.5623 -0.00163506 0.015115471 0.0307159 0.01961209 0.00339523 0.1 -0.0219398 0.1 1 6
257 0.474585 4.1146 264.647 5.226 0.000366221 0.015447513 0.0318091 0.018559441 -0.000532963 0.1 -0.0218625 0.1 1 6
258 -6.88821 3.8047 265.04 5.1067 -0.00277633 0.015147974 0.0282082 0.018514348 0.00861417 0.1 -0.0192486 0.1 1 6
259 -0.334381 5.1664 258.019 6.4671 -0.0175206 0.026994018 0.000378939 0.027862946 0.0301344 0.1 -0.00304417 0.1 1 6
260 10.1356 5.4034 213.911 5.8995 -0.0257315 0.02544634 0.0258451 0.025738688 0.00222023 0.1 -0.0147899 0.1 1 6
261 14.0958 4.1013 250.867 6.3595 -0.0280357 0.020786246 -0.0029638 0.02642884 0.0250226 0.1 -0.00232129 0.1 1 6
262 -9.12481 3.3134 261.642 4.4084 -0.0039586 0.012858556 0.023106 0.015939156 0.014241 0.1 -0.0142441 0.1 1 6
263 3.30964 4.1922 259.533 5.3346 0.00342237 0.016282791 0.0313811 0.022516144 -0.00261724 0.1 -0.0194581 0.1 1 6
264 1.08803 6.1739 209.361 9.7041 -0.0070704 0.040658683 0.0126761 0.061972816 -0.00121179 0.1 -0.0094833 0.1 1 6
265 23.378 4.9746 230.075 5.6156 -0.012696 0.026448682 0.00870312 0.0344245 -0.0126341 0.1 -0.00411333 0.1 1 6
266 19.3017 5.3446 225.892 10.0178 -0.0128284 0.031387273 0.0154733 0.05110704 -0.0129633 0.1 -0.0101314 0.1 1 6
267 16.0472 4.5273 217.982 6.5983 -0.0226762 0.033064134 0.0258225 0.030870682 -0.00242325 0.1 -0.0135754 0.1 1 6
268 -8.6008 3.9748 258.14 4.9745 -0.00625265 0.015484454 0.0161216 0.018569993 0.0191566 0.1 -0.00914889 0.1 1 6
269 8.40462 5.5544 254.541 7.2746 -0.0256822 0.022671498 -0.00204972 0.030162288 0.0298251 0.1 -0.0033089 0.1 1 6
270 28.0942 5.5791 237.533 7.4728 -0.0217151 0.023383558 -0.00487337 0.032647472 0.00119343 0.1 0.0037179 0.1 1 6
271 18.557 6.7997 222.203 12.9523 -0.0168328 0.05133199 0.0195278 0.069260694 -0.00833941 0.1 -0.0125281 0.1 1 6
272 21.2001 4.1319 247.646 6.4859 -0.0303608 0.022535643 -0.00680696 0.032606583 0.0205139 0.1 0.000969892 0.1 1 6
273 7.27502 5.8245 209.809 8.4462 -0.0136547 0.032253258 0.0108056 0.04555309 -0.00320579 0.1 -0.0058994 0.1 1 6
274 10.7781 5.4998 211.408 8.6789 -0.0210298 0.031829793 0.0189023 0.038853783 -0.000505996 0.1 -0.00934792 0.1 1 6
275 23.7055 5.9574 228.518 7.8474 -0.0126392 0.030687373 0.00831272 0.039657604 -0.0124864 0.1 -0.00699841 0.1 1 6
276 -4.5838 3.361 255.579 4.1105 -0.010948 0.015555467 0.00869548 0.018605102 0.0224768 0.1 -0.00580547 0.1 1 6
277 17.012 5.3089 211.996 10.6245 -0.0242569 0.03233818 0.0297385 0.046353623 0.000149716 0.1 -0.0144505 0.1 1 6
278 16.5854 4.5487 251.405 5.552 -0.0314057 0.023091124 -0.00535567 0.02498364 0.0275978 0.1 -0.00161174 0.1 1 6
279 31.817 4.2419 235.866 6.9125 -0.0234576 0.029488245 -0.00698171 0.033042826 0.000925955 0.1 0.00423218 0.1 1 6
280 12.7581 8.4485 211.233 14.8799 -0.0262833 0.054152083 0.0284295 0.05826424 0.00234825 0.1 -0.0133044 0.1 1 6
281 20.3339 4.9389 218.603 8.578 -0.0179852 0.035102267 0.0218072 0.037777524 -0.00636694 0.1 -0.0141448 0.1 1 6
282 22.0662 5.6445 225.764 8.7813 -0.0124533 0.0320238 0.0120426 0.03878816 -0.0123556 0.1 -0.0108506 0.1 1 6
283 27.598 4.5989 230.256 5.1942 -0.0158283 0.030985603 0.00298102 0.026131514 -0.0089737 0.1 -0.00370942 0.1 1 6
