data/processed/NGC4621/histograms_set_o.ecsv
# %ECSV 1.0
# ---
# datatype:
# - {name: binID, datatype: int64}
# - {name: losvd_0, datatype: float64}
# - {name: losvd_1, datatype: float64}
# - {name: losvd_2, datatype: float64}
# - {name: losvd_3, datatype: float64}
# - {name: losvd_4, datatype: float64}
# - {name: losvd_5, datatype: float64}
# - {name: losvd_6, datatype: float64}
# - {name: losvd_7, datatype: float64}
# - {name: losvd_8, datatype: float64}
# - {name: losvd_9, datatype: float64}
# - {name: losvd_10, datatype: float64}
# - {name: losvd_11, datatype: float64}
# - {name: losvd_12, datatype: float64}
# - {name: losvd_13, datatype: float64}
# - {name: losvd_14, datatype: float64}
# - {name: losvd_15, datatype: float64}
# - {name: losvd_16, datatype: float64}
# - {name: losvd_17, datatype: float64}
# - {name: losvd_18, datatype: float64}
# - {name: losvd_19, datatype: float64}
# - {name: losvd_20, datatype: float64}
# - {name: losvd_21, datatype: float64}
# - {name: losvd_22, datatype: float64}
# - {name: losvd_23, datatype: float64}
# - {name: losvd_24, datatype: float64}
# - {name: losvd_25, datatype: float64}
# - {name: losvd_26, datatype: float64}
# - {name: losvd_27, datatype: float64}
# - {name: losvd_28, datatype: float64}
# - {name: losvd_29, datatype: float64}
# - {name: losvd_30, datatype: float64}
# - {name: losvd_31, datatype: float64}
# - {name: losvd_32, datatype: float64}
# - {name: losvd_33, datatype: float64}
# - {name: losvd_34, datatype: float64}
# - {name: losvd_35, datatype: float64}
# - {name: losvd_36, datatype: float64}
# - {name: losvd_37, datatype: float64}
# - {name: losvd_38, datatype: float64}
# - {name: losvd_39, datatype: float64}
# - {name: losvd_40, datatype: float64}
# meta: !!omap
# - {dv: 80.0}
# - vcent: [-1600.0, -1520.0, -1440.0, -1360.0, -1280.0, -1200.0, -1120.0, -1040.0, -960.0, -880.0, -800.0, -720.0, -640.0, -560.0, -480.0,
#     -400.0, -320.0, -240.0, -160.0, -80.0, 0.0, 80.0, 160.0, 240.0, 320.0, 400.0, 480.0, 560.0, 640.0, 720.0, 800.0, 880.0, 960.0, 1040.0,
#     1120.0, 1200.0, 1280.0, 1360.0, 1440.0, 1520.0, 1600.0]
# - {nbins: 618}
# - {nvbins: 41}
# schema: astropy-2.0
binID losvd_0 losvd_1 losvd_2 losvd_3 losvd_4 losvd_5 losvd_6 losvd_7 losvd_8 losvd_9 losvd_10 losvd_11 losvd_12 losvd_13 losvd_14 losvd_15 losvd_16 losvd_17 losvd_18 losvd_19 losvd_20 losvd_21 losvd_22 losvd_23 losvd_24 losvd_25 losvd_26 losvd_27 losvd_28 losvd_29 losvd_30 losvd_31 losvd_32 losvd_33 losvd_34 losvd_35 losvd_36 losvd_37 losvd_38 losvd_39 losvd_40
[from data line 55]
56 0.0 0.0 0.0 0.0 0.0 0.0 0.0 0.0 2.4304776256091657e-06 1.3983541612030603e-05 0.000303569723197982 0.0010536053417880386 0.0021704719585224313 0.00542780227387599 0.015055912390397583 0.031186474025806033 0.05322995997550711 0.08007494872502174 0.10908832556255492 0.13207780267069985 0.14091896262048112 0.1319838301874474 0.10871715381734788 0.08005782480734001 0.053537364044311704 0.03087168692608261 0.014991358209546139 0.005550888598987211 0.0022409124695803575 0.0011206615162221909 0.00031088692915443413 1.1100613779433659e-05 2.0825931088525177e-06 0.0 0.0 0.0 0.0 0.0 0.0 0.0 0.0
57 0.0 0.0 0.0 0.0 0.0 0.0 0.0 0.0 3.920854124468159e-06 3.035322262625605e-05 0.00022838605218957782 0.0007760026092680628 0.002330219803769412 0.005789433645705536 0.013479823707318747 0.02908024244615572 0.05511860117278741 0.08434892699062958 0.11180101805329071 0.131715682763875 0.13863088151516206 0.12933553351881932 0.1088871126872455 0.08068486630143051 0.05254189225447188 0.031117338555137656 0.01514880623021931 0.006354305833544509 0.001787913231567942 0.0005813147007883468 0.000204565780840539 1.7956456838941692e-05 4.9016121909386e-06 0.0 0.0 0.0 0.0 0.0 0.0 0.0 0.0
58 0.0 0.0 0.0 0.0 0.0 0.0 0.0 0.0 2.574537231156257e-06 3.217824831561263e-05 0.000198816954636108 0.0008076464505436336 0.0023347837128327394 0.005473989444706835 0.013053313703342118 0.028854650018003275 0.055536435941599196 0.08743955218916921 0.11415945500477273 0.1309410636995857 0.13612928684370806 0.12747818124380889 0.10850505089683082 0.08115089722113306 0.05234568923915319 0.031108476139424874 0.015335485464207745 0.006536412117188126 0.0018069067502565032 0.0005940480522272904 0.00015325410525799448 1.8817591606168076e-05 3.034430457714865e-06 0.0 0.0 0.0 0.0 0.0 0.0 0.0 0.0
59 0.0 0.0 0.0 0.0 0.0 0.0 0.0 0.0 8.126005357084418e-07 2.1882389090906746e-05 0.00024991254033036165 0.0008387138141421497 0.0023410083005791222 0.005961791423581994 0.014002440135352812 0.029609558050120416 0.05445782968480774 0.08160194080544445 0.10954612991216603 0.1321443399851817 0.14030802395397018 0.13108153764644398 0.10961642032036285 0.08002931339335541 0.052837455531609234 0.03145068429020798 0.01521748808540107 0.005942876654545013 0.0018396051215595068 0.0006774096970775603 0.0002088888642528334 1.3936799881252229e-05 0.0 0.0 0.0 0.0 0.0 0.0 0.0 0.0 0.0
60 0.0 0.0 0.0 0.0 0.0 0.0 0.0 0.0 5.325908861005677e-07 3.624986542786879e-05 0.00018806501485802462 0.0007453098415385994 0.002442004566292166 0.005319599494421477 0.013054910748042865 0.02886445246203047 0.05609497418739913 0.08975191290839007 0.11554931849448186 0.12992668538522503 0.13370549010229812 0.12571984827879262 0.10799544530579426 0.08163270611564255 0.05265518422585074 0.031402747292308075 0.01560691043752545 0.006701095219726551 0.00189381951631707 0.0005512347260240816 0.0001398841334817976 2.1490713962289228e-05 1.2837328087107067e-07 0.0 0.0 0.0 0.0 0.0 0.0 0.0 0.0
61 0.0 0.0 0.0 0.0 0.0 0.0 0.0 0.0 0.0 1.4112344714746946e-06 0.00022696241105138066 0.0008006262902425399 0.002065553356398162 0.0059100640939505796 0.0158352552857351 0.03246367001005471 0.05352053409642024 0.07929547795775223 0.10943125271763915 0.13252407187479534 0.1409072306463008 0.13230461549935893 0.10740937020680798 0.07845218587381353 0.05321435768832232 0.029858422663257035 0.015365457746312459 0.006726293062844371 0.002530454356288776 0.0009526285547312981 0.00019984161455514744 4.262758896579957e-06 0.0 0.0 0.0 0.0 0.0 0.0 0.0 0.0 0.0
62 0.0 0.0 0.0 0.0 0.0 0.0 0.0 0.0 0.0 8.694506112315831e-06 0.00018224417320145166 0.0007538529448322277 0.00199131578379057 0.00641242434030395 0.015985107300179397 0.03234546699916097 0.054373097984434716 0.07905234639081032 0.10951767083651438 0.13271438111711858 0.14142437921910028 0.1321573911900205 0.10730118680441621 0.07778945987439805 0.052486605686608144 0.029409187357020108 0.015489217469835363 0.007110281785515735 0.0025380035086227403 0.0008163530205587062 0.00013720836775299206 4.066512873895478e-06 5.682681808379791e-08 0.0 0.0 0.0 0.0 0.0 0.0 0.0 0.0
63 0.0 0.0 0.0 0.0 0.0 0.0 0.0 0.0 0.0 9.9690855176255e-07 0.00025377461008001576 0.0010524925915413304 0.0023130531812790445 0.005506393994802646 0.015562239048727292 0.0322265961740635 0.05312666696134885 0.07918121428928274 0.10912442124004956 0.1324921884629959 0.14083547718746425 0.1322768320420482 0.1077960932055411 0.07889387710808093 0.05328694613040831 0.03041631640709357 0.015411409268153263 0.006200848826643434 0.0026220628993654425 0.0011766779177128253 0.00024106342255658103 2.358122210275135e-06 0.0 0.0 0.0 0.0 0.0 0.0 0.0 0.0 0.0
64 0.0 0.0 0.0 0.0 0.0 0.0 0.0 0.0 0.0 3.7855200825985844e-06 9.685524183966743e-05 0.00045000282965324386 0.001885968474215143 0.007639466252816512 0.016447485655333043 0.03236715144339882 0.05619577929958277 0.08090985946529794 0.10973063614686598 0.1325293402158972 0.14052529591757595 0.13100003383953226 0.10782671643186363 0.07772818690668976 0.050610300560322424 0.02942307110826968 0.014983307109062032 0.0069471749715636685 0.002226303550394915 0.0004044709901083947 6.707766776644836e-05 1.7304018666228343e-06 0.0 0.0 0.0 0.0 0.0 0.0 0.0 0.0 0.0
65 0.0 0.0 0.0 0.0 0.0 0.0 0.0 0.0 4.277598247313835e-06 1.0917547347616003e-05 0.0003326384684329623 0.001140825960289513 0.0023891947149072613 0.005963396288180992 0.015026264574085369 0.030635554068423877 0.053530009630226014 0.07976878579551805 0.10812294940793739 0.1321068081760308 0.1408580342484815 0.13220764539642443 0.1092999225055046 0.07983527983574984 0.053063686008859606 0.03141291383825848 0.015108202131520294 0.005590830492458153 0.0022028511206105294 0.001023317916209988 0.0003486815590922217 1.3932844005821807e-05 3.079873196442581e-06 0.0 0.0 0.0 0.0 0.0 0.0 0.0 0.0
66 0.0 0.0 0.0 0.0 0.0 0.0 0.0 0.0 0.0 2.724629004312241e-06 8.225839908578463e-05 0.0004061549867255853 0.0019785507769259866 0.007995408761025702 0.016922290491714738 0.03292259145325183 0.057667379547097324 0.08391768708475233 0.11140492505915352 0.13125470206241496 0.13739857717324042 0.1277648358962876 0.10743615461205708 0.07905458448484505 0.05002170147104218 0.029318356765814433 0.01528651884659955 0.006563595946609331 0.002191553371986173 0.000347996908471599 5.915328358733279e-05 2.2979883064165755e-06 0.0 0.0 0.0 0.0 0.0 0.0 0.0 0.0 0.0
67 0.0 0.0 0.0 0.0 0.0 0.0 0.0 0.0 0.0 7.827813191645585e-08 0.00016280389305362795 0.0005638626989595241 0.0018083420413548975 0.007072008626314137 0.01606157432736181 0.032290514300367744 0.05515692385759062 0.07970515028930746 0.10969165371572663 0.13334859443739358 0.14202163555400882 0.13205504643470187 0.10697847082791156 0.0768062067317556 0.051484921117597546 0.02940392934484626 0.015233814335977536 0.007265156712226324 0.0022408857541562407 0.0005502175959166488 9.78155013434305e-05 3.9362399549052947e-07 0.0 0.0 0.0 0.0 0.0 0.0 0.0 0.0 0.0
68 0.0 0.0 0.0 0.0 0.0 0.0 0.0 0.0 0.0 1.9395667309208453e-06 0.00035462045202073306 0.0011503589014101785 0.0023966226563456004 0.005497444050651935 0.015557256442370448 0.031775568152232925 0.05298721510619743 0.07945375218742404 0.10830904820863882 0.1325747406897514 0.14111925551351354 0.13238866131606647 0.10777575202925503 0.07923240358706635 0.05296664675285937 0.031040305837097073 0.015406340598528322 0.005803767606336407 0.0025644668506705996 0.001295723360895071 0.0003456638575162611 2.4462764213075603e-06 0.0 0.0 0.0 0.0 0.0 0.0 0.0 0.0 0.0
69 0.0 0.0 0.0 0.0 0.0 0.0 0.0 0.0 0.0 1.7405048160432345e-05 0.00023855986655749807 0.0010041487355984212 0.002464106822647745 0.006316764039864186 0.014638761497911185 0.0299129705159498 0.05405720868248718 0.07981191734697873 0.10816985449800182 0.13204583355376906 0.14071312195323177 0.13198672925537291 0.10975611535807175 0.07979093399904066 0.05302878359981931 0.03177763232897125 0.015374479648812733 0.005806726577375353 0.0020274403969585257 0.0008259504880393786 0.00022570915810928496 8.84662827020466e-06 0.0 0.0 0.0 0.0 0.0 0.0 0.0 0.0 0.0
70 0.0 0.0 0.0 0.0 0.0 0.0 0.0 0.0 0.0 1.8197851080381412e-06 7.223121606660941e-05 0.0003408287176382031 0.001739179143887157 0.007805484603005217 0.016626323498276446 0.03217320108752457 0.057270243479023375 0.08337019432978829 0.11156894841458856 0.13383418385071252 0.14060319827428552 0.12982687718740415 0.1069294080402728 0.0764856364646448 0.04906103578036676 0.028636712467890627 0.014685090749951814 0.006709751477943324 0.0019429402860678 0.00027983705349341533 3.53930376510364e-05 1.4810544074804566e-06 0.0 0.0 0.0 0.0 0.0 0.0 0.0 0.0 0.0
71 0.0 0.0 0.0 0.0 0.0 0.0 0.0 0.0 0.0 4.124174217699509e-06 0.00010591054431698632 0.0004408056286244919 0.001837920163036628 0.00722562220218123 0.01620646471878803 0.031827861693663494 0.05596909283264426 0.0809460313358702 0.11049462731326246 0.13443411799816563 0.14296369348774568 0.13184262447458917 0.10651753139831811 0.075954684001316 0.04995466366878383 0.02886637842824844 0.014830734024893008 0.007089120584780988 0.0020555220183669422 0.0003624755977277098 6.886177438760302e-05 1.1319360693881912e-06 0.0 0.0 0.0 0.0 0.0 0.0 0.0 0.0 0.0
72 0.0 0.0 0.0 0.0 0.0 0.0 0.0 0.0 0.0 4.369496009687745e-08 0.00020622081499526001 0.0009949438809045477 0.0023002902148016448 0.006036720152292156 0.015931469973316924 0.03237036090672745 0.05356417078714035 0.0790673962104371 0.10870888403138476 0.13295980237627975 0.14208426725953352 0.13259357895322127 0.10740232076926685 0.07775924955290928 0.05212219260885634 0.029396990661103573 0.01566666414495113 0.006861212947085954 0.002774360385253651 0.0010254279993522361 0.00017195835813121796 1.4733170955766702e-06 0.0 0.0 0.0 0.0 0.0 0.0 0.0 0.0 0.0
73 0.0 0.0 0.0 0.0 0.0 0.0 0.0 0.0 0.0 6.663785195163617e-07 7.291875845283923e-05 0.00040338366699557265 0.002090218363215508 0.008046507192038766 0.017193432778683015 0.0336250437186206 0.06029194893229511 0.08782509153634815 0.11429872803248586 0.12981079133299853 0.13179249097231152 0.12264618151478968 0.10463353154067176 0.08178592579832118 0.05118622689654519 0.029138290722331015 0.01603872959823457 0.006384317467230428 0.002331234025048317 0.000350581513117685 5.203883847070608e-05 1.720422273429942e-06 0.0 0.0 0.0 0.0 0.0 0.0 0.0 0.0 0.0
74 0.0 0.0 0.0 0.0 0.0 0.0 0.0 0.0 0.0 3.2699020756271746e-08 0.00018820287326939744 0.000741160783487539 0.002227815765401254 0.0062643185357634116 0.015995483245638997 0.032116064902912314 0.054283576472780024 0.07940397104433025 0.10929033674335777 0.13360804351677263 0.1423731936654057 0.1325432633750776 0.10694208483734571 0.07702240875087983 0.05163157983401215 0.02901117320966167 0.015618079107400639 0.007156048721318355 0.0026928505808302577 0.0007561900857434548 0.00013247223923392422 1.6490103555829397e-06 0.0 0.0 0.0 0.0 0.0 0.0 0.0 0.0 0.0
75 0.0 0.0 0.0 0.0 0.0 0.0 0.0 0.0 0.0 1.937139780151758e-07 5.0808854739077034e-05 0.0003847481755338503 0.002089041246417437 0.007956409627281722 0.017149050214006523 0.0334207598105572 0.060048169515391346 0.0879270360150722 0.11457276879798944 0.13104530118676783 0.13369629994561996 0.12395766306284432 0.10475852352509943 0.07966464352143517 0.050031429402136916 0.02869237640310835 0.01573633922502711 0.006274088029897507 0.002220011059283759 0.0002866715121430044 3.666159268914918e-05 1.0055629794250592e-06 0.0 0.0 0.0 0.0 0.0 0.0 0.0 0.0 0.0
76 0.0 0.0 0.0 0.0 0.0 0.0 0.0 0.0 0.0 3.610521797899653e-08 0.00023588171868826714 0.0011377939250248124 0.0025551922144227183 0.005732065380923576 0.01595922244133912 0.032268308695192836 0.05274788128829882 0.07899564526797637 0.10824908794420438 0.13264499703957372 0.141807929803866 0.1325066228070627 0.1074856644025323 0.07845519528866426 0.05238733539078653 0.03014702320836569 0.015575249609353931 0.006621003110869444 0.002999478418722076 0.0012786659305202943 0.0002090818137762098 6.381946154060398e-07 0.0 0.0 0.0 0.0 0.0 0.0 0.0 0.0 0.0
77 0.0 0.0 0.0 0.0 0.0 0.0 0.0 0.0 0.0 4.692823516912997e-06 0.0002559539606047541 0.0013469402081334868 0.002714549105679536 0.005741483421814693 0.015497102144919435 0.031107822658235758 0.05297307893160831 0.07911984022654374 0.10774748114268647 0.13240034029163356 0.1411940893094254 0.13264200357555933 0.10822923046651592 0.07926206070568388 0.05287515586159789 0.03181137884094361 0.015539792354787845 0.005452451574913275 0.0025762702480502434 0.0012357405111777485 0.0002678938684878646 4.647767479568707e-06 0.0 0.0 0.0 0.0 0.0 0.0 0.0 0.0 0.0
78 0.0 0.0 0.0 0.0 0.0 0.0 0.0 0.0 0.0 1.0253949357848355e-05 0.0002884061607702653 0.0012322027270322536 0.0024969334771138487 0.006338955028421685 0.01522954863262193 0.030316035889661638 0.053390549312047814 0.07916442675691661 0.10760895895453325 0.1320985618526129 0.14072703225502275 0.13229530237625284 0.10913881471823789 0.0795505684328386 0.05318368626108335 0.03217066965361914 0.015579741024550802 0.0055781415546813495 0.0021725015916677654 0.0011345524321823507 0.0002856082161929853 8.548742578345485e-06 0.0 0.0 0.0 0.0 0.0 0.0 0.0 0.0 0.0
79 0.0 0.0 0.0 0.0 0.0 0.0 0.0 0.0 0.0 1.0703938545115976e-06 0.00011084910915879167 0.0005423167752448369 0.0018840259405382082 0.006792220602359595 0.01620330327111091 0.03160133735620727 0.0555218508007712 0.08059272525499105 0.11061639059783353 0.13518821601595432 0.1436579113135988 0.13220171592071328 0.10602416425331507 0.07558158594784035 0.05035557171617501 0.028491568289204468 0.015030146509576398 0.007047643399250782 0.0020411303186679995 0.0004496182348032022 6.357512414407424e-05 1.062854686258424e-06 0.0 0.0 0.0 0.0 0.0 0.0 0.0 0.0 0.0
80 0.0 0.0 0.0 0.0 0.0 0.0 0.0 0.0 0.0 3.895696362167861e-07 0.00032159320613653374 0.0014054316687524104 0.0029344562010939325 0.005646596218176533 0.015596386465806555 0.03181977211362627 0.05229476110059715 0.07872904897441259 0.10750037979380536 0.13280878100049884 0.14215031388882313 0.13280378264379136 0.10744310320427443 0.07866635727904686 0.052246579292990834 0.031418982460447026 0.01554372129031027 0.005851756166050053 0.003045837678535839 0.0014611498894953558 0.000310770894821219 4.899887002513524e-08 0.0 0.0 0.0 0.0 0.0 0.0 0.0 0.0 0.0
81 0.0 0.0 0.0 0.0 0.0 0.0 0.0 0.0 0.0 8.523512228889616e-07 5.447910243385804e-05 0.0003285194702648829 0.002001341117349653 0.007939490736143542 0.01690446402978892 0.03286994709213055 0.05958374377891044 0.0874425606247237 0.11434922549082502 0.13283816995942124 0.13678422151832795 0.1261895573978691 0.10520349602767083 0.07703817125779548 0.0486639154459581 0.02814891937264608 0.014920107783428225 0.006462900733163841 0.001998999293381992 0.00024537924455343745 2.9387378838316205e-05 2.1507931509273826e-06 0.0 0.0 0.0 0.0 0.0 0.0 0.0 0.0 0.0
82 0.0 0.0 0.0 0.0 0.0 0.0 0.0 0.0 0.0 1.98077893553834e-06 7.282226452133806e-05 0.00044424352629101547 0.002127176425867367 0.007967387559484862 0.017209848081303762 0.03367078608572833 0.05979846604265974 0.08694871298537876 0.11346229326457283 0.12915119030227407 0.13176841878492668 0.12316128859690947 0.10541988956042922 0.0827750150779185 0.05150366327265225 0.029372604983408553 0.01598962065417292 0.0063146657234943995 0.002429371632485446 0.0003539219819905657 5.246398197887115e-05 4.168432615435176e-06 0.0 0.0 0.0 0.0 0.0 0.0 0.0 0.0 0.0
83 0.0 0.0 0.0 0.0 0.0 0.0 0.0 0.0 0.0 1.8004978874338592e-07 6.495211837725323e-05 0.00031136047702486075 0.0018821160441663573 0.007376049787628704 0.0162426861324486 0.03168166321904618 0.05698924970607865 0.08329404423849161 0.11217883794167359 0.1356745852900639 0.1428308308340577 0.13080826321779715 0.10604607088437575 0.07481156671167664 0.04857684223684586 0.02817191094128074 0.014207425127787266 0.006691371075632697 0.0019124127118838091 0.00022333838082123347 2.393699057327306e-05 3.0588247995350846e-07 0.0 0.0 0.0 0.0 0.0 0.0 0.0 0.0 0.0
