data/processed/NGC4621/histograms_set_o.ecsv
# %ECSV 1.0
# ---
# datatype:
# - {name: binID, datatype: int64}
# - {name: losvd_0, datatype: float64}
# - {name: losvd_1, datatype: float64}
# - {name: losvd_2, datatype: float64}
# - {name: losvd_3, datatype: float64}
# - {name: losvd_4, datatype: float64}
# - {name: losvd_5, datatype: float64}
# - {name: losvd_6, datatype: float64}
# - {name: losvd_7, datatype: float64}
# - {name: losvd_8, datatype: float64}
# - {name: losvd_9, datatype: float64}
# - {name: losvd_10, datatype: float64}
# - {name: losvd_11, datatype: float64}
# - {name: losvd_12, datatype: float64}
# - {name: losvd_13, datatype: float64}
# - {name: losvd_14, datatype: float64}
# - {name: losvd_15, datatype: float64}
# - {name: losvd_16, datatype: float64}
# - {name: losvd_17, datatype: float64}
# - {name: losvd_18, datatype: float64}
# - {name: losvd_19, datatype: float64}
# - {name: losvd_20, datatype: float64}
# - {name: losvd_21, datatype: float64}
# - {name: losvd_22, datatype: float64}
# - {name: losvd_23, datatype: float64}
# - {name: losvd_24, datatype: float64}
# - {name: losvd_25, datatype: float64}
# - {name: losvd_26, datatype: float64}
# - {name: losvd_27, datatype: float64}
# - {name: losvd_28, datatype: float64}
# - {name: losvd_29, datatype: float64}
# - {name: losvd_30, datatype: float64}
# - {name: losvd_31, datatype: float64}
# - {name: losvd_32, datatype: float64}
# - {name: losvd_33, datatype: float64}
# - {name: losvd_34, datatype: float64}
# - {name: losvd_35, datatype: float64}
# - {name: losvd_36, datatype: float64}
# - {name: losvd_37, datatype: float64}
# - {name: losvd_38, datatype: float64}
# - {name: losvd_39, datatype: float64}
# - {name: losvd_40, datatype: float64}
# meta: !!omap
# - {dv: 80.0}
# - vcent: [-1600.0, -1520.0, -1440.0, -1360.0, -1280.0, -1200.0, -1120.0, -1040.0, -960.0, -880.0, -800.0, -720.0, -640.0, -560.0, -480.0,
#     -400.0, -320.0, -240.0, -160.0, -80.0, 0.0, 80.0, 160.0, 240.0, 320.0, 400.0, 480.0, 560.0, 640.0, 720.0, 800.0, 880.0, 960.0, 1040.0,
#     1120.0, 1200.0, 1280.0, 1360.0, 1440.0, 1520.0, 1600.0]
# - {nbins: 618}
# - {nvbins: 41}
# schema: astropy-2.0
binID losvd_0 losvd_1 losvd_2 losvd_3 losvd_4 losvd_5 losvd_6 losvd_7 losvd_8 losvd_9 losvd_10 losvd_11 losvd_12 losvd_13 losvd_14 losvd_15 losvd_16 losvd_17 losvd_18 losvd_19 losvd_20 losvd_21 losvd_22 losvd_23 losvd_24 losvd_25 losvd_26 losvd_27 losvd_28 losvd_29 losvd_30 losvd_31 losvd_32 losvd_33 losvd_34 losvd_35 losvd_36 losvd_37 losvd_38 losvd_39 losvd_40
[from data line 467]
468 0.0 0.0 0.0 0.0 0.0 0.0 0.0 0.0 0.0 0.0 0.0 0.00014675446822707227 0.0009228139214197754 0.005808577264371238 0.01759627022606289 0.03835348117257341 0.07409395244337567 0.10995087823727755 0.13326529366204018 0.14297377382607676 0.13218115395402047 0.1151899768982109 0.09194783828784363 0.0654037043904026 0.03891425273321311 0.021599956124767807 0.009624385615740333 0.0017994711190941896 0.00020703717388004277 2.0428481401687585e-05 0.0 0.0 0.0 0.0 0.0 0.0 0.0 0.0 0.0 0.0 0.0
469 0.0 0.0 0.0 0.0 0.0 0.0 0.0 0.0 0.0 0.0 0.0 0.00013941148417106667 0.0008741259273838242 0.005297584478179588 0.017314612030122908 0.038196938566211126 0.07237458855312445 0.10484897986997219 0.13152053729996627 0.14381255147896035 0.13724166091945023 0.11916123654361642 0.09399278856102974 0.06477298603005657 0.03863949656329248 0.021161720480182028 0.008877913112935579 0.0015491657628280344 0.00018998121426500633 3.370601240395828e-05 1.51118469618832e-08 0.0 0.0 0.0 0.0 0.0 0.0 0.0 0.0 0.0 0.0
470 0.0 0.0 0.0 0.0 0.0 0.0 0.0 0.0 0.0 0.0 3.3117319168077406e-05 0.0014772021066950629 0.0051604028897305814 0.007318552543263681 0.014732240560139664 0.028277659338064164 0.04885048424305745 0.07613410767380253 0.10710266431563195 0.1346144710771413 0.14645611490346808 0.1361466878190023 0.10852909050544772 0.0783507192780504 0.050385516019008134 0.0286107963914676 0.014913755254431355 0.006532439498718541 0.0047343704470096185 0.0016023789466310583 3.7220743887763074e-05 8.126181236802151e-09 0.0 0.0 0.0 0.0 0.0 0.0 0.0 0.0 0.0
471 0.0 0.0 0.0 0.0 0.0 0.0 0.0 0.0 0.0 2.416437150403903e-08 1.8110491565829178e-06 0.0007240450192183027 0.0025604614128691074 0.005967137650177813 0.015036374937148366 0.02810124815084476 0.05179705218502215 0.08117414940569259 0.11188214161377033 0.1383851402344901 0.14772837803007796 0.13581572381831206 0.1070265943613019 0.07501076406583969 0.04748762912192832 0.026638089564071932 0.014897073242626697 0.006585762786143508 0.0026733641468845337 0.0005053145744058082 1.7037311507601843e-06 1.6734494305649928e-08 0.0 0.0 0.0 0.0 0.0 0.0 0.0 0.0 0.0
472 0.0 0.0 0.0 0.0 0.0 0.0 0.0 0.0 0.0 0.0 4.968236651978391e-07 3.671514650297042e-05 0.0005552330721279746 0.0037069597040499903 0.011537104765575594 0.02343122133466124 0.042400644908784396 0.06999795261650309 0.10445787127051318 0.13372595498397835 0.15083045422472335 0.14342912689548945 0.11956054071906835 0.08726914149978636 0.056300386426070916 0.031122410873633603 0.014991548678708633 0.005389546666915819 0.0011741563857005355 8.230652153308036e-05 2.2648200805999876e-07 0.0 0.0 0.0 0.0 0.0 0.0 0.0 0.0 0.0 0.0
473 0.0 0.0 0.0 0.0 0.0 0.0 0.0 0.0 0.0 0.0 1.7245328713557247e-05 0.001617334708453167 0.005862019594060044 0.007283145194139204 0.014580831014882199 0.028550109050225918 0.04932378488379016 0.07659968528496941 0.10718427314856803 0.13539305779279526 0.1469611294688568 0.1352394697189855 0.10732632997811381 0.07661855995740902 0.049495558859847626 0.02846416483658242 0.014547203613771882 0.007299640894839429 0.005990528506882519 0.0016287566810312011 1.717148308188789e-05 0.0 0.0 0.0 0.0 0.0 0.0 0.0 0.0 0.0 0.0
474 0.0 0.0 0.0 0.0 0.0 0.0 0.0 0.0 0.0 0.0 6.654251477359207e-07 0.00030557374835781166 0.0017433411508055094 0.005745026466639387 0.014656101574520854 0.02870431580490085 0.05309202009279161 0.08384343209126081 0.11494141020719502 0.14164512627906417 0.1510385708326859 0.13500605921963654 0.10403254400808869 0.07349370649129781 0.04543403350925537 0.025740081021223174 0.013896307165695006 0.005258295687646984 0.001275816623893812 0.00014681640292430376 7.561969678518528e-07 0.0 0.0 0.0 0.0 0.0 0.0 0.0 0.0 0.0 0.0
475 0.0 0.0 0.0 0.0 0.0 0.0 0.0 0.0 0.0 0.0 9.72433742886713e-09 0.00015219960066864034 0.0009078678587975968 0.005911429526136012 0.01695048099153379 0.037328111211421856 0.07060711944255693 0.10223924187361019 0.12935253599249263 0.14303167113382664 0.13682445890860556 0.12028709312652039 0.09504138840527757 0.06665917122751407 0.040307665182500875 0.022023909890163 0.00986042887501267 0.0022217429341066714 0.0002561846521389441 3.7176483227125324e-05 1.1295955115884087e-07 0.0 0.0 0.0 0.0 0.0 0.0 0.0 0.0 0.0 0.0
476 0.0 0.0 0.0 0.0 0.0 0.0 0.0 0.0 0.0 2.5092949741867565e-08 5.968343394254478e-08 6.964987934876653e-05 0.0008563909980733989 0.004567306300495498 0.012520421694088957 0.024804854922704674 0.04375677866288534 0.07147853197023837 0.10411313203588206 0.13435619925374384 0.15188894084054988 0.14316620657793133 0.11736742741533764 0.08552859373935832 0.054198093481974345 0.029510421444766878 0.014397575113198917 0.005703442524580713 0.0015093675772098376 0.00020642446761854724 1.5632362884311496e-07 0.0 0.0 0.0 0.0 0.0 0.0 0.0 0.0 0.0 0.0
477 0.0 0.0 0.0 0.0 0.0 0.0 0.0 0.0 0.0 0.0 1.4376440842332693e-05 0.0009664510014542293 0.0035477237477507546 0.006220143708866031 0.014917911053151 0.028186871823982933 0.05134936609318832 0.08036444661197077 0.11075139750582268 0.13693780557942256 0.14658894147671503 0.13478087817207046 0.1076187995564516 0.07571557975382195 0.04796577430226714 0.027147486089677986 0.01491045467172857 0.007262957596083094 0.003973918101821751 0.0007701461374815987 8.570575429086617e-06 0.0 0.0 0.0 0.0 0.0 0.0 0.0 0.0 0.0 0.0
478 0.0 0.0 0.0 0.0 0.0 0.0 0.0 0.0 0.0 0.0 0.0 4.429369839739655e-05 0.00022433388126630446 0.0019131910039828384 0.00904897885405719 0.021387332782089496 0.03953490502544231 0.0663670532028903 0.0966053416997148 0.12332999038536632 0.1415929009331176 0.14369009802017293 0.12733450254925205 0.09952421775111978 0.06977629659359305 0.036444071424553984 0.01672788223784641 0.005434200149974653 0.00086584744674861 0.0001545623604130856 0.0 0.0 0.0 0.0 0.0 0.0 0.0 0.0 0.0 0.0 0.0
479 0.0 0.0 0.0 0.0 0.0 0.0 0.0 0.0 0.0 0.0 1.0039208679681026e-06 0.000576852161418171 0.003468962350438171 0.00699758873704207 0.015078598537843858 0.026704105781111234 0.047758298478665896 0.0749411160396981 0.10721696774736653 0.13479538131740193 0.1469583311947097 0.1382957904086441 0.11190028193222759 0.08083041626784337 0.05179021469143219 0.02764171383948913 0.014817371815991765 0.006216659323060905 0.0032098228364763654 0.0007968713113898581 3.6513068800374783e-06 0.0 0.0 0.0 0.0 0.0 0.0 0.0 0.0 0.0 0.0
480 0.0 0.0 0.0 0.0 0.0 0.0 0.0 0.0 0.0 0.0 3.15731713137033e-07 0.0001691166276121571 0.001472097349185077 0.005512052227598112 0.014373672794509065 0.025899171051598297 0.04576809233178748 0.07325595255632936 0.1044892458947218 0.13591340761915777 0.151028859720118 0.14182609558856865 0.11432594613155869 0.08273162275935785 0.05252821261578869 0.027985357971569227 0.014700956296258779 0.005865002919178246 0.0018261183174195486 0.0003270948297601838 1.6086662087490852e-06 0.0 0.0 0.0 0.0 0.0 0.0 0.0 0.0 0.0 0.0
481 0.0 0.0 0.0 0.0 0.0 0.0 0.0 0.0 0.0 0.0 0.0 1.675201990966421e-05 0.0001755548946354999 0.0010994567643581256 0.007434393687015321 0.018836763082627488 0.03649189445934471 0.06284287741834428 0.09182247595653154 0.11706236005945422 0.13541675956522342 0.14552033879732232 0.13495118232247072 0.11022598332769129 0.07535171692154818 0.039795765791438543 0.017040840225703704 0.004764287532605536 0.001038243669776326 0.0001123535039980663 0.0 0.0 0.0 0.0 0.0 0.0 0.0 0.0 0.0 0.0 0.0
482 0.0 0.0 0.0 0.0 0.0 0.0 0.0 0.0 0.0 0.0 0.0 2.3908472562539778e-05 0.00019331594196955935 0.0013184814051401014 0.007252111284159566 0.01904613583204614 0.03657252179570781 0.06384157771950609 0.09504469142741338 0.12259877716578897 0.1444315993591763 0.14733039915512705 0.12996914719484826 0.1038062137190794 0.06985152586307564 0.036931341750767815 0.016382844781208567 0.004493350317866457 0.000840464829063883 7.158549640107527e-05 6.489091537247634e-09 0.0 0.0 0.0 0.0 0.0 0.0 0.0 0.0 0.0 0.0
483 0.0 0.0 0.0 0.0 0.0 0.0 0.0 0.0 0.0 0.0 1.2203338289545404e-09 1.034360907040394e-05 0.00015880086375628488 0.001165478700817687 0.0076485376780968065 0.01983919836178348 0.037387061286329994 0.06145681212338952 0.08897095018640815 0.1124478217108417 0.13143837521773774 0.14457867071843028 0.1373720499463664 0.11617150744480324 0.07708538564736479 0.04102532368969926 0.017166062401793143 0.005024583006362878 0.0009199367328794027 0.0001330992120275403 2.4170691564506925e-10 0.0 0.0 0.0 0.0 0.0 0.0 0.0 0.0 0.0 0.0
484 0.0 0.0 0.0 0.0 0.0 0.0 0.0 0.0 0.0 0.0 1.737901935219041e-08 6.0655800932151745e-05 0.0003268640125359452 0.002593953907238214 0.010251479353204864 0.022146863737879857 0.04104003395634301 0.06793541115342396 0.10118875834260031 0.13113070917866568 0.14953396824880114 0.14496747578254057 0.12192487029477465 0.09052356831714524 0.06116850166662737 0.03316729016129073 0.015795309266944283 0.0052609907190792424 0.0009031841825514874 8.009453840059963e-05 0.0 0.0 0.0 0.0 0.0 0.0 0.0 0.0 0.0 0.0 0.0
485 0.0 0.0 0.0 0.0 0.0 0.0 0.0 0.0 0.0 0.0 1.7015813491095492e-05 0.0014519683151879008 0.004762049408887728 0.006920073040626989 0.014906304941009512 0.028008956860350744 0.05088713241557926 0.07894232684058465 0.10933967652205188 0.13681601679725358 0.14630244024871772 0.1339352837790268 0.10678553664856387 0.07601777617514018 0.04834862240754493 0.027556722486547763 0.014892452817763116 0.0077451301191770305 0.005079458210663216 0.001267863341223545 1.7157051596205795e-05 3.575901099951339e-08 0.0 0.0 0.0 0.0 0.0 0.0 0.0 0.0 0.0
486 0.0 0.0 0.0 0.0 0.0 0.0 0.0 0.0 0.0 0.0 2.697938867900867e-08 6.758953510719638e-05 0.0009394368210905018 0.005531034899985873 0.015780753936324773 0.03337480635506542 0.06054644907072891 0.08996395357296451 0.12097340653632327 0.14365431196226996 0.14809932588095137 0.13098112067389767 0.10238339570965305 0.06905983079814229 0.041717815690817665 0.02252260279167295 0.01083841666611767 0.0031545144140450697 0.0003575279400322198 5.3641212716010323e-05 3.85527048355775e-08 0.0 0.0 0.0 0.0 0.0 0.0 0.0 0.0 0.0 0.0
487 0.0 0.0 0.0 0.0 0.0 0.0 0.0 0.0 0.0 3.229065152524036e-08 7.62138926190692e-08 7.892935597014816e-05 0.001122206842896551 0.005386899195180211 0.015326093372422094 0.03154984631553016 0.0571311723981211 0.08776564343826766 0.12008717479202245 0.1432762971877664 0.15027307984397809 0.13315664332081034 0.1042974919277917 0.06981550237731761 0.04207082793061121 0.02311531957996271 0.0113972920407536 0.0035782159610793125 0.0005264943348869338 4.465210528634431e-05 1.0517736513491175e-07 3.997436380918725e-09 0.0 0.0 0.0 0.0 0.0 0.0 0.0 0.0 0.0
488 0.0 0.0 0.0 0.0 0.0 0.0 0.0 0.0 0.0 0.0 0.0 4.4857026444335173e-05 0.000196836514814146 0.0014966595854644135 0.008443407293231429 0.02058724278940876 0.0381598896766622 0.06473860126434212 0.09449155129341127 0.12051032217987473 0.13920641043048626 0.14424024057856005 0.13075927451642716 0.10403393663329537 0.07213286892998466 0.037763691156768316 0.017031213694739512 0.00508604652617724 0.0009199211640195087 0.000157028745888318 0.0 0.0 0.0 0.0 0.0 0.0 0.0 0.0 0.0 0.0 0.0
489 0.0 0.0 0.0 0.0 0.0 0.0 0.0 0.0 0.0 0.0 4.430605660652389e-06 0.00019321610394677137 0.0015229553538898305 0.0055669586373935835 0.014537797153653557 0.029139202713532302 0.05380948537672403 0.08495710493688992 0.1168938654671367 0.14319035614197798 0.15190033957955518 0.13458465314515722 0.10404424236204875 0.07197768228614689 0.04391360814841049 0.02503150070206038 0.012995430230837261 0.004761313714398022 0.0009030665763624772 6.940576256573105e-05 3.3850016501205807e-06 0.0 0.0 0.0 0.0 0.0 0.0 0.0 0.0 0.0 0.0
490 0.0 0.0 0.0 0.0 0.0 0.0 0.0 0.0 0.0 0.0 0.0 5.219464200792388e-05 0.00024037825526844318 0.0021938670675641604 0.009577895204075523 0.021738439084123432 0.04021398845388947 0.06756826438694781 0.09903477474140805 0.12769982390849757 0.14653770867308405 0.14432815158994838 0.12349603910818174 0.09482438294653993 0.0655886496612764 0.03448222502432144 0.01625613957708674 0.005280276797602828 0.0007975859318846591 8.921494629040269e-05 0.0 0.0 0.0 0.0 0.0 0.0 0.0 0.0 0.0 0.0 0.0
491 0.0 0.0 0.0 0.0 0.0 0.0 0.0 0.0 0.0 0.0 0.0 2.9358924076381735e-05 0.0001635029506964364 0.0014392557757090334 0.0076547859232150225 0.019856492310391678 0.03744936879074922 0.06318526073296396 0.09150260213009433 0.11671120734863269 0.135495394757676 0.14475571148272887 0.13470607353175715 0.10940436114564948 0.07500418091561914 0.03941122212999745 0.016943574021866907 0.005215005815660302 0.0009378795999185459 0.00013476171259674364 0.0 0.0 0.0 0.0 0.0 0.0 0.0 0.0 0.0 0.0 0.0
492 0.0 0.0 0.0 0.0 0.0 0.0 0.0 0.0 0.0 0.0 0.0 4.127091896595134e-05 0.0003898660155134249 0.0028266055765417387 0.010834786534896591 0.022718853122296608 0.04123478779431682 0.06755772920666561 0.10281759375752557 0.13312029499445668 0.15203058905476718 0.14534621639796058 0.12173300142030627 0.08764604667432915 0.05814847491301032 0.03170129692848176 0.015510553309841725 0.0051421526963504076 0.0011228903173602207 7.69867517343331e-05 3.6146771322046973e-09 0.0 0.0 0.0 0.0 0.0 0.0 0.0 0.0 0.0 0.0
493 0.0 0.0 0.0 0.0 0.0 0.0 0.0 0.0 0.0 3.997930779096598e-08 2.3396712695644223e-07 0.0002240984736998448 0.002614563298310716 0.0062901605715459125 0.014544921691981311 0.02584129084197582 0.04704767715938595 0.07376634980518668 0.10563855948428699 0.13570319468227918 0.1498458436575222 0.14126393075002447 0.11350475301362487 0.08107386386077094 0.0521327785804099 0.026764357282667774 0.014582883969684528 0.0060084001770418175 0.0028261831037427413 0.0003255619870509256 3.5366237144650376e-07 0.0 0.0 0.0 0.0 0.0 0.0 0.0 0.0 0.0 0.0
494 0.0 0.0 0.0 0.0 0.0 0.0 0.0 0.0 0.0 0.0 1.2817919969925572e-07 0.00014957178969092738 0.0013652508450225787 0.005551076511568252 0.014791686190236726 0.02982977181491296 0.05494552242780149 0.08572478199358322 0.11851668508355716 0.14378062846001283 0.1521474582715135 0.1342791370755218 0.10402747696467163 0.07030201092659207 0.04299197267883294 0.02416261970054126 0.01235085668580885 0.00430101341206312 0.0007231170886195093 5.916482185633474e-05 6.907839185638522e-08 0.0 0.0 0.0 0.0 0.0 0.0 0.0 0.0 0.0 0.0
495 0.0 0.0 0.0 0.0 0.0 0.0 0.0 0.0 0.0 0.0 0.0 0.0001283686244646793 0.0008677029993934455 0.005677106981632331 0.016361716741116143 0.03555144449838277 0.06630590669207882 0.09534055140802054 0.12381142943757903 0.1432194834769561 0.14326610160950298 0.12637911334994859 0.09897552008464623 0.06807508137997359 0.040971461522919125 0.022179846471162164 0.01004971308590383 0.0024975507204214272 0.0002749187934040005 6.6981984783996e-05 1.3770991042620713e-10 0.0 0.0 0.0 0.0 0.0 0.0 0.0 0.0 0.0 0.0
496 0.0 0.0 0.0 0.0 0.0 0.0 0.0 0.0 0.0 1.978921273403014e-08 3.5448700063937877e-06 0.0011963189997012615 0.0055587628295454975 0.008142943551067344 0.014563855778095096 0.02754202705866132 0.04815357561875154 0.0756885827976455 0.10683779535575931 0.1338488552681505 0.14651833282365412 0.13715774492226745 0.10954922705054926 0.07919429722275617 0.050118369663354125 0.027770676358123903 0.014506592001459533 0.007122736550092858 0.005217077770042687 0.0013038445224552355 4.819198648285753e-06 0.0 0.0 0.0 0.0 0.0 0.0 0.0 0.0 0.0 0.0
497 0.0 0.0 0.0 0.0 0.0 0.0 0.0 0.0 0.0 2.0679620255520123e-08 4.042740258693553e-09 3.623988308009843e-05 0.0004966385127082598 0.0034957600837707357 0.011198568590642107 0.023419551401776283 0.04222756897143796 0.0683045022853987 0.10362221768541764 0.13462118470771398 0.15402558147866505 0.14574456359877072 0.12053229764809983 0.08548031767967207 0.055913447165684034 0.02986789579879285 0.01436577935830648 0.005231965626223461 0.0012960482388074785 0.00011982615161829324 2.0411053139268403e-08 0.0 0.0 0.0 0.0 0.0 0.0 0.0 0.0 0.0 0.0
