data/processed/NGC4621/histograms_set_o.ecsv
# %ECSV 1.0
# ---
# datatype:
# - {name: binID, datatype: int64}
# - {name: losvd_0, datatype: float64}
# - {name: losvd_1, datatype: float64}
# - {name: losvd_2, datatype: float64}
# - {name: losvd_3, datatype: float64}
# - {name: losvd_4, datatype: float64}
# - {name: losvd_5, datatype: float64}
# - {name: losvd_6, datatype: float64}
# - {name: losvd_7, datatype: float64}
# - {name: losvd_8, datatype: float64}
# - {name: losvd_9, datatype: float64}
# - {name: losvd_10, datatype: float64}
# - {name: losvd_11, datatype: float64}
# - {name: losvd_12, datatype: float64}
# - {name: losvd_13, datatype: float64}
# - {name: losvd_14, datatype: float64}
# - {name: losvd_15, datatype: float64}
# - {name: losvd_16, datatype: float64}
# - {name: losvd_17, datatype: float64}
# - {name: losvd_18, datatype: float64}
# - {name: losvd_19, datatype: float64}
# - {name: losvd_20, datatype: float64}
# - {name: losvd_21, datatype: float64}
# - {name: losvd_22, datatype: float64}
# - {name: losvd_23, datatype: float64}
# - {name: losvd_24, datatype: float64}
# - {name: losvd_25, datatype: float64}
# - {name: losvd_26, datatype: float64}
# - {name: losvd_27, datatype: float64}
# - {name: losvd_28, datatype: float64}
# - {name: losvd_29, datatype: float64}
# - {name: losvd_30, datatype: float64}
# - {name: losvd_31, datatype: float64}
# - {name: losvd_32, datatype: float64}
# - {name: losvd_33, datatype: float64}
# - {name: losvd_34, datatype: float64}
# - {name: losvd_35, datatype: float64}
# - {name: losvd_36, datatype: float64}
# - {name: losvd_37, datatype: float64}
# - {name: losvd_38, datatype: float64}
# - {name: losvd_39, datatype: float64}
# - {name: losvd_40, datatype: float64}
# meta: !!omap
# - {dv: 80.0}
# - vcent: [-1600.0, -1520.0, -1440.0, -1360.0, -1280.0, -1200.0, -1120.0, -1040.0, -960.0, -880.0, -800.0, -720.0, -640.0, -560.0, -480.0,
#     -400.0, -320.0, -240.0, -160.0, -80.0, 0.0, 80.0, 160.0, 240.0, 320.0, 400.0, 480.0, 560.0, 640.0, 720.0, 800.0, 880.0, 960.0, 1040.0,
#     1120.0, 1200.0, 1280.0, 1360.0, 1440.0, 1520.0, 1600.0]
# - {nbins: 618}
# - {nvbins: 41}
# schema: astropy-2.0
binID losvd_0 losvd_1 losvd_2 losvd_3 losvd_4 losvd_5 losvd_6 losvd_7 losvd_8 losvd_9 losvd_10 losvd_11 losvd_12 losvd_13 losvd_14 losvd_15 losvd_16 losvd_17 losvd_18 losvd_19 losvd_20 losvd_21 losvd_22 losvd_23 losvd_24 losvd_25 losvd_26 losvd_27 losvd_28 losvd_29 losvd_30 losvd_31 losvd_32 losvd_33 losvd_34 losvd_35 losvd_36 losvd_37 losvd_38 losvd_39 losvd_40
[from data line 407]
408 0.0 0.0 0.0 0.0 0.0 0.0 0.0 0.0 0.0 3.992144342466745e-08 2.1330086929125533e-05 0.0002865338998084847 0.001546186985686572 0.006450545923446309 0.016025041634299245 0.03054681727241207 0.05563537140170264 0.08414677054415881 0.1135571246524935 0.13873133885650646 0.1464145265650448 0.13209146121273208 0.10383208088824834 0.07429805372859308 0.047690714907922475 0.026568059345724548 0.014149458900592092 0.0063872552140606005 0.001413176450211878 0.00019716481476322146 1.0942146471846357e-05 4.6467469095962254e-09 0.0 0.0 0.0 0.0 0.0 0.0 0.0 0.0 0.0
409 0.0 0.0 0.0 0.0 0.0 0.0 0.0 0.0 0.0 6.130104231814622e-08 2.1813564369349663e-06 5.315712752957731e-05 0.0007207976522591298 0.004803133508961255 0.012092099831310332 0.023390702599630324 0.04388588278609063 0.07138589090914362 0.1027218747765955 0.1291813925411971 0.14492332771109406 0.14240569995499552 0.11933690169022453 0.09016267688776654 0.05871305372494093 0.03263393273707112 0.016101794283763623 0.0061678855172679955 0.0012362618050906012 7.846493444076488e-05 2.8263631469504075e-06 0.0 0.0 0.0 0.0 0.0 0.0 0.0 0.0 0.0 0.0
410 0.0 0.0 0.0 0.0 0.0 0.0 0.0 0.0 0.0 1.5291949145345684e-07 5.802293863553928e-05 0.0005445670490923532 0.0019035627750677356 0.006440573892092384 0.01619991970026448 0.030790816874291263 0.05418028952098703 0.08132758511690785 0.11077844827778006 0.13603854049041073 0.14541706367638887 0.13361550088153903 0.10573917036746872 0.0753843820876221 0.04943470058503948 0.027554350753966592 0.015202487076086017 0.0068312734635777505 0.002058179783923265 0.00047011525042724405 3.024296409573155e-05 5.3554844792989534e-08 0.0 0.0 0.0 0.0 0.0 0.0 0.0 0.0 0.0
411 0.0 0.0 0.0 0.0 0.0 0.0 0.0 0.0 0.0 0.0 2.860371789292516e-07 6.875228682973074e-05 0.0011769797831623703 0.0062783398073679 0.01670802016977017 0.036821573190242006 0.06674354004849897 0.09863384430485755 0.12566511359667287 0.1415358380539453 0.13727256871242083 0.12175287262362186 0.09832551541565443 0.06939827454221849 0.04200702200839713 0.022728273164267617 0.010867808211705481 0.003496578150471389 0.0004898462139942745 2.80631378014526e-05 8.752757734613191e-07 1.5265147160355756e-08 0.0 0.0 0.0 0.0 0.0 0.0 0.0 0.0 0.0
412 0.0 0.0 0.0 0.0 0.0 0.0 0.0 0.0 0.0 1.936114833341456e-08 0.00016559837709448623 0.0014025046675239987 0.0032832460933668547 0.0057893492982879925 0.015438887966682269 0.031173558166261432 0.0517034918036739 0.07867583618553449 0.10729769343853911 0.13354605963299238 0.14437327101836347 0.13390277290253963 0.10777817166728768 0.07776736003842763 0.05065127017682129 0.029779198461351557 0.015284765685584852 0.006712850226830849 0.003737192330590679 0.0013989700459921118 0.00013789193460396907 4.052050018799725e-08 0.0 0.0 0.0 0.0 0.0 0.0 0.0 0.0 0.0
413 0.0 0.0 0.0 0.0 0.0 0.0 0.0 0.0 0.0 1.5237958705577284e-08 0.00014101673693445245 0.0008531051142287243 0.002372032858449787 0.006153982123767568 0.016172340928926675 0.03095190081821971 0.05327283645952586 0.07997824587564231 0.10909571020948636 0.13410439002795937 0.14434353757028331 0.13386102624859053 0.10727748658196468 0.07647246813295845 0.0501590767203237 0.028286196650073484 0.01584977247883304 0.007044197810646173 0.002789239450293167 0.0007259334230059525 9.545422811737277e-05 3.4313809738110606e-08 0.0 0.0 0.0 0.0 0.0 0.0 0.0 0.0 0.0
414 0.0 0.0 0.0 0.0 0.0 0.0 0.0 0.0 0.0 2.5302859033326356e-08 5.118228087793041e-07 3.729897247915896e-05 0.0003109436376003727 0.00261046791513504 0.010204497198013964 0.022204120449734813 0.040401643206385104 0.06782100296731229 0.09607078140505977 0.11937624866944216 0.13542888944132983 0.14205324290589838 0.1291096355589121 0.10273782446683719 0.07005145370127867 0.03738971136289268 0.016904505390379944 0.006134914783141358 0.0010295967497274874 0.0001226413102149957 4.2782556258426414e-08 0.0 0.0 0.0 0.0 0.0 0.0 0.0 0.0 0.0 0.0
415 0.0 0.0 0.0 0.0 0.0 0.0 0.0 0.0 0.0 0.0 1.5283715424172538e-09 1.707890785283322e-05 0.00021857142107884693 0.0018052020756748287 0.009362404796166457 0.021703000774278124 0.038537170282619396 0.06470080574834533 0.09076657449638605 0.11394654573236895 0.13063041085022883 0.14327590028424636 0.13399363315220097 0.11253147798455436 0.07524491663147133 0.03863534929895062 0.017555252719113377 0.005939090598829662 0.0010089944204897552 0.00012761829677276207 0.0 0.0 0.0 0.0 0.0 0.0 0.0 0.0 0.0 0.0 0.0
416 0.0 0.0 0.0 0.0 0.0 0.0 0.0 0.0 0.0 0.0 0.0 2.5527584738577774e-05 0.00018700788825547085 0.0015234303747694387 0.00888120057491298 0.021237166253813975 0.03840853314393643 0.06365482872211017 0.09090592206564918 0.11510619766509167 0.13293534343994534 0.14413753570079957 0.13441941496895027 0.11080466407346021 0.07469126965015596 0.03906295227972434 0.017341830428478533 0.005512642421799495 0.001000989106155151 0.00016353013961395836 1.3517638377880095e-08 0.0 0.0 0.0 0.0 0.0 0.0 0.0 0.0 0.0 0.0
417 0.0 0.0 0.0 0.0 0.0 0.0 0.0 0.0 0.0 6.990537115593363e-08 0.00011379197415245675 0.0011659943782753896 0.002923790136718446 0.005931649411549389 0.015696438300640735 0.030803985240319905 0.05219193668853496 0.07936005129184247 0.10808709972445042 0.1335494627440275 0.14467574578943596 0.13416463981878488 0.1081788515876154 0.07708214469970133 0.0502303167097499 0.028926208112348403 0.015393734246101309 0.006866581117380482 0.0035212745970539775 0.001058637730230548 7.759579571283718e-05 0.0 0.0 0.0 0.0 0.0 0.0 0.0 0.0 0.0 0.0
418 0.0 0.0 0.0 0.0 0.0 0.0 0.0 0.0 0.0 0.0 1.8598729710748773e-05 0.00031607053938926475 0.0016508467835078193 0.006501853058168681 0.016073296550463453 0.03037876419909324 0.054762055893251546 0.08359692527301832 0.11283149425554896 0.13839935956877053 0.14690209897372408 0.13292954683258631 0.10394662846860216 0.07445614342267538 0.04773689182566131 0.02658599959481298 0.014554039210272651 0.006537738416111923 0.001565776206364094 0.00024021323279206912 1.5658965474595784e-05 0.0 0.0 0.0 0.0 0.0 0.0 0.0 0.0 0.0 0.0
419 0.0 0.0 0.0 0.0 0.0 0.0 0.0 0.0 0.0 3.570452293729382e-08 7.221590259013104e-07 0.00014971457843831738 0.0014431479400509556 0.006225129472384672 0.015718871101158105 0.030707618264364026 0.056247864293214815 0.08677123696491688 0.11631571440231608 0.14064348521167888 0.14708814099889908 0.13131553359091722 0.10354463249534883 0.07334395927715864 0.045778100559685515 0.02487471966088809 0.01294932091640703 0.005713654492460711 0.0010604518018990246 0.00010507220930933798 2.873904954813584e-06 0.0 0.0 0.0 0.0 0.0 0.0 0.0 0.0 0.0 0.0
420 0.0 0.0 0.0 0.0 0.0 0.0 0.0 0.0 0.0 0.0 9.90075398855227e-07 7.286799510761719e-05 0.0011202734158281334 0.006157660954077716 0.016456692032844316 0.03581033028873894 0.0640468223608871 0.0951719626350593 0.12374532316160447 0.14293643696179528 0.14043321486341637 0.12429797469350926 0.09987451211434314 0.06931728624395807 0.04219764469056257 0.022872163555249948 0.011257219641791192 0.003716516086355125 0.0004775543217736853 3.58987240446715e-05 6.551836532314537e-07 0.0 0.0 0.0 0.0 0.0 0.0 0.0 0.0 0.0 0.0
421 0.0 0.0 0.0 0.0 0.0 0.0 0.0 0.0 0.0 0.0 1.2249788761326572e-06 4.044302249903104e-05 0.0005457567344301619 0.003843231983546538 0.011365360859181368 0.02280271943979151 0.04257450745557854 0.06999304083102593 0.10188041289787919 0.1287193983937684 0.14460042638399223 0.14287126103505612 0.12100913931994203 0.09148092727095562 0.06073008041565587 0.03419048270063712 0.016113823686034662 0.006054546640270323 0.0011255922251223406 5.6961154371224034e-05 6.625713866513274e-07 0.0 0.0 0.0 0.0 0.0 0.0 0.0 0.0 0.0 0.0
422 0.0 0.0 0.0 0.0 0.0 0.0 0.0 0.0 0.0 4.322039897685137e-08 5.3667577150116354e-05 0.0008358080187092011 0.002930722671258453 0.0068723747175461316 0.01550462185065227 0.02806924112897726 0.04942028440922173 0.07640749866772163 0.10756308898037799 0.13436955373030823 0.14481693398819392 0.1343853623020414 0.10944409347205833 0.08022099305615177 0.05275036749372728 0.030580026899470408 0.016077335677693788 0.006066223339486998 0.00250569829147372 0.0010331577901270762 9.285856579782345e-05 4.415145433620132e-08 0.0 0.0 0.0 0.0 0.0 0.0 0.0 0.0 0.0
423 0.0 0.0 0.0 0.0 0.0 0.0 0.0 0.0 0.0 4.0306783183298696e-08 1.0913112362360193e-05 0.00030041513890308137 0.001910315467703619 0.006524124882502798 0.014863864431858479 0.026980646594929 0.04813360882100734 0.07490626416948555 0.1052175687045833 0.13408263536856252 0.1466059160450786 0.13756534605110501 0.11171851922202591 0.08242171005877619 0.05380523706198788 0.030185125126195436 0.016053847976948643 0.006304834625871726 0.0019274266839641669 0.00045623617716075986 2.5403972204489047e-05 0.0 0.0 0.0 0.0 0.0 0.0 0.0 0.0 0.0 0.0
424 0.0 0.0 0.0 0.0 0.0 0.0 0.0 0.0 0.0 0.0 0.0 2.1323972117061117e-05 0.0001915915215647588 0.0017732233628468873 0.009386801462064208 0.021702915446801866 0.03869385486347364 0.06506140381383091 0.09159433206337063 0.11492241749530703 0.13158866018243068 0.1433655666431863 0.1335350782738864 0.110953745780574 0.07437121309619996 0.0385406705844189 0.017357402049207975 0.005812749925260517 0.000982414800537835 0.00014463466291930475 0.0 0.0 0.0 0.0 0.0 0.0 0.0 0.0 0.0 0.0 0.0
425 0.0 0.0 0.0 0.0 0.0 0.0 0.0 0.0 0.0 0.0 1.0071160017452695e-06 4.5109035869675595e-05 0.0006412705811520151 0.004483521924750547 0.011972120108639172 0.02324259298461302 0.04331765879060361 0.07148945399053398 0.10383144568657462 0.13115269961572337 0.14686067464386704 0.14216694469477684 0.11886714273642313 0.08894348631493361 0.057602128033481456 0.032278052537342526 0.01594273035424127 0.005949265760110628 0.0011415039642778966 7.096618767943844e-05 2.1394763407388793e-07 1.0990769765897525e-08 0.0 0.0 0.0 0.0 0.0 0.0 0.0 0.0 0.0
426 0.0 0.0 0.0 0.0 0.0 0.0 0.0 0.0 0.0 5.040556388078728e-09 7.246814362908339e-07 8.619495543611142e-05 0.001301552562508762 0.006350094872627322 0.01600590060775564 0.03189237504640481 0.057475085196460864 0.08890640489120644 0.11854045253946212 0.14197853325974505 0.14581423916835676 0.12991872879118174 0.10333349749977548 0.07196711213363101 0.044276097543511264 0.023707464467185836 0.012371736436009416 0.005205975158895715 0.000809665816039256 5.617379637441848e-05 1.954997116393564e-06 3.053832180446633e-08 0.0 0.0 0.0 0.0 0.0 0.0 0.0 0.0 0.0
427 0.0 0.0 0.0 0.0 0.0 0.0 0.0 0.0 0.0 2.771523866645629e-08 7.310471803483688e-05 0.0013136752393451356 0.0038460014268252123 0.006598551941674001 0.015284463165662758 0.029274256276822265 0.050275240745554915 0.0773028814466563 0.10801991520277103 0.1342632065649007 0.144837339145147 0.1337335388190635 0.10785092268808016 0.0788724505393056 0.051741172490563 0.030594458711773735 0.015489655058354892 0.0057853781201690595 0.0033600216232186624 0.001381281592356123 0.00010237836624919673 7.840223275107511e-08 0.0 0.0 0.0 0.0 0.0 0.0 0.0 0.0 0.0
428 0.0 0.0 0.0 0.0 0.0 0.0 0.0 0.0 0.0 0.0 2.7424640799189453e-08 4.041207145479496e-05 0.0003026270014848561 0.0025464503443506817 0.010241275616990432 0.02232159413080642 0.04066425164686672 0.06777017675077077 0.09702037408524056 0.12191080854326904 0.13841899286947076 0.14274763836917734 0.12744722819992832 0.09930833784461914 0.06828967684193528 0.03706037134215585 0.01681633458348096 0.005996505525786877 0.0009924523219806943 0.00010446448559023283 0.0 0.0 0.0 0.0 0.0 0.0 0.0 0.0 0.0 0.0 0.0
429 0.0 0.0 0.0 0.0 0.0 0.0 0.0 0.0 0.0 0.0 2.533398952680832e-06 0.00014024559417904375 0.0012146323784315276 0.005717856653224062 0.013717610580548914 0.025511091928690506 0.0460323503872385 0.07360608568447123 0.1037418596264815 0.13339457403694943 0.14877327516971064 0.14031734092844647 0.11476397488730593 0.08525298851098141 0.05454423345318934 0.029945023034598662 0.01550414009401263 0.006034063150539771 0.0015507057666890747 0.00023192083512430775 3.4814347798008196e-06 1.2465453566020109e-08 0.0 0.0 0.0 0.0 0.0 0.0 0.0 0.0 0.0
430 0.0 0.0 0.0 0.0 0.0 0.0 0.0 0.0 0.0 0.0 2.532868187105248e-09 3.48248054174235e-05 0.00018053051457544067 0.0015044833795102353 0.008396153175162034 0.020737195691825378 0.03820405456991451 0.06409720604993177 0.0937621678636008 0.11941836042942751 0.13819968503742056 0.14444161828965932 0.13134341214592796 0.10513747464407992 0.0728263124355893 0.03828355099642423 0.017181362671027867 0.005181500029033649 0.0009153634722439811 0.0001547412663592841 0.0 0.0 0.0 0.0 0.0 0.0 0.0 0.0 0.0 0.0 0.0
431 0.0 0.0 0.0 0.0 0.0 0.0 0.0 0.0 0.0 2.8854295430104715e-08 1.1884746158735198e-07 4.951518185717777e-05 0.0003451130097374169 0.0030623591832621092 0.01099207376687755 0.02265172247985969 0.042033716570116675 0.06923680387360846 0.10084442988091288 0.12772734922351783 0.14339337067280417 0.1432991433802826 0.12199109230847009 0.09281164224958285 0.06317960649552977 0.035377849479649295 0.01624123553735018 0.005760903661152408 0.0009213544482728221 8.045569418478592e-05 1.0371562130080808e-07 1.1485591178227185e-08 0.0 0.0 0.0 0.0 0.0 0.0 0.0 0.0 0.0
432 0.0 0.0 0.0 0.0 0.0 0.0 0.0 0.0 0.0 6.540457879906596e-08 9.665269545563252e-05 0.0016889995248761333 0.004277466821232966 0.006193768209623886 0.0149336406636678 0.02996196085598505 0.050352307588762885 0.077475343425128 0.10749248837627332 0.1346843130384305 0.14582670465403505 0.13463786987142404 0.10735895466580946 0.07725366196541991 0.05038930829050149 0.03030385534633704 0.014904225075821684 0.006169243530409932 0.00417688590913094 0.0017178068712200277 0.00010445710054417107 2.011532976643009e-08 0.0 0.0 0.0 0.0 0.0 0.0 0.0 0.0 0.0
433 0.0 0.0 0.0 0.0 0.0 0.0 0.0 0.0 0.0 2.242204459653198e-08 1.8603400948989901e-06 5.989719106172302e-05 0.0007426221058600158 0.00497027479631551 0.012354628872542937 0.023855724706098355 0.04372646317966303 0.07198517629985023 0.10443705144112059 0.1329670295288632 0.14908962282964974 0.14177988206565204 0.11775798464271425 0.08731939045337696 0.05566771357093354 0.03062868124978188 0.015258405844494154 0.006098705468948338 0.0012042281002438363 9.27332017095942e-05 1.8728555897856422e-06 2.8833390484879874e-08 0.0 0.0 0.0 0.0 0.0 0.0 0.0 0.0 0.0
434 0.0 0.0 0.0 0.0 0.0 0.0 0.0 0.0 0.0 0.0 1.359662455046772e-07 6.406180263304933e-05 0.001133306486266274 0.005899725736989229 0.01631282152221157 0.034597314639352894 0.06144338315852821 0.09225125863799398 0.12196126844718322 0.1433155919402281 0.14320738666898497 0.12744652978964863 0.10124502084088922 0.06993852177002816 0.042797804437443895 0.02264361010562552 0.011393549893258524 0.0037733672958207717 0.0005298574578905448 4.521351069658019e-05 2.2179385557160212e-07 4.8098226455811e-08 0.0 0.0 0.0 0.0 0.0 0.0 0.0 0.0 0.0
435 0.0 0.0 0.0 0.0 0.0 0.0 0.0 0.0 0.0 0.0 7.840086211531659e-06 0.0004009899048454177 0.0017500698468702243 0.006305676028947958 0.015866229473494264 0.02982428216224098 0.05395849238816699 0.08317556366963941 0.11268767879563607 0.13843073811735554 0.14741499025024993 0.13404205065785438 0.10475366285425976 0.07453705353169142 0.04747478882395362 0.02647872198681429 0.014548380352991197 0.006375539319415207 0.0016864971578137108 0.000277259917732459 3.4946738153947506e-06 0.0 0.0 0.0 0.0 0.0 0.0 0.0 0.0 0.0 0.0
436 0.0 0.0 0.0 0.0 0.0 0.0 0.0 0.0 0.0 0.0 3.1610581335448548e-09 3.861516402549861e-05 0.00020652836333851212 0.002011095135495333 0.009644317656806772 0.021762549099640188 0.03936219631634765 0.06598451842116856 0.09378267733254117 0.1186166531293891 0.1351545705523589 0.143273016554822 0.13129680939754707 0.10499031500033487 0.07194080847996659 0.03767059356103615 0.017373140125707297 0.0057629168586899055 0.0009489116717502962 0.00017968373542972236 8.028254586771622e-08 0.0 0.0 0.0 0.0 0.0 0.0 0.0 0.0 0.0 0.0
