data/processed/NGC4621/histograms_set_o.ecsv
# %ECSV 1.0
# ---
# datatype:
# - {name: binID, datatype: int64}
# - {name: losvd_0, datatype: float64}
# - {name: losvd_1, datatype: float64}
# - {name: losvd_2, datatype: float64}
# - {name: losvd_3, datatype: float64}
# - {name: losvd_4, datatype: float64}
# - {name: losvd_5, datatype: float64}
# - {name: losvd_6, datatype: float64}
# - {name: losvd_7, datatype: float64}
# - {name: losvd_8, datatype: float64}
# - {name: losvd_9, datatype: float64}
# - {name: losvd_10, datatype: float64}
# - {name: losvd_11, datatype: float64}
# - {name: losvd_12, datatype: float64}
# - {name: losvd_13, datatype: float64}
# - {name: losvd_14, datatype: float64}
# - {name: losvd_15, datatype: float64}
# - {name: losvd_16, datatype: float64}
# - {name: losvd_17, datatype: float64}
# - {name: losvd_18, datatype: float64}
# - {name: losvd_19, datatype: float64}
# - {name: losvd_20, datatype: float64}
# - {name: losvd_21, datatype: float64}
# - {name: losvd_22, datatype: float64}
# - {name: losvd_23, datatype: float64}
# - {name: losvd_24, datatype: float64}
# - {name: losvd_25, datatype: float64}
# - {name: losvd_26, datatype: float64}
# - {name: losvd_27, datatype: float64}
# - {name: losvd_28, datatype: float64}
# - {name: losvd_29, datatype: float64}
# - {name: losvd_30, datatype: float64}
# - {name: losvd_31, datatype: float64}
# - {name: losvd_32, datatype: float64}
# - {name: losvd_33, datatype: float64}
# - {name: losvd_34, datatype: float64}
# - {name: losvd_35, datatype: float64}
# - {name: losvd_36, datatype: float64}
# - {name: losvd_37, datatype: float64}
# - {name: losvd_38, datatype: float64}
# - {name: losvd_39, datatype: float64}
# - {name: losvd_40, datatype: float64}
# meta: !!omap
# - {dv: 80.0}
# - vcent: [-1600.0, -1520.0, -1440.0, -1360.0, -1280.0, -1200.0, -1120.0, -1040.0, -960.0, -880.0, -800.0, -720.0, -640.0, -560.0, -480.0,
#     -400.0, -320.0, -240.0, -160.0, -80.0, 0.0, 80.0, 160.0, 240.0, 320.0, 400.0, 480.0, 560.0, 640.0, 720.0, 800.0, 880.0, 960.0, 1040.0,
#     1120.0, 1200.0, 1280.0, 1360.0, 1440.0, 1520.0, 1600.0]
# - {nbins: 618}
# - {nvbins: 41}
# schema: astropy-2.0
binID losvd_0 losvd_1 losvd_2 losvd_3 losvd_4 losvd_5 losvd_6 losvd_7 losvd_8 losvd_9 losvd_10 losvd_11 losvd_12 losvd_13 losvd_14 losvd_15 losvd_16 losvd_17 losvd_18 losvd_19 losvd_20 losvd_21 losvd_22 losvd_23 losvd_24 losvd_25 losvd_26 losvd_27 losvd_28 losvd_29 losvd_30 losvd_31 losvd_32 losvd_33 losvd_34 losvd_35 losvd_36 losvd_37 losvd_38 losvd_39 losvd_40
[from data line 290]
291 0.0 0.0 0.0 0.0 0.0 0.0 0.0 0.0 2.845002496110803e-07 9.072859846679155e-06 0.0001960548145864368 0.0007751851628231196 0.002435883529313 0.006196562320899098 0.014292267296225285 0.02986845709632846 0.054298530168600645 0.08190210536063822 0.11028392069294252 0.13187809990578528 0.1390290921921223 0.13012327237324503 0.10887434679977331 0.07957825773891491 0.053336636794527124 0.03207571482187615 0.015720335018809473 0.006526210169288498 0.001805241230860664 0.0006018644473562087 0.00018836601119594804 3.954193542029964e-06 2.845002496110803e-07 0.0 0.0 0.0 0.0 0.0 0.0 0.0 0.0
292 0.0 0.0 0.0 0.0 0.0 0.0 0.0 0.0 5.7421500006108354e-08 1.8620115538925627e-05 0.0002455011671963613 0.0008427237760193142 0.0023043461218452414 0.00592278154785243 0.013935664716833239 0.029500767280035367 0.054402429698051306 0.0817619660346072 0.10990461655426406 0.13218045603025172 0.14045218232076773 0.1310056387174328 0.10979850863152048 0.0801947663810782 0.052590494947058794 0.031261512877695574 0.015085179893122656 0.005877109382252763 0.0018166158310680119 0.0006669248973584096 0.0002159605407972426 1.4756171064618207e-05 4.189447853357654e-07 0.0 0.0 0.0 0.0 0.0 0.0 0.0 0.0
293 0.0 0.0 0.0 0.0 0.0 0.0 0.0 0.0 3.9134541100737644e-08 7.692988050619676e-06 0.00014053412962890073 0.0006333313725345642 0.0024167343679260553 0.00655661912030884 0.014945862876402987 0.030021927546055444 0.05342002437286326 0.0818794368008475 0.11038207534814323 0.13127966621279757 0.13776438895945628 0.12959463243483257 0.10815552734281561 0.07954496025043147 0.05464721950236495 0.03259842591000426 0.016301141452391428 0.007237227672696041 0.0018094460072694955 0.0005153016387056687 0.00014558503793582502 2.1995209967908643e-06 0.0 0.0 0.0 0.0 0.0 0.0 0.0 0.0 0.0
294 0.0 0.0 0.0 0.0 0.0 0.0 0.0 0.0 2.681443927472111e-07 3.436717706684296e-05 0.0002875471360966243 0.0009893236133419977 0.002131297873510912 0.005501921531345938 0.013849211349393927 0.029506112226397287 0.05389138886326237 0.0815480863674865 0.10955276403991601 0.131967178256652 0.1415990059563806 0.13174850469101507 0.11023118829336817 0.08104663880669978 0.05259041410714069 0.030555620336272682 0.014572885647284851 0.005432777093471342 0.001819543789845888 0.0008272632457985113 0.0002812062834974637 3.5217025967561575e-05 2.681443927472111e-07 0.0 0.0 0.0 0.0 0.0 0.0 0.0 0.0
295 0.0 0.0 0.0 0.0 0.0 0.0 0.0 0.0 0.0 6.031983621902874e-07 3.0349471279606483e-05 0.00020444566687303502 0.0019248087044077041 0.006049719431327631 0.015314813140439802 0.027559362604586222 0.04907083510372201 0.0773437385155797 0.10242270971499824 0.12234606642201733 0.13296631475660137 0.13256302777618875 0.11743684433522814 0.09155482667441849 0.06228548210994872 0.03378292760358871 0.017103420955597994 0.007709954561433956 0.001988526984114459 0.0003059728745669791 3.395305971434165e-05 1.2963350034593527e-06 0.0 0.0 0.0 0.0 0.0 0.0 0.0 0.0 0.0
296 0.0 0.0 0.0 0.0 0.0 0.0 0.0 0.0 0.0 0.0 0.0 2.496344980754823e-05 0.00033121312707274747 0.0022777543088776447 0.00967633479901987 0.02222231950697679 0.04097312179806798 0.0652762489188414 0.09919098325191154 0.13466248311195703 0.15715789869950753 0.14989528970676302 0.12245639077844321 0.08653205291863988 0.058238605517305295 0.030717741740615433 0.014437682090544607 0.004531842713945379 0.0013280561547589463 6.901740694370529e-05 0.0 0.0 0.0 0.0 0.0 0.0 0.0 0.0 0.0 0.0 0.0
297 0.0 0.0 0.0 0.0 0.0 0.0 0.0 0.0 0.0 4.0510380847418227e-07 1.0131386789331016e-05 7.83980463842488e-05 0.0013612263165216911 0.005200201640637906 0.01379928788842107 0.025276426584050785 0.04729406333100395 0.07557412638289777 0.10017100246904359 0.1198647112588018 0.13075505183243144 0.13378468794278514 0.12082343548200901 0.0972086537858273 0.06728375929097212 0.035631907694707594 0.016876380919235514 0.007033176698713295 0.001808158044454046 0.0001547613500252261 9.723730425727623e-06 3.2282005261395685e-07 0.0 0.0 0.0 0.0 0.0 0.0 0.0 0.0 0.0
298 0.0 0.0 0.0 0.0 0.0 0.0 0.0 0.0 0.0 7.670098949884698e-06 8.761815914365209e-05 0.0004865884736591693 0.0023831260300589442 0.00665181472966426 0.015176571758155493 0.029978537465667032 0.05189210923744799 0.08076952802600772 0.10923491256171029 0.12985837788239105 0.13735660095786026 0.1301161323796048 0.10890388247993883 0.08120697754408539 0.056129185338532485 0.03286670221856336 0.01665322537936769 0.007759944909391613 0.001899016127735311 0.00046228427787966777 0.00010871258454965576 1.0481379633410959e-05 0.0 0.0 0.0 0.0 0.0 0.0 0.0 0.0 0.0
299 0.0 0.0 0.0 0.0 0.0 0.0 0.0 0.0 3.3500577929980543e-07 3.242835404041158e-05 0.00029334035834366134 0.0009269115035384479 0.0019901471033993475 0.005412834256948388 0.014155737133906415 0.030058543475316196 0.05318985399780376 0.08123540672547849 0.10977460207578332 0.13206948117960304 0.14178749834413693 0.13203443078183702 0.10975315375945159 0.08121686668815388 0.05312085625714509 0.03013429494300606 0.01416186477775426 0.005420845971249117 0.0019776628021250845 0.0009432661586786604 0.0002779203185022977 3.11560828404747e-05 5.619451781803203e-07 0.0 0.0 0.0 0.0 0.0 0.0 0.0 0.0
300 0.0 0.0 0.0 0.0 0.0 0.0 0.0 0.0 0.0 4.047174935173137e-06 0.0002162424143020059 0.0006104735007404769 0.0018256448699988572 0.006531921876032649 0.01595361085563823 0.03226007735809423 0.053710325258924815 0.07913536178803345 0.10909048627716743 0.13089087240802486 0.13959989395035682 0.1320540076660604 0.10915897694701455 0.0805065775307476 0.05374014020446911 0.029901016050977794 0.014829894375743759 0.006543744704112674 0.00249329793003919 0.000749130036058238 0.000182095216121493 1.1506450568625324e-05 6.551558366560146e-07 0.0 0.0 0.0 0.0 0.0 0.0 0.0 0.0
301 0.0 0.0 0.0 0.0 0.0 0.0 0.0 0.0 0.0 1.0254164487279116e-06 6.713182245624999e-05 0.0003527724347917489 0.002173980620992996 0.006557388636968433 0.015325240555172323 0.02928509214843561 0.05005907402309245 0.07893157781116895 0.10752771868245094 0.1279188117067679 0.13728052902348545 0.13139687782509843 0.11141474239020592 0.08378171046363461 0.057850766884906854 0.03282213281533287 0.016999705676807062 0.007939888270814283 0.001826758667052225 0.0003883778210450515 9.742483515071949e-05 1.271467718925181e-06 0.0 0.0 0.0 0.0 0.0 0.0 0.0 0.0 0.0
302 0.0 0.0 0.0 0.0 0.0 0.0 0.0 0.0 4.942146854090287e-08 2.1046835035260053e-06 0.00012334397835636905 0.000418886867116155 0.0019165142991108843 0.007781882986606542 0.016531013123466744 0.032466344949211336 0.05636308921346466 0.08145485104934604 0.11000052084868683 0.13220737103797936 0.13956247248503376 0.13037675433450133 0.1080468238108393 0.07810529828594606 0.050473998533897765 0.029568437880817443 0.015094329402245126 0.006784246905320716 0.0022559786449320883 0.0003793522515182273 8.035042657096619e-05 5.984580058202783e-06 0.0 0.0 0.0 0.0 0.0 0.0 0.0 0.0 0.0
303 0.0 0.0 0.0 0.0 0.0 0.0 0.0 0.0 0.0 7.06238094046409e-07 1.545066588595734e-05 0.00011587434438735373 0.0015641118084915944 0.005612027716056715 0.014415842119782172 0.026145219542646217 0.04810823275208452 0.07598387192636409 0.1010949888089331 0.12108375530873612 0.1316377141566703 0.13370325797803218 0.11986980524352714 0.09468696778732429 0.0650599725394559 0.03471437075682315 0.016857840161408153 0.007238823258102844 0.0018626303148875862 0.00020795466853817216 1.9876705655103487e-05 7.051981122671777e-07 0.0 0.0 0.0 0.0 0.0 0.0 0.0 0.0 0.0
304 0.0 0.0 0.0 0.0 0.0 0.0 0.0 0.0 0.0 0.0 1.9559519915217855e-08 4.538238683102024e-05 0.00034714203729873717 0.0028808950689592967 0.010631063600453737 0.022440344526868113 0.04152406454322166 0.06918430067401224 0.10099267630314944 0.12852150801488546 0.14481538528442595 0.1429195077570133 0.12206143592415643 0.09254527101541347 0.06320900693104584 0.034973131666887286 0.016295528177169567 0.0056090356759089305 0.0009287505376579883 7.549385714971491e-05 5.6457969827563116e-08 0.0 0.0 0.0 0.0 0.0 0.0 0.0 0.0 0.0 0.0
305 0.0 0.0 0.0 0.0 0.0 0.0 0.0 0.0 0.0 2.5561954100329272e-08 6.253587030424682e-07 3.6008783938326185e-05 0.0007489400011280508 0.003896039745924388 0.011875016834045444 0.023219836560800292 0.043445624508078345 0.07239135630872855 0.09868432254502986 0.11909845094951017 0.13174544008798167 0.13645528373888866 0.12444548128157526 0.10173006239930737 0.06975244574586013 0.037414609255663825 0.01706977811536467 0.006432218579515418 0.0014912139801620107 6.598910264265587e-05 1.170274487633865e-06 6.028070971481022e-08 0.0 0.0 0.0 0.0 0.0 0.0 0.0 0.0 0.0
306 0.0 0.0 0.0 0.0 0.0 0.0 0.0 0.0 0.0 1.4918531370367984e-09 1.6892295511699937e-07 3.649960253904165e-05 0.0004983954323757139 0.0034814127182175056 0.010902924720067972 0.022955832226535827 0.04199221917624446 0.06935394840097256 0.09822602959674369 0.12144357407397878 0.13702894313733138 0.14147834986152846 0.12566555301647692 0.09874073237267912 0.06684597478107608 0.03704982016581139 0.01676164155423371 0.0062464267230168714 0.001201729714953463 8.957614572561677e-05 2.3863258945698776e-07 7.532092518326328e-09 0.0 0.0 0.0 0.0 0.0 0.0 0.0 0.0 0.0
307 0.0 0.0 0.0 0.0 0.0 0.0 0.0 0.0 1.8358265603138435e-07 2.441019552803221e-05 0.0002746811955043513 0.000885053372561846 0.0019166837602819266 0.0054524186550225975 0.014804005387291992 0.031042586372679412 0.05297539463330481 0.08070201199697975 0.10979105364067235 0.13190716596572472 0.1412702482743481 0.13189798631164554 0.10895597755836971 0.08069318776746329 0.05378996384350178 0.030029003412751797 0.01433617764754224 0.0057383519852525 0.0021960532697238855 0.0009918682195190537 0.0002908255162069519 3.421590771113673e-05 4.915277564711233e-07 0.0 0.0 0.0 0.0 0.0 0.0 0.0 0.0
308 0.0 0.0 0.0 0.0 0.0 0.0 0.0 0.0 0.0 8.340378742714963e-07 2.7313391798497153e-05 0.00021012820492170855 0.0019599811377935183 0.006371294326756647 0.01495939712249851 0.028366109936342313 0.04877590818498 0.07699472464102144 0.10525657170877875 0.12606102032673105 0.13665177753732072 0.13294419960854417 0.11459196190312898 0.08740093540975628 0.059465795467039104 0.032905084102941 0.01697975861491678 0.007810399048432497 0.001921069658117802 0.0002958347718499667 4.9409528760119423e-05 4.913296961387614e-07 0.0 0.0 0.0 0.0 0.0 0.0 0.0 0.0 0.0
309 0.0 0.0 0.0 0.0 0.0 0.0 0.0 0.0 0.0 0.0 4.693314955087396e-08 5.754307508556548e-05 0.00030971702525469904 0.002505363545436679 0.010114039597141194 0.022256248297970387 0.04109802532760251 0.06792438396843219 0.10200824736601727 0.13161553299701625 0.15033185667869922 0.14474387036195743 0.12199960245540567 0.08970884931816452 0.06047879742522148 0.033152357128574 0.01574393110866262 0.00500175432027068 0.0008874241062625545 6.229369543795503e-05 1.1526823663611959e-07 0.0 0.0 0.0 0.0 0.0 0.0 0.0 0.0 0.0 0.0
310 0.0 0.0 0.0 0.0 0.0 0.0 0.0 0.0 0.0 3.796897111679776e-06 0.00018046513193983966 0.0005463831323443253 0.0017914629307357634 0.0070417698528819515 0.01622228975536168 0.032410107244570684 0.05481569506929116 0.07929088821018447 0.10925542619040855 0.13196140779686155 0.14026435666424297 0.13211159842894213 0.10837988346376012 0.07867066860212486 0.05215541964003186 0.029782643752321585 0.015236088214689705 0.006866226819846112 0.0022974501301981152 0.0005991696887683702 0.0001125793475249744 4.223035857093976e-06 0.0 0.0 0.0 0.0 0.0 0.0 0.0 0.0 0.0
311 0.0 0.0 0.0 0.0 0.0 0.0 0.0 0.0 0.0 1.1355181789176928e-07 6.550878832231496e-06 6.975587418492802e-05 0.0012026193234829098 0.004967208177930632 0.013476377538479146 0.02499332250971017 0.046743036948828545 0.07507559316681042 0.10003230335329708 0.11973310815360406 0.1309350928547048 0.13413901749885107 0.12120836641521936 0.09797608220869189 0.06769229878748095 0.036000461113672326 0.017021337254377395 0.0068954387986494385 0.0016933503576465159 0.00012790650926108112 1.0559430359535687e-05 9.929410767805503e-08 0.0 0.0 0.0 0.0 0.0 0.0 0.0 0.0 0.0
312 0.0 0.0 0.0 0.0 0.0 0.0 0.0 0.0 0.0 1.8161159423547095e-05 0.0002868343285982546 0.0008097228492489851 0.0018660066497847413 0.005740908057398765 0.015327243293904634 0.031694658899790056 0.053147760973504675 0.07976289982390422 0.10987206665760521 0.13192009830365342 0.14071724228923146 0.13203840308938683 0.10833837390522895 0.0799357154009854 0.05413455778026614 0.029814015359710726 0.014676890114085296 0.006243760301079141 0.0023144763152451167 0.0010351004785140877 0.00028509946164215075 1.9657316861743358e-05 3.471909451343889e-07 0.0 0.0 0.0 0.0 0.0 0.0 0.0 0.0
313 0.0 0.0 0.0 0.0 0.0 0.0 0.0 0.0 0.0 1.2874479438339954e-07 2.9733480243596296e-05 0.00016370674549355448 0.00165834309810193 0.006101372843161051 0.014449299904463891 0.02704276304428026 0.047647533570737303 0.07550879969653099 0.10348804619971819 0.1242025447172733 0.13548110986179054 0.13415313645429752 0.11745900090559619 0.09093743726170417 0.06169039982149906 0.03332318301194947 0.01692440872239062 0.007608829269010943 0.0018520650388963022 0.00023278097417688576 4.4875524401074796e-05 5.011094874091629e-07 0.0 0.0 0.0 0.0 0.0 0.0 0.0 0.0 0.0
314 0.0 0.0 0.0 0.0 0.0 0.0 0.0 0.0 0.0 3.6498476770049185e-06 0.00018967153309165216 0.0007865827659711739 0.002455447942416612 0.006730701413819656 0.015003804000775925 0.029803002393612336 0.0534550007714701 0.0793138603905523 0.10852053008288563 0.13221425621285368 0.14035645177836428 0.131713746683654 0.1093511044886722 0.07897405121764055 0.0539464699097853 0.03221852708353004 0.01574205410852636 0.006457882017239758 0.0018590163570338023 0.000676069356139442 0.00022699249548888007 1.127148797628217e-06 0.0 0.0 0.0 0.0 0.0 0.0 0.0 0.0 0.0
315 0.0 0.0 0.0 0.0 0.0 0.0 0.0 0.0 0.0 1.3191796486927973e-05 0.00023788649670457114 0.000923393276404554 0.0024897821054391976 0.0065159362972609875 0.014849571726093701 0.029752869841790073 0.05384738760328016 0.07968754489331793 0.10818186449867509 0.1321447208140967 0.1406274027707008 0.13193628217262832 0.10979480832093863 0.07955006098264733 0.053147054358863854 0.03188871878939815 0.015531298195208855 0.005969053513268154 0.001951481869929159 0.0006692829446100928 0.00028334672941142435 7.060002845065475e-06 0.0 0.0 0.0 0.0 0.0 0.0 0.0 0.0 0.0
316 0.0 0.0 0.0 0.0 0.0 0.0 0.0 0.0 0.0 8.565319608507356e-06 0.000120102327442181 0.000498023014751868 0.0023681621987597986 0.0068918378059645785 0.015086397375394075 0.029895217522635922 0.052175696085271346 0.0786804064804112 0.10841796631264533 0.13192416840394885 0.14044136881289015 0.13182888319208544 0.10907275471139768 0.07932405792091701 0.05502166735154919 0.03257059408615778 0.016107600740700515 0.007049962199202121 0.001875127871973553 0.0004610560569397393 0.00017549907525885332 4.885134093498874e-06 0.0 0.0 0.0 0.0 0.0 0.0 0.0 0.0 0.0
317 0.0 0.0 0.0 0.0 0.0 0.0 0.0 0.0 3.528979593103989e-07 1.3269572972116235e-05 0.0002895730510378846 0.001063830891116465 0.002461070145842418 0.005946292152162025 0.014698737571196642 0.030228559569231716 0.05390524225478696 0.07992067777796473 0.10807698841166156 0.13195366801162237 0.1408211755765485 0.13213670576893838 0.10975647864614099 0.0800457326591778 0.05297230151766401 0.031571751761128954 0.015220692984716906 0.005526776112977401 0.0021549621040093322 0.0009456940494570463 0.00027715980528969064 1.2306706396298406e-05 0.0 0.0 0.0 0.0 0.0 0.0 0.0 0.0 0.0
318 0.0 0.0 0.0 0.0 0.0 0.0 0.0 0.0 0.0 1.0729518736845989e-06 5.947455395005337e-05 0.0004499414093860292 0.002234010882848404 0.006919780363577904 0.015084986645184888 0.02944770675464394 0.0507340600455966 0.07771107856804066 0.10798055018684763 0.13101755034340618 0.140312025858123 0.13257922392701338 0.10961720848739374 0.08086238806533465 0.056129638918361646 0.03222157660009888 0.016583302209200748 0.00764495589391683 0.0018627701442155145 0.00045826499393007876 8.760678409527214e-05 8.254129583668838e-07 0.0 0.0 0.0 0.0 0.0 0.0 0.0 0.0 0.0
