data/processed/NGC5846/gauss_hermite_kins.ecsv
# %ECSV 1.0
# ---
# datatype:
# - {name: vbin_id, datatype: int64}
# - {name: v, datatype: float32}
# - {name: dv, datatype: float32}
# - {name: sigma, datatype: float32}
# - {name: dsigma, datatype: float32}
# - {name: h3, datatype: float32}
# - {name: dh3, datatype: float32}
# - {name: h4, datatype: float32}
# - {name: dh4, datatype: float32}
# - {name: h5, datatype: float32}
# - {name: dh5, datatype: float32}
# - {name: h6, datatype: float32}
# - {name: dh6, datatype: float32}
# - {name: is_good, datatype: int64}
# - {name: n_gh, datatype: int64}
# meta: !!omap
# - PSF:
#     sigma:
#     - [0.23969762422606267, 1.4899214602256403]
#     - [0.6975874740330291, 2.1813182603746246]
#     weight:
#     - [0.7338444632501389, 0.26615553674986114]
#     - [0.9325606145948853, 0.06743938540511474]
# - aperture_exprs: [_o, _s]
# schema: astropy-2.0
vbin_id v dv sigma dsigma h3 dh3 h4 dh4 h5 dh5 h6 dh6 is_good n_gh
[from data line 141]
142 -4.0288 5.4159 245.8598 8.2204 -0.0058 0.033504657 0.0075 0.045562442 0.0404 0.028945683 0.0025 0.03896152 1 6
143 4.4076 5.1259 249.371 6.765 -0.051 0.025939584 -0.057 0.027238049 -0.0627 0.028590059 0.059 0.03143067 1 6
144 -7.4277 5.9078 253.3374 7.6193 -0.004 0.023464456 0.0245 0.032978363 -0.0019 0.025231551 0.0186 0.030500844 1 6
145 17.6335 5.8224 243.6816 9.2774 0.0064 0.025370382 0.034 0.03758224 0.0457 0.02820748 0.0287 0.037048988 1 6
146 24.3878 5.2433 239.1057 8.9616 0.0217 0.02739676 0.0429 0.037712783 0.0448 0.031179512 0.0479 0.032192677 1 6
147 -3.0623 7.5243 226.3868 12.8138 -0.0622 0.0359682 0.0496 0.049745765 0.0325 0.03288723 0.0016 0.037004277 1 6
148 7.938 9.2246 261.8811 8.0768 0.013 0.04180032 -0.084 0.039001185 0.0646 0.038276915 0.0307 0.042863138 1 6
149 1.9094 6.8261 249.9165 11.0065 0.0365 0.028286181 0.0926 0.036037892 -0.0351 0.029918611 -0.0065 0.04010827 1 6
150 4.5383 6.4184 243.3008 7.9563 -0.0146 0.027439583 -0.0119 0.03636808 -0.0011 0.02849979 -0.0018 0.0339478 1 6
151 1.9664 5.8087 223.1658 10.9698 0.0112 0.033067964 0.0676 0.036285374 -0.0196 0.035148777 -0.0089 0.039936297 1 6
152 -13.4943 5.9361 243.4181 11.0947 0.0457 0.026818963 0.0133 0.045430556 -0.0177 0.034881078 0.0128 0.0391095 1 6
153 -22.9977 5.1543 257.8152 8.3882 -0.0241 0.02418165 0.0005 0.026781015 -0.0072 0.026335388 0.0594 0.025351394 1 6
154 2.0386 4.9249 269.9299 4.7143 -0.0493 0.02144562 -0.0746 0.022956721 0.0635 0.022336844 0.035 0.02300547 1 6
155 11.1212 6.1068 239.267 9.4134 0.0227 0.032660563 0.0403 0.036985945 -0.0106 0.027641203 0.0307 0.035186503 1 6
156 -22.1768 6.8539 250.9284 11.1297 0.0152 0.03010891 0.0626 0.03842002 -0.0226 0.02854196 0.0058 0.034855668 1 6
157 -14.1082 5.2792 242.8271 8.9618 0.028 0.023414569 0.0283 0.029809006 0.0208 0.020943165 0.0595 0.0338463 1 6
158 -10.78 6.5663 262.5504 6.8794 0.0727 0.02172055 -0.0754 0.02964841 -0.0313 0.021959139 0.0636 0.032729965 1 6
159 7.5516 5.5917 229.6712 7.1767 -0.02 0.029439282 -0.0459 0.029026391 -0.0567 0.031777475 0.1049 0.034494527 1 6
160 -22.5881 4.8219 247.5906 7.095 0.0075 0.022869054 -0.0027 0.025577066 -0.0 0.024776405 0.0558 0.027881557 1 6
161 -10.3192 5.2518 250.5114 7.0922 -0.0415 0.023729436 0.0612 0.027255105 0.0791 0.026521472 -0.0286 0.026553689 1 6
162 -3.4532 4.537 253.5296 4.9538 -0.0306 0.02136509 -0.0755 0.02500401 0.0481 0.021535369 0.1094 0.025748454 1 6
163 -26.189 5.361 230.0145 11.0768 -0.0011 0.034582622 0.0232 0.04163936 -0.039 0.03564807 0.0358 0.038581464 1 6
164 7.7866 5.1908 245.4359 7.996 -0.0496 0.028196977 0.048 0.032609362 0.0265 0.029945457 -0.0567 0.031081328 1 6
165 -12.6372 4.9294 228.7965 13.9418 -0.0262 0.027525498 0.0968 0.044906076 -0.0185 0.029653564 -0.0283 0.039654084 1 6
166 3.6727 6.8011 245.9603 9.9961 0.0383 0.028996121 0.0131 0.043213952 0.0061 0.02764966 0.0177 0.043109752 1 6
167 10.4661 5.7334 267.4312 5.9836 0.0025 0.021186296 -0.0241 0.027269503 0.0288 0.026099857 0.1043 0.02921023 1 6
168 17.8041 5.9624 239.3214 8.2817 -0.0518 0.02944362 0.0192 0.03969696 0.0213 0.025276268 -0.0101 0.037229203 1 6
169 5.4126 5.6402 241.7471 7.7968 0.0352 0.02875584 0.0077 0.034993965 0.0639 0.02529962 0.0483 0.03290997 1 6
170 -4.387 5.5245 234.6742 6.6262 -0.0427 0.03106279 -0.0182 0.032821685 -0.0242 0.032144357 0.0752 0.033586465 1 6
171 19.8713 5.584 218.8188 10.8122 -0.0184 0.037956398 0.0892 0.045812376 0.0154 0.037178643 -0.0531 0.042306658 1 6
172 -9.3248 4.8204 235.6914 9.5854 -0.0356 0.030542018 0.0076 0.044974256 0.0652 0.031216502 0.0302 0.04039492 1 6
173 -10.9819 5.3193 237.8543 8.7591 0.0532 0.028022189 0.0051 0.03539612 -0.0034 0.024661843 0.0174 0.02987448 1 6
174 -10.7472 5.8735 227.6552 18.2861 -0.0358 0.039173853 0.1096 0.077553384 0.0239 0.04567161 -0.0371 0.046959184 1 6
175 -20.5601 5.6325 237.1838 6.4487 0.0641 0.030517409 -0.0421 0.030458782 -0.0809 0.030525777 0.0475 0.032461513 1 6
176 16.2358 6.2561 244.1224 9.7195 -0.0223 0.028096398 0.0681 0.042114023 0.0224 0.026575826 -0.0194 0.035490375 1 6
177 -19.199 4.7567 236.526 9.1849 0.0346 0.030617304 0.0585 0.032436833 0.015 0.03255453 0.0084 0.031481396 1 6
178 -5.4515 5.5298 232.9302 7.1046 -0.0598 0.029802365 0.0333 0.02823644 0.0626 0.03179591 0.0758 0.03508929 1 6
179 6.4268 5.4747 233.4659 8.3683 -0.0271 0.030114098 0.0002 0.04079838 0.0234 0.026605574 0.0007 0.032578234 1 6
180 -14.8252 6.2364 258.1138 7.1646 0.0333 0.025102384 -0.0241 0.03048775 0.0157 0.024654668 0.1061 0.03460739 1 6
181 -9.5298 6.3961 258.5314 8.0176 0.0195 0.028868591 0.0358 0.037578408 0.1186 0.029684687 -0.0328 0.03727997 1 6
182 -11.3429 5.6509 231.5487 10.8898 -0.0636 0.029815655 0.0427 0.04008113 0.0118 0.030491149 0.027 0.032606322 1 6
183 15.6451 5.1739 239.9053 7.3567 -0.0792 0.023767697 0.0891 0.036171664 0.0764 0.02723421 -0.0371 0.035853285 1 6
184 -8.1727 5.8928 237.5347 12.4368 0.031 0.031232048 0.0406 0.052065585 0.0667 0.03145176 0.0154 0.04452238 1 6
185 1.7014 8.951 252.1995 11.7718 0.0238 0.03206305 0.0316 0.042903747 0.0437 0.039363645 0.0419 0.040071264 1 6
186 -19.2064 4.566 241.2099 5.0233 0.0302 0.021296522 -0.0151 0.02304551 0.0099 0.024160078 0.1473 0.026215976 1 6
187 20.0156 5.348 236.2125 7.7759 0.0527 0.027017541 0.0385 0.03711288 -0.022 0.0310937 -0.0363 0.032411214 1 6
188 -20.3285 5.6371 232.4132 13.0441 0.0581 0.029813414 0.098 0.05403963 0.0081 0.029114535 -0.0075 0.03620381 1 6
189 3.421 5.7591 239.0009 8.9946 0.0513 0.032121975 0.054 0.033613518 0.0188 0.036705654 0.0252 0.03467287 1 6
190 1.1394 5.4097 241.744 7.5769 0.0154 0.022891318 0.0149 0.02807389 -0.0285 0.026421688 0.0921 0.029033242 1 6
191 6.5483 6.1392 258.857 9.4402 0.0198 0.027275829 0.0175 0.029378165 -0.0396 0.03145196 0.0423 0.030304538 1 6
192 -3.5625 5.2648 249.9346 11.8475 0.0451 0.024881387 0.0506 0.041018616 -0.0123 0.028173318 0.0037 0.03461138 1 6
193 -17.9469 5.938 260.4337 8.0764 0.0566 0.024297297 0.0645 0.0263422 0.0818 0.026911426 0.0577 0.028707772 1 6
194 -13.666 5.6726 244.5504 7.8598 0.027 0.028429048 0.0706 0.04072488 0.0974 0.028758835 -0.054 0.031608082 1 6
195 -26.5822 6.1677 248.4912 7.8383 -0.0136 0.027753266 0.0099 0.035763595 -0.0034 0.024550688 0.0288 0.033088576 1 6
196 -33.4802 4.8174 238.3989 7.4817 0.0226 0.026049655 0.0283 0.02826251 -0.0287 0.028377235 0.0598 0.029782414 1 6
197 -31.3806 6.1815 231.2896 8.6846 0.0355 0.03314888 0.0013 0.03394886 0.011 0.03761079 0.0996 0.036678165 1 6
198 -2.8561 5.6794 246.3851 8.9008 0.0223 0.027068537 0.0157 0.034762774 -0.0015 0.030054409 0.0325 0.03775794 1 6
199 -19.3103 7.6899 230.9706 13.9618 0.047 0.039058097 0.0568 0.073890604 -0.0151 0.036449768 -0.0233 0.048288286 1 6
200 1.0775 5.828 232.3884 17.23 0.0223 0.03649772 0.0637 0.087891564 0.0223 0.037049804 -0.0387 0.04617274 1 6
201 -17.767 5.3882 230.4361 7.3416 0.099 0.024968829 0.0221 0.032326803 -0.0139 0.026236515 0.0219 0.028739301 1 6
202 -3.2974 6.031 249.4659 7.273 0.0029 0.030277027 0.011 0.02850944 0.0197 0.027635654 0.0835 0.03152452 1 6
203 -13.3589 5.7387 243.2668 9.4972 0.0404 0.028752511 0.0896 0.032823168 0.0596 0.031424396 0.0138 0.03719023 1 6
204 0.6056 5.7475 246.2788 9.971 0.0613 0.020349968 0.002 0.039542075 -0.0439 0.024131421 0.0315 0.03627107 1 6
205 -0.6998 7.7256 246.8165 10.8148 0.0649 0.031939607 0.0239 0.048388626 0.0147 0.032805964 -0.0016 0.03650251 1 6
206 1.2606 5.3498 237.2473 6.715 -0.0563 0.02438743 0.0363 0.031107254 0.1008 0.024810944 0.0964 0.03374319 1 6
207 3.1918 5.5251 248.8591 7.9831 0.0548 0.023254562 0.0481 0.034787964 0.0189 0.022515059 0.0163 0.02833549 1 6
208 -4.3928 6.1439 234.3927 8.0542 0.0656 0.03185613 -0.0035 0.0396519 0.0105 0.032218337 0.0072 0.035463966 1 6
209 -8.4545 5.4459 251.1504 8.938 0.0207 0.020616658 0.0236 0.03764427 0.023 0.021514155 -0.0219 0.03298649 1 6
210 0.6888 5.4859 248.2009 8.205 -0.0151 0.022015303 0.0038 0.034999743 0.0137 0.02364776 0.0076 0.03369218 1 6
211 9.9727 5.2639 260.6235 6.9012 -0.0128 0.025897693 -0.0504 0.025391124 0.0385 0.024182383 0.155 0.03281885 1 6
212 -13.7855 4.9 214.5251 9.0748 0.0502 0.02978673 0.0699 0.032895472 -0.0171 0.027720885 0.0064 0.033316534 1 6
213 -3.1488 7.3435 220.1949 8.8528 0.029 0.0364353 0.0601 0.039882507 0.0614 0.03389727 0.1043 0.04904715 1 6
214 7.3231 7.2648 247.0883 10.992 -0.0212 0.030463884 0.0118 0.045500495 0.0094 0.03239079 0.057 0.046795145 1 6
215 11.3925 6.0192 241.0778 7.9621 0.0002 0.02881394 -0.0041 0.037230108 0.0015 0.031250887 0.085 0.03546943 1 6
216 -2.0667 6.1531 255.3995 10.4254 0.0073 0.029292531 0.0214 0.035344396 0.0293 0.02979107 0.0459 0.03654148 1 6
217 -18.3015 5.2988 253.8894 7.3578 0.0447 0.024149314 -0.011 0.02905707 -0.0153 0.024770692 0.0158 0.031355303 1 6
218 -11.5797 8.7251 225.64 20.9272 0.003 0.08610309 0.0771 0.0934172 0.0825 0.0722118 -0.0043 0.041692514 1 6
219 -1.2069 5.6387 247.7194 6.6991 0.0152 0.024476977 -0.0083 0.028304089 0.0609 0.027862301 0.0713 0.029348304 1 6
220 -4.6212 5.2034 256.1719 8.4878 0.0123 0.023635902 -0.0045 0.032710105 0.0417 0.025312461 0.0168 0.03132774 1 6
221 17.9724 6.8648 251.9022 9.278 -0.0073 0.030469047 0.0506 0.03518407 0.1239 0.029276848 0.0257 0.034164637 1 6
222 -1.8228 6.9914 257.5788 17.1413 0.1159 0.027398083 0.0652 0.060543224 -0.0177 0.031958837 0.0061 0.042276055 1 6
223 -2.1151 4.432 254.6224 7.0754 0.0148 0.02176618 0.0239 0.028813815 -0.0064 0.022532051 0.049 0.025976252 1 6
224 -11.3813 6.4494 249.3574 8.8363 0.0275 0.026278246 0.064 0.028877394 0.0044 0.028303787 0.0373 0.03260692 1 6
225 -7.4749 4.9926 245.228 6.9345 0.0087 0.024113754 0.0578 0.037471343 -0.0182 0.024180707 -0.0485 0.030367102 1 6
226 10.7434 4.8028 260.1154 8.3415 0.0171 0.022099938 0.058 0.03281266 0.03 0.020560818 -0.0281 0.030753877 1 6
227 7.6411 4.9864 247.5174 7.5818 -0.02 0.022598214 0.0208 0.034138996 0.0247 0.024248634 0.0096 0.032484997 1 6
228 3.7256 5.9294 250.4754 8.3835 -0.0261 0.031227838 0.0935 0.036294166 0.0193 0.029700821 -0.072 0.03210755 1 6
229 5.1681 6.0948 239.2367 8.3028 0.0247 0.028873486 0.0376 0.032421947 0.0757 0.030752862 0.0416 0.03449476 1 6
230 -33.4065 4.5541 235.8096 7.7065 0.0005 0.025296181 0.056 0.032639187 0.0274 0.025277935 0.0192 0.030887716 1 6
231 3.1108 6.3659 252.9844 6.9748 0.0119 0.02575961 -0.0169 0.034006547 0.0016 0.024937883 -0.0517 0.030028954 1 6
232 3.7111 7.2032 244.6772 9.018 0.0573 0.03640572 0.0213 0.03684586 -0.0382 0.031286977 0.044 0.03689282 1 6
233 2.9413 6.4314 220.9115 14.5345 0.0365 0.035096668 0.0966 0.047942307 0.0006 0.03708655 0.0056 0.044576406 1 6
234 13.7557 6.5582 231.3785 9.5613 0.0465 0.03155397 0.0427 0.037772696 0.0114 0.03830635 0.0495 0.034813013 1 6
235 -12.446 4.7643 251.1526 6.1578 0.0175 0.022845691 -0.0259 0.027562346 0.0578 0.02124357 0.0593 0.03223624 1 6
236 -13.7648 5.2346 239.5321 7.2004 0.0576 0.025359115 0.028 0.03361935 0.0386 0.02742909 -0.0049 0.028733274 1 6
237 -5.2882 5.7664 253.2566 7.5084 0.0004 0.021774441 -0.0354 0.032567825 0.0415 0.024332207 0.0659 0.038554553 1 6
238 -18.9188 6.5117 229.7592 11.059 0.0357 0.048403647 0.0408 0.057462804 0.1512 0.045117334 -0.0021 0.051284835 1 6
239 9.2883 5.3389 248.751 8.1942 0.0135 0.027801814 -0.0092 0.03384658 0.0098 0.027641693 0.0519 0.029944884 1 6
240 -12.7537 6.4027 242.4114 9.7444 0.0267 0.030189177 0.0477 0.052024063 0.0204 0.031465735 -0.0764 0.03475981 1 6
241 0.6624 5.8928 225.8102 14.1073 -0.022 0.02809218 0.1637 0.050641295 0.0832 0.030660365 -0.0455 0.046186708 1 6
242 14.5485 7.0388 268.1644 6.469 0.0096 0.023256138 0.0291 0.031732116 0.0721 0.025914524 -0.0258 0.02466297 1 6
243 7.9516 8.6238 258.51807 5.5823 0.0121 0.024875479 -0.0331 0.033241596 0.0 0.1 0.0 0.1 1 6
244 -21.5369 8.1107 236.63986 8.9125 0.0394 0.02400278 0.0341 0.03001208 0.0 0.1 0.0 0.1 1 6
245 -16.8584 7.5801 231.68501 8.3903 -0.063 0.034198947 0.0173 0.035380043 0.0 0.1 0.0 0.1 1 6
246 -21.6586 6.8333 225.46335 7.5548 0.0428 0.030242516 -0.0018 0.030186597 0.0 0.1 0.0 0.1 1 6
247 12.5581 10.4982 262.98456 5.9698 -0.0457 0.021768583 0.0056 0.028223531 0.0 0.1 0.0 0.1 1 6
248 5.3751 7.8396 245.4062 9.1723 0.0353 0.027530601 0.0028 0.03696424 0.0 0.1 0.0 0.1 1 6
249 -5.8387 5.7663 240.21112 7.5979 0.0174 0.026187906 -0.0027 0.026076304 0.0 0.1 0.0 0.1 1 6
250 2.3923 5.4106 243.50685 7.3096 -0.039 0.030554324 -0.008 0.023405137 0.0 0.1 0.0 0.1 1 6
251 -9.8516 6.6275 252.00082 5.6182 0.0303 0.027363848 -0.0415 0.023803605 0.0 0.1 0.0 0.1 1 6
252 1.9058 5.5027 240.96364 10.5398 0.0702 0.024487253 0.0731 0.044160403 0.0 0.1 0.0 0.1 1 6
253 11.7797 8.004 247.08347 13.1573 -0.025 0.032119665 0.0319 0.05396803 0.0 0.1 0.0 0.1 1 6
254 -19.6401 8.7001 228.60043 7.1568 0.008 0.029502107 -0.0138 0.02632323 0.0 0.1 0.0 0.1 1 6
255 2.2177 5.5286 228.85211 6.7441 -0.0185 0.025881706 -0.0414 0.02591429 0.0 0.1 0.0 0.1 1 6
256 -22.3898 9.3067 274.06448 22.0983 -0.0329 0.041192997 0.0214 0.0746307 0.0 0.1 0.0 0.1 1 6
257 -9.8517 7.2877 256.69894 7.4227 0.0064 0.027138617 -0.0068 0.027439365 0.0 0.1 0.0 0.1 1 6
258 -23.4368 8.3127 232.79129 8.7102 0.0661 0.02941531 -0.0 0.034007516 0.0 0.1 0.0 0.1 1 6
259 -11.5823 8.1907 233.97012 10.9846 -0.0441 0.028649531 -0.018 0.04548327 0.0 0.1 0.0 0.1 1 6
260 -14.8272 6.2514 226.29169 7.6229 0.0366 0.024470411 -0.0214 0.030862328 0.0 0.1 0.0 0.1 1 6
261 -7.3158 6.9849 231.59555 5.1584 0.013 0.029912768 -0.1069 0.025254304 0.0 0.1 0.0 0.1 1 6
262 3.4768 5.3171 242.78046 8.2315 -0.0251 0.025765024 -0.0244 0.036292266 0.0 0.1 0.0 0.1 1 6
263 4.9342 6.1138 233.7157 11.1817 -0.0338 0.027616609 0.037 0.046730313 0.0 0.1 0.0 0.1 1 6
264 -19.7669 6.0634 219.56738 8.3129 -0.0421 0.02920565 0.0104 0.039681844 0.0 0.1 0.0 0.1 1 6
265 -20.0091 5.253 238.74773 9.4415 0.0017 0.02626203 -0.0264 0.041372754 0.0 0.1 0.0 0.1 1 6
266 0.5435 6.3463 246.60237 5.4281 0.027 0.026531376 0.0164 0.024208006 0.0 0.1 0.0 0.1 1 6
267 6.5605 7.4675 242.36246 9.4387 0.015 0.021443846 0.0931 0.034557447 0.0 0.1 0.0 0.1 1 6
268 9.1154 5.2985 255.14537 7.5925 -0.0045 0.020436203 -0.0061 0.02497093 0.0 0.1 0.0 0.1 1 6
269 -14.1761 5.7019 254.01915 6.3397 0.0655 0.022851262 -0.0883 0.024477795 0.0 0.1 0.0 0.1 1 6
270 -24.606 7.2968 249.6629 5.6641 0.0724 0.029504646 -0.041 0.034504317 0.0 0.1 0.0 0.1 1 6
271 3.9303 7.0469 227.58665 13.3612 0.0144 0.031431045 0.0751 0.0491299 0.0 0.1 0.0 0.1 1 6
272 -6.3307 6.2451 225.96208 7.2126 -0.0165 0.040728774 0.0419 0.031694118 0.0 0.1 0.0 0.1 1 6
273 -18.4371 7.9823 257.45074 5.4925 0.0353 0.025646904 -0.0404 0.034342118 0.0 0.1 0.0 0.1 1 6
274 -13.8635 9.596 256.63394 8.6678 0.0005 0.031368602 0.0145 0.034201268 0.0 0.1 0.0 0.1 1 6
275 -30.3925 8.6877 189.98141 10.9489 0.0663 0.04374112 -0.0007 0.055503074 0.0 0.1 0.0 0.1 1 6
276 -13.9872 6.2242 238.93243 9.5366 0.0104 0.024208114 -0.0355 0.036667768 0.0 0.1 0.0 0.1 1 6
277 -4.3665 6.9813 221.06595 9.4898 -0.0359 0.034817245 0.0059 0.034526914 0.0 0.1 0.0 0.1 1 6
278 -15.9874 6.3145 225.50975 9.205 -0.0026 0.036613815 -0.0034 0.041665696 0.0 0.1 0.0 0.1 1 6
279 8.4382 8.6778 246.29 11.6612 0.105 0.0254427 0.0567 0.033602014 0.0 0.1 0.0 0.1 1 6
280 -12.8804 6.0579 227.67537 5.8829 0.0113 0.024887193 -0.0539 0.024763409 0.0 0.1 0.0 0.1 1 6
281 -9.0488 5.1306 236.41295 8.3432 -0.0155 0.02746179 -0.0183 0.030832674 0.0 0.1 0.0 0.1 1 6
282 1.4407 7.7553 258.41202 9.4166 0.0468 0.023956245 0.0227 0.03087232 0.0 0.1 0.0 0.1 1 6
283 -4.8196 6.8581 238.636 5.8494 0.0433 0.022853244 -0.0095 0.023900801 0.0 0.1 0.0 0.1 1 6
284 -21.6526 6.4653 218.87312 8.716 0.0135 0.026198518 -0.0484 0.033438217 0.0 0.1 0.0 0.1 1 6
285 -4.0953 5.5241 235.27832 6.9567 0.0061 0.01825565 -0.0627 0.03155964 0.0 0.1 0.0 0.1 1 6
286 18.1571 3.6251 224.23724 7.888 -0.0297 0.020203205 0.0346 0.023694457 0.0 0.1 0.0 0.1 1 6
287 -9.5252 5.4841 247.9157 5.0775 -0.0303 0.025390143 -0.0571 0.026533475 0.0 0.1 0.0 0.1 1 6
288 -10.0037 6.4234 239.06882 7.1474 -0.0284 0.02563777 -0.0167 0.032423295 0.0 0.1 0.0 0.1 1 6
