data/processed/NGC5846/gauss_hermite_kins_o.ecsv
# %ECSV 1.0
# ---
# datatype:
# - {name: vbin_id, datatype: int64}
# - {name: v, datatype: float32}
# - {name: dv, datatype: float32}
# - {name: sigma, datatype: float32}
# - {name: dsigma, datatype: float32}
# - {name: h3, datatype: float32}
# - {name: dh3, datatype: float32}
# - {name: h4, datatype: float32}
# - {name: dh4, datatype: float32}
# - {name: h5, datatype: float32}
# - {name: dh5, datatype: float32}
# - {name: h6, datatype: float32}
# - {name: dh6, datatype: float32}
# - {name: is_good, datatype: int64}
# - {name: n_gh, datatype: int64}
# meta: !!omap
# - PSF:
#     sigma: [0.23969762422606267, 1.4899214602256403]
#     weight: [0.7338444632501389, 0.26615553674986114]
# schema: astropy-2.0
vbin_id v dv sigma dsigma h3 dh3 h4 dh4 h5 dh5 h6 dh6 is_good n_gh
1 -26.9343 5.2663 291.3008 9.2019 0.0165 0.015752967 -0.0067 0.027180918 -0.0374 0.021830095 0.0192 0.025142636 1 6
2 -22.1084 5.8852 277.5906 7.0286 0.0348 0.022307778 0.0211 0.026688997 -0.0722 0.021706548 -0.0544 0.021984229 1 6
3 -24.0869 5.4708 256.5945 8.3455 -0.0401 0.023613166 0.0585 0.025591182 -0.0002 0.021564445 0.0199 0.024374846 1 6
4 -16.5552 6.1057 260.949 7.4861 -0.0579 0.02283192 -0.0166 0.031038016 0.0238 0.024213446 0.0312 0.03368329 1 6
5 2.9771 6.3015 254.413 12.7623 -0.0311 0.026376488 0.0217 0.06781853 0.0067 0.026719896 -0.058 0.054612912 1 6
6 -12.3066 4.8789 284.5032 8.1675 -0.0324 0.017344268 0.0465 0.02559 -0.0233 0.020833604 0.0139 0.026370712 1 6
7 -17.3361 5.8693 270.0143 6.8607 -0.0337 0.021944223 -0.0185 0.02691905 -0.0287 0.021058466 0.0899 0.025811298 1 6
8 0.5355 5.7382 260.9518 7.0783 0.0064 0.023465956 0.0409 0.027891643 -0.0474 0.024901338 -0.0374 0.029857753 1 6
9 -10.2021 6.6899 266.9044 7.8973 0.0282 0.029681383 -0.0132 0.034928575 -0.0216 0.025619423 -0.058 0.03323274 1 6
10 1.4242 4.8042 254.404 7.6296 0.0024 0.025805123 -0.0442 0.02562586 0.0079 0.027956167 0.0764 0.032982897 1 6
11 -2.6622 6.3381 256.8784 8.4807 -0.0275 0.024208406 0.041 0.028956145 -0.0092 0.025478885 0.019 0.030199831 1 6
12 -10.3718 5.0375 250.3961 6.4271 0.0088 0.023763243 0.0294 0.028152682 -0.0308 0.02323682 -0.033 0.025807425 1 6
13 -7.2229 4.9369 238.516 9.4017 -0.0009 0.02347008 0.0609 0.035173263 -0.0151 0.02571918 -0.0151 0.028841937 1 6
14 -3.7408 6.048 264.4096 6.5508 -0.0123 0.022534925 0.0108 0.029597515 0.0074 0.024120936 -0.0592 0.026884668 1 6
15 -11.0288 5.3715 260.59 5.9601 0.0416 0.024326565 -0.0516 0.029089712 -0.0193 0.023263033 0.0493 0.029771268 1 6
16 1.7521 5.2333 268.4599 7.1709 -0.0427 0.026683819 0.0114 0.02645176 0.0259 0.02750629 -0.0268 0.026250483 1 6
17 -10.4838 6.408 261.8234 8.152 -0.038 0.025328632 0.0023 0.02759198 0.0296 0.02758274 0.0536 0.027836276 1 6
18 -17.7384 6.3715 228.6585 9.3784 -0.0779 0.030822404 0.0676 0.037154995 0.0558 0.030590143 0.0158 0.035959847 1 6
19 15.415 5.6478 252.6774 7.4221 -0.0453 0.028239844 0.0104 0.027484087 0.0597 0.028112957 0.0462 0.02838992 1 6
20 9.7498 5.7443 238.7689 8.1994 -0.0825 0.029724563 -0.0499 0.042203605 0.0527 0.02666331 0.0565 0.04397968 1 6
21 -4.8007 5.6681 226.6748 9.2652 0.051 0.02796879 0.0739 0.04728315 -0.0582 0.028609347 -0.0393 0.035010792 1 6
22 15.507 4.9356 273.3274 6.8677 0.0131 0.02030664 -0.0414 0.024537647 0.0318 0.020442665 0.0698 0.02817433 1 6
23 14.8707 5.3967 262.3437 8.0412 -0.0024 0.020367885 0.0459 0.027036676 -0.0097 0.020929106 0.0223 0.0246072 1 6
24 -4.4564 5.7861 257.1879 9.2944 0.0073 0.02406239 0.0085 0.038546834 -0.0064 0.025555996 0.0005 0.037422325 1 6
25 -21.4357 5.043 258.6978 7.269 -0.0357 0.025903217 0.0241 0.030077808 0.0692 0.023208171 0.0918 0.03014301 1 6
26 1.5812 5.5842 259.7654 9.0614 -0.0387 0.023731606 0.001 0.036926012 0.0138 0.02671188 -0.0198 0.0349046 1 6
27 -11.292 5.8633 249.7807 9.4637 1e-04 0.025448797 0.0207 0.05374389 0.0259 0.02497783 -0.0362 0.04795747 1 6
28 -8.9105 4.7656 257.3678 8.5557 -0.0131 0.022770936 0.061 0.030753277 -0.0026 0.023049913 -0.0261 0.026459163 1 6
29 -21.1184 6.0369 252.6512 8.6991 0.0247 0.024254683 0.0451 0.03438886 -0.0471 0.025318652 0.0067 0.028454416 1 6
30 -5.6409 4.6716 250.5493 7.9526 0.0199 0.025775122 0.0603 0.028545238 -0.0523 0.028189074 -0.0336 0.024093833 1 6
31 5.1184 4.7519 252.9866 7.4686 0.0051 0.02664432 0.0044 0.032814737 0.0256 0.024066089 0.0116 0.030785829 1 6
32 -0.2017 5.0872 254.0662 9.9081 -0.0013 0.029425088 0.0332 0.03830279 -0.037 0.028746013 0.0006 0.034068424 1 6
33 5.4327 6.0171 259.1082 7.7337 -0.0636 0.029485911 -0.0314 0.029487984 0.0881 0.03215571 0.0732 0.031838823 1 6
34 24.4398 5.7298 252.033 7.1312 -0.0254 0.029170983 -0.0395 0.031786878 -0.007 0.028723544 0.05 0.030991659 1 6
35 -3.1633 6.5105 243.2374 8.0548 -0.0442 0.026454613 -0.0032 0.037836637 -0.0324 0.0256505 0.0494 0.036963433 1 6
36 -15.7395 5.049 259.7836 6.3967 0.0098 0.022013713 -0.0498 0.024434006 -0.0044 0.02105876 0.1008 0.028876774 1 6
37 3.2931 5.3691 263.7548 7.3365 0.0208 0.021164127 -0.0065 0.029928815 0.0405 0.025622858 0.0392 0.03321702 1 6
38 -6.743 4.5244 274.0008 5.8215 0.0095 0.020410905 0.0141 0.023721498 0.0853 0.024795346 0.0483 0.027039543 1 6
39 6.9502 5.7776 239.4901 8.1694 0.0297 0.02428509 0.0283 0.04122737 -0.0109 0.026776632 -0.0839 0.038346164 1 6
40 1.3101 6.2137 245.3319 9.5028 -0.0507 0.030117143 0.0468 0.03455618 -0.0086 0.030595226 0.0767 0.0348806 1 6
41 -0.7922 6.5471 247.252 11.111 -0.0137 0.028293924 0.0673 0.0415411 -0.0417 0.03178535 0.0013 0.040282443 1 6
42 -10.7017 4.6843 261.3346 6.0691 0.0096 0.02272712 -0.0855 0.024118925 -0.0233 0.019668533 0.1184 0.02948319 1 6
43 8.2917 6.6714 249.854 12.4053 -0.0468 0.029688213 0.0512 0.042575106 -0.0184 0.03182634 0.0016 0.036473684 1 6
44 0.02 5.0441 252.4515 7.8517 -0.0411 0.021951882 0.0419 0.02819833 -0.0741 0.02432196 0.058 0.028297704 1 6
45 10.3518 5.0734 241.6153 8.1725 0.0068 0.024846591 0.0393 0.033280514 -0.0124 0.023455868 -0.0338 0.028664324 1 6
46 10.2946 6.2731 262.6386 8.8387 0.0014 0.02643616 -0.0058 0.031888228 -0.0334 0.027292546 0.063 0.034217667 1 6
47 4.202 6.4618 243.0455 13.9169 -0.0146 0.027867265 0.0547 0.056686554 -0.0269 0.026597936 0.0049 0.04395533 1 6
48 15.9604 6.2278 247.8861 8.0728 0.0173 0.0258075 0.0272 0.032403566 -0.021 0.025220701 -0.0247 0.026161436 1 6
49 -8.8442 7.1778 248.802 6.8253 -0.042 0.03204399 -0.0245 0.03273562 0.0315 0.029724654 0.0024 0.031353388 1 6
50 31.3134 6.3315 241.7589 13.5752 0.0123 0.034093406 0.0636 0.06832413 -0.0173 0.031345595 -0.0654 0.051250834 1 6
51 3.6567 5.5261 262.7592 6.5354 -0.0729 0.021404436 -0.0155 0.020409472 0.0241 0.0230177 0.0892 0.026594834 1 6
52 12.5074 8.6443 212.7047 20.1368 -0.0709 0.044045273 0.1451 0.04138231 0.007 0.042241767 0.0177 0.08616584 1 6
53 -11.1714 5.3555 228.5304 7.959 -0.0298 0.033701897 0.0106 0.033227116 0.0653 0.031082382 0.1068 0.04095754 1 6
54 -2.4031 6.9644 235.6003 19.4721 -0.0549 0.03844796 0.0981 0.07528897 0.0167 0.0448884 -0.0023 0.038628686 1 6
55 7.6118 4.7471 255.4542 5.2864 -0.041 0.021669064 -0.0013 0.022281917 -0.0593 0.025337908 0.0295 0.02843872 1 6
56 0.9495 5.3234 224.8485 7.8495 -0.087 0.03229116 -0.0135 0.03877096 0.0603 0.02853096 0.0202 0.03749311 1 6
57 3.1415 5.93 256.4906 7.4605 0.0053 0.022679474 0.027 0.028877905 -0.0212 0.024017483 0.0085 0.02735839 1 6
58 -12.4977 5.9299 269.935 6.7512 0.0016 0.023799825 -0.0189 0.027622227 0.0019 0.022823244 -0.0097 0.03023176 1 6
59 -0.1416 5.8037 283.2119 7.3938 0.0524 0.021640386 -0.012 0.02833633 -0.0208 0.022502389 -0.03 0.029130163 1 6
60 8.72 7.1843 234.5512 9.6175 -0.0825 0.029785756 0.0231 0.046216607 -0.0077 0.026810115 0.0014 0.036605902 1 6
61 4.1667 5.8588 247.0026 9.3667 -0.0085 0.02824678 0.0084 0.03403705 0.0101 0.026932465 0.0262 0.030914828 1 6
62 -1.786 5.9803 250.1991 8.4227 -0.0054 0.024100486 0.0375 0.036527682 -0.006 0.025883175 -0.0035 0.02991297 1 6
63 -3.9995 5.0395 259.1009 5.6904 0.0486 0.021241207 -0.0014 0.02516834 0.0251 0.019960137 -0.0155 0.026152514 1 6
64 16.4706 5.8255 233.1222 8.5681 0.0264 0.03511153 0.0307 0.035599764 -0.0128 0.031551108 0.015 0.035788566 1 6
65 3.3296 5.6284 243.1765 7.6559 0.0199 0.029845452 -0.0236 0.030064713 0.0331 0.02869935 0.0658 0.031077163 1 6
66 17.5785 6.9476 239.7834 10.9179 0.0127 0.030506589 0.0454 0.030417724 -0.0075 0.030350015 0.0705 0.043054834 1 6
67 1.6816 5.4692 247.6815 7.999 0.0243 0.02684443 0.0068 0.030549182 0.0041 0.02424511 0.004 0.028530674 1 6
68 19.6685 5.2949 248.0816 7.5412 -0.0161 0.02556036 0.0189 0.032380525 0.0138 0.026362294 0.0123 0.03157131 1 6
69 13.4489 6.3843 229.3806 7.9966 -0.0056 0.036383092 -0.0151 0.055673055 0.1028 0.037544053 -0.0263 0.04806606 1 6
70 14.672 5.2911 249.0436 7.9089 -0.0133 0.0239974 0.0755 0.026681725 0.0912 0.027111774 -0.0208 0.027368447 1 6
71 0.0071 6.4924 239.1585 8.8961 -0.0014 0.032851666 0.0706 0.03685804 0.0437 0.03495471 0.0104 0.03391689 1 6
72 -2.9083 5.5852 247.4602 7.7797 -0.032 0.024983825 0.0179 0.028836241 0.0199 0.022031639 0.0367 0.029284434 1 6
73 21.3153 5.5195 250.4728 8.2437 0.0149 0.02844652 0.0329 0.039074723 0.0064 0.024899244 -0.022 0.030049901 1 6
74 9.6844 5.8515 238.6166 10.4605 0.0305 0.03403919 0.0254 0.053815007 -0.0256 0.036295306 -0.0686 0.04383933 1 6
75 9.8107 4.9131 248.5825 6.6884 -0.0304 0.021896414 0.0423 0.030212926 0.0521 0.02542023 0.0712 0.029016469 1 6
76 26.4005 5.0624 253.5221 7.154 0.0104 0.023424938 0.0282 0.024497798 0.0489 0.021637402 -0.0371 0.025686646 1 6
77 20.8458 6.0868 254.7916 7.0261 -0.0213 0.0248353 0.0309 0.032450788 0.041 0.028260292 0.0312 0.034942284 1 6
78 24.8727 4.9642 250.9936 6.8383 0.0097 0.021212049 -0.0281 0.030417508 0.0463 0.024499906 0.0499 0.030489802 1 6
79 9.5437 5.363 231.5054 8.8878 -0.0048 0.025731904 0.0748 0.03672162 0.0699 0.026253797 -0.0055 0.03303087 1 6
80 -13.5966 6.2422 235.9825 9.7229 0.0235 0.033308282 0.0453 0.0504476 -0.0163 0.032277394 -0.0287 0.034920517 1 6
81 -3.3015 4.8556 256.3053 7.9396 -0.0144 0.023039412 0.0017 0.030551853 0.0406 0.024275664 0.0412 0.030640602 1 6
82 -8.2377 5.3823 246.6934 8.5685 0.0366 0.024390811 0.0599 0.030061191 0.0368 0.026941486 -0.0614 0.025552126 1 6
83 2.4353 5.8916 246.9652 6.0914 -0.0224 0.026883062 0.0214 0.027546007 0.0704 0.027289439 -0.021 0.027187739 1 6
84 26.6393 5.2897 240.9747 6.8524 -0.0006 0.029064562 0.0042 0.034033798 0.1108 0.031457696 0.0294 0.029138522 1 6
85 -3.089 5.6977 278.6171 6.9504 0.0337 0.02033746 -0.0145 0.024806816 -0.0048 0.020971533 0.0025 0.023866713 1 6
86 5.2493 5.2232 248.787 7.653 0.0132 0.021035414 0.0457 0.033455476 0.0439 0.024223786 -0.0252 0.032357324 1 6
87 -21.2942 5.3902 261.7891 8.5344 0.0112 0.022559427 0.0752 0.03617516 -0.0016 0.023048226 -0.057 0.029121334 1 6
88 -12.7391 4.881 233.5193 6.6837 -0.0383 0.024823457 0.0291 0.030510122 0.0594 0.025632607 0.0291 0.029733617 1 6
89 2.8173 6.103 250.0102 7.8232 -0.0105 0.026837328 -0.013 0.029756544 -0.0236 0.026242564 0.0622 0.031771712 1 6
90 8.7626 4.3526 238.5596 8.328 0.0277 0.023435054 0.0765 0.032858197 0.0256 0.023963118 0.0262 0.029215256 1 6
91 -5.0541 4.5622 222.1548 7.3616 0.0556 0.023627492 0.0101 0.038345847 0.0542 0.024362018 -0.0104 0.03451129 1 6
92 8.4446 6.4552 255.5864 11.1561 0.0251 0.029485073 0.0059 0.048119422 0.0044 0.03065465 0.0074 0.04568369 1 6
93 -6.8024 6.1043 237.4741 9.7105 0.0368 0.027906904 0.0257 0.050365295 -0.0094 0.028403118 -0.0533 0.03940134 1 6
94 8.9486 6.2429 252.0078 11.2812 0.0229 0.023487786 0.0783 0.029598271 0.0011 0.026168823 -0.0118 0.035409246 1 6
95 6.1945 6.1614 273.4958 6.9196 0.0262 0.021015882 0.0152 0.023607856 0.0145 0.022349022 0.0806 0.030025726 1 6
96 -8.0873 6.3822 242.516 13.1783 -0.0463 0.025780488 0.0933 0.04962938 0.0658 0.033716965 -0.0087 0.03792392 1 6
97 7.4396 5.8202 251.885 8.0198 0.048 0.02613349 0.006 0.034746695 0.0302 0.026391236 0.019 0.034512404 1 6
98 0.9117 6.2315 240.0447 7.354 0.0438 0.028634807 -0.0316 0.034220684 -0.0342 0.027962698 -0.0415 0.032460626 1 6
99 -1.1713 6.2898 253.701 10.6863 0.0094 0.024442473 0.0436 0.035858456 0.007 0.021611363 0.0338 0.03390307 1 6
100 14.3177 4.7381 248.3876 6.7947 0.0169 0.02276771 0.0271 0.028394692 -0.018 0.022651782 0.0719 0.028242487 1 6
101 -13.5228 5.4125 253.4208 8.9785 0.0771 0.027275773 0.0362 0.035455182 0.0388 0.030101538 0.0532 0.03282847 1 6
102 -7.9864 6.045 228.3911 10.424 -0.0413 0.03364175 0.0945 0.051583264 0.0761 0.029172422 -0.0897 0.03808355 1 6
103 3.3134 5.2792 250.7274 8.1618 0.0206 0.027535882 0.0476 0.030644564 0.0424 0.026954422 -0.0146 0.03298422 1 6
104 5.298 6.3545 260.4148 9.7414 0.0834 0.024938172 0.0007 0.03896416 0.0574 0.02261834 0.0025 0.037686575 1 6
105 -21.3044 7.0347 271.9568 10.189 0.0272 0.022483522 0.0692 0.03298466 0.0455 0.023756215 -0.0035 0.03398094 1 6
106 6.4714 6.3454 272.2519 6.8813 0.0067 0.023665888 -0.0422 0.026895057 -0.0033 0.026763117 0.1338 0.036111027 1 6
107 8.6683 6.6116 238.6992 7.8269 -0.0032 0.031697333 0.0101 0.031618573 0.0593 0.03511782 0.0784 0.038441595 1 6
108 13.4236 6.3005 246.189 9.8536 -0.0515 0.030952012 -0.0322 0.037196945 0.0705 0.030306883 0.0746 0.043443132 1 6
109 11.2059 7.3819 225.202 12.4427 -0.0166 0.041662652 0.0492 0.04821347 0.0146 0.03568989 0.0016 0.04271575 1 6
110 1.3213 6.4373 270.9667 7.7986 -0.0287 0.02458415 0.041 0.025848133 0.05 0.024066785 0.0518 0.027840069 1 6
111 11.066 5.8997 261.5932 6.977 0.0376 0.023611179 -0.0298 0.03003981 0.0259 0.022568475 -0.0242 0.029247053 1 6
112 -4.3418 7.1629 259.167 11.8812 -0.0517 0.02464067 0.0511 0.036095884 -0.0019 0.027695328 0.0418 0.032779045 1 6
113 26.3208 5.6305 245.2966 8.1906 -0.0236 0.032001965 0.0623 0.04549244 0.0484 0.02827724 -0.0467 0.036986545 1 6
114 14.4504 5.7952 263.615 6.4276 0.0296 0.022521038 0.0292 0.029941829 0.0972 0.025977118 0.0035 0.028056785 1 6
115 4.0255 5.5052 267.245 7.8227 0.0281 0.01999931 0.0429 0.025359057 -0.0092 0.024756256 0.015 0.027229922 1 6
116 6.6691 7.9613 242.7428 12.9131 0.0679 0.033856753 0.0473 0.06917359 0.0361 0.033834003 -0.0572 0.049060237 1 6
117 2.1409 6.0827 261.005 10.6183 0.0495 0.028991256 0.0537 0.03461782 -0.0091 0.025860792 0.0364 0.03608926 1 6
118 3.3394 5.4134 256.5304 9.1107 0.0105 0.025843255 0.0304 0.04908398 0.0301 0.027071524 -0.0588 0.040454444 1 6
119 5.6451 6.0182 232.6824 11.1941 -0.0077 0.032066397 0.0179 0.058772214 0.0649 0.033268314 -0.0176 0.04628889 1 6
120 -4.0437 5.8713 228.0354 9.3254 -0.0174 0.030407418 0.0544 0.035888135 0.049 0.03148773 0.0878 0.03738525 1 6
121 -10.835 5.4155 256.7902 6.2345 0.0226 0.020523522 0.0236 0.026791323 -0.0523 0.025107145 0.0316 0.027032306 1 6
122 -15.0944 5.6551 261.9668 8.9622 -0.0018 0.024504313 0.0131 0.037888616 0.0689 0.024989165 0.0098 0.029953873 1 6
123 -5.2302 4.7934 242.2908 5.532 -0.0214 0.024372833 -0.0216 0.020480232 0.0433 0.025047138 0.0687 0.02638988 1 6
124 -6.282 5.2234 234.1745 12.2912 0.0263 0.031992048 0.0717 0.044173602 0.016 0.031588506 0.043 0.03490899 1 6
125 -19.5953 4.7823 244.0992 6.0067 -0.0219 0.023788186 -0.0117 0.023344403 -0.0053 0.02367212 0.0594 0.025074655 1 6
126 -9.9043 5.1212 258.0822 7.8919 0.0272 0.027840324 0.0297 0.025301365 -0.0768 0.024146866 0.0467 0.032246135 1 6
127 -15.6786 6.4872 276.0424 9.4232 0.0394 0.0251063 0.0403 0.028735457 -0.0165 0.027392533 -0.0133 0.02501583 1 6
128 -0.0071 5.8153 247.5556 9.6165 -0.0127 0.029860461 0.0672 0.03358388 0.008 0.03310582 0.0206 0.03234614 1 6
129 10.6975 6.4456 239.515 10.3722 0.0255 0.025048885 0.0443 0.03577926 -0.0265 0.025132157 0.0425 0.03525604 1 6
130 8.9315 6.537 247.8873 10.1279 -0.0714 0.026904104 0.047 0.038364265 0.0627 0.030976314 0.0141 0.036643013 1 6
131 -4.5641 6.8194 264.8521 9.7703 -0.0032 0.025936836 -0.0125 0.03205098 0.0022 0.027940996 0.0874 0.035709012 1 6
132 1.7339 6.7239 229.8393 14.5554 -0.0623 0.035885863 0.0686 0.04680731 0.0479 0.04003366 0.0099 0.04882189 1 6
133 5.2341 6.7998 249.2802 10.5316 -0.025 0.030408556 0.0336 0.037665136 0.0168 0.030912554 0.0465 0.03471909 1 6
134 -20.1692 6.1894 227.0861 8.6164 0.0113 0.03395552 -0.0068 0.0490403 0.0148 0.029613134 -0.0083 0.039682664 1 6
135 9.3477 7.3396 283.3786 11.7865 0.0538 0.026853947 0.0343 0.038255006 -0.0377 0.029204136 0.0026 0.029919803 1 6
136 19.4512 6.4706 226.2709 8.9615 -0.0256 0.041149847 0.0159 0.054884326 0.0652 0.041666314 0.0024 0.047956545 1 6
137 -15.0178 5.1699 255.08 7.2615 -0.0073 0.02211668 -0.0288 0.031010168 -0.0496 0.026732836 0.0553 0.030918945 1 6
138 4.6356 8.6345 252.9242 21.1658 0.0178 0.04507967 0.0812 0.08376232 0.0137 0.044986278 -0.0507 0.044554483 1 6
139 -4.4551 8.3034 283.6398 12.7989 0.0628 0.028631369 0.0246 0.029883016 -0.0366 0.03366994 0.0625 0.03185598 1 6
140 -1.2125 6.3778 236.3361 7.9556 -0.0246 0.033168454 0.0153 0.035663683 0.0405 0.031994473 0.0565 0.03492018 1 6
