data/processed/NGC5846/gauss_hermite_kins.ecsv
# %ECSV 1.0
# ---
# datatype:
# - {name: vbin_id, datatype: int64}
# - {name: v, datatype: float32}
# - {name: dv, datatype: float32}
# - {name: sigma, datatype: float32}
# - {name: dsigma, datatype: float32}
# - {name: h3, datatype: float32}
# - {name: dh3, datatype: float32}
# - {name: h4, datatype: float32}
# - {name: dh4, datatype: float32}
# - {name: h5, datatype: float32}
# - {name: dh5, datatype: float32}
# - {name: h6, datatype: float32}
# - {name: dh6, datatype: float32}
# - {name: is_good, datatype: int64}
# - {name: n_gh, datatype: int64}
# meta: !!omap
# - PSF:
#     sigma:
#     - [0.23969762422606267, 1.4899214602256403]
#     - [0.6975874740330291, 2.1813182603746246]
#     weight:
#     - [0.7338444632501389, 0.26615553674986114]
#     - [0.9325606145948853, 0.06743938540511474]
# - aperture_exprs: [_o, _s]
# schema: astropy-2.0
vbin_id v dv sigma dsigma h3 dh3 h4 dh4 h5 dh5 h6 dh6 is_good n_gh
[from data line 1645]
1646 -4.9097 4.5125 250.52097 4.7089 -0.0028 0.020387048 0.0353 0.020144131 0.0 0.1 0.0 0.1 1 6
1647 -8.2563 3.8646 221.77585 5.7158 0.0147 0.024109252 0.0411 0.022522543 0.0 0.1 0.0 0.1 1 6
1648 -8.4253 5.2133 225.04144 7.2903 0.0449 0.019836714 0.0268 0.03014819 0.0 0.1 0.0 0.1 1 6
1649 -7.3655 6.1117 247.27939 7.4512 0.0604 0.021517301 0.0195 0.024097946 0.0 0.1 0.0 0.1 1 6
1650 -12.8833 4.9367 234.92447 6.8232 -0.0141 0.019808624 0.0367 0.020567182 0.0 0.1 0.0 0.1 1 6
1651 0.2814 3.7954 240.34604 5.1427 -0.0102 0.024372526 0.0441 0.021242404 0.0 0.1 0.0 0.1 1 6
1652 1.5894 4.1158 238.41225 5.7804 0.0246 0.024779474 -0.0211 0.023718309 0.0 0.1 0.0 0.1 1 6
1653 -10.0809 4.4804 242.85912 5.0986 0.0408 0.018103506 -0.0156 0.019990077 0.0 0.1 0.0 0.1 1 6
1654 -4.7153 4.8991 236.03662 5.3225 -0.0403 0.020627214 -0.0191 0.022281544 0.0 0.1 0.0 0.1 1 6
1655 4.3847 4.9762 232.27112 6.8311 -0.016 0.025825907 0.053 0.022958662 0.0 0.1 0.0 0.1 1 6
1656 -1.063 6.6676 236.13333 6.5286 0.0071 0.023799134 0.0489 0.026562892 0.0 0.1 0.0 0.1 1 6
1657 3.8466 4.2702 217.10808 8.1773 -0.0272 0.025154533 -0.0339 0.03211378 0.0 0.1 0.0 0.1 1 6
1658 1.9919 5.8982 239.87807 4.6854 -0.0412 0.022403311 -0.0507 0.030025996 0.0 0.1 0.0 0.1 1 6
1659 -11.4279 4.0242 245.09624 5.8807 0.0595 0.022118961 0.0055 0.02183374 0.0 0.1 0.0 0.1 1 6
1660 -1.6288 4.2611 223.4591 6.6653 -0.0601 0.021087486 0.0074 0.018959867 0.0 0.1 0.0 0.1 1 6
1661 9.512 4.6787 227.02039 6.14 -0.083 0.019396253 0.0049 0.027774613 0.0 0.1 0.0 0.1 1 6
1662 -17.8489 4.561 227.74919 5.2127 -0.0582 0.019161226 -0.0137 0.019784389 0.0 0.1 0.0 0.1 1 6
1663 -3.4932 5.197 234.75238 5.3021 -0.0269 0.020606512 0.0059 0.025144504 0.0 0.1 0.0 0.1 1 6
1664 -10.7492 5.1679 241.02182 6.4111 -0.0492 0.02600295 0.0014 0.024719672 0.0 0.1 0.0 0.1 1 6
1665 -11.0717 5.2819 229.86327 5.06 -0.0576 0.017584475 -0.0008 0.022140749 0.0 0.1 0.0 0.1 1 6
1666 -5.1803 3.9339 228.05421 3.8536 -0.0388 0.023011653 -0.023 0.016272176 0.0 0.1 0.0 0.1 1 6
1667 0.2904 5.4152 232.57939 7.845 0.0225 0.020706804 0.0221 0.03058262 0.0 0.1 0.0 0.1 1 6
1668 -2.6474 7.0172 243.06995 10.0706 0.0365 0.025428278 -0.0067 0.03977077 0.0 0.1 0.0 0.1 1 6
1669 6.5555 5.3777 242.5251 6.2349 0.0085 0.026310058 -0.0718 0.029679606 0.0 0.1 0.0 0.1 1 6
1670 -4.3329 6.2503 237.76787 6.9645 -0.0142 0.02610726 -0.0114 0.025760707 0.0 0.1 0.0 0.1 1 6
1671 14.0052 7.8393 258.7307 5.1832 0.0068 0.02610263 -0.0327 0.029918106 0.0 0.1 0.0 0.1 1 6
1672 9.0914 8.2139 236.87746 8.4946 -0.0135 0.025025178 -0.0324 0.036843833 0.0 0.1 0.0 0.1 1 6
1673 17.1027 6.2369 232.76965 6.545 0.0052 0.037427124 -0.0046 0.029313775 0.0 0.1 0.0 0.1 1 6
1674 14.3203 7.0186 221.2981 7.0567 0.0068 0.03012347 0.0009 0.02524544 0.0 0.1 0.0 0.1 1 6
1675 -16.8445 7.3341 235.30489 9.7711 -0.0182 0.028140035 -0.0492 0.03932112 0.0 0.1 0.0 0.1 1 6
1676 4.8417 4.4061 244.41594 4.7625 -0.0083 0.020602815 0.0171 0.018362561 0.0 0.1 0.0 0.1 1 6
1677 12.2364 4.5631 237.12338 5.586 0.0136 0.024912678 0.0159 0.021145163 0.0 0.1 0.0 0.1 1 6
1678 24.9288 5.0784 238.99564 6.2791 -0.0119 0.023019759 -0.0218 0.0277424 0.0 0.1 0.0 0.1 1 6
1679 -7.7676 5.7461 219.98549 7.6976 -0.0498 0.02200371 0.0199 0.028176654 0.0 0.1 0.0 0.1 1 6
1680 -7.1003 5.4297 238.57878 5.7923 -0.0317 0.03056988 0.0354 0.02116185 0.0 0.1 0.0 0.1 1 6
1681 9.2006 5.6622 219.51857 6.7057 -0.0235 0.021948176 0.0449 0.023548167 0.0 0.1 0.0 0.1 1 6
1682 0.5163 5.4949 243.09608 6.4574 -0.0042 0.021454262 0.0283 0.025760476 0.0 0.1 0.0 0.1 1 6
1683 2.0487 3.6404 231.78633 6.7597 0.0164 0.021567311 0.0345 0.030219631 0.0 0.1 0.0 0.1 1 6
1684 -4.3396 3.7265 227.45488 5.2443 0.0003 0.023938373 0.0092 0.02288277 0.0 0.1 0.0 0.1 1 6
1685 10.9273 5.0518 239.25899 6.5333 -0.0038 0.0218561 0.0151 0.024960568 0.0 0.1 0.0 0.1 1 6
1686 -21.0734 5.507 244.95282 5.7996 -0.0022 0.02354928 0.0117 0.022912359 0.0 0.1 0.0 0.1 1 6
1687 -3.1985 4.5224 242.03769 6.3047 0.043 0.021970525 0.0114 0.024382014 0.0 0.1 0.0 0.1 1 6
1688 -11.9805 6.2494 242.49477 8.1181 -0.0048 0.033164654 0.0265 0.024529837 0.0 0.1 0.0 0.1 1 6
1689 -17.2878 5.6024 246.13228 6.1149 -0.0181 0.021999251 0.0426 0.020927891 0.0 0.1 0.0 0.1 1 6
1690 -12.446 5.0986 229.9712 6.8785 0.0402 0.022738278 0.0457 0.018368032 0.0 0.1 0.0 0.1 1 6
1691 -0.7952 6.4173 224.32692 5.678 0.0192 0.025081 0.0015 0.03200722 0.0 0.1 0.0 0.1 1 6
1692 1.1927 5.9114 241.48161 6.3889 0.0246 0.021578968 -0.087 0.03084968 0.0 0.1 0.0 0.1 1 6
1693 -2.9145 6.15 243.49069 5.6972 -0.0376 0.024705788 0.0392 0.022794265 0.0 0.1 0.0 0.1 1 6
1694 4.2128 5.1175 221.14595 6.8414 -0.0417 0.027529731 0.0324 0.021063052 0.0 0.1 0.0 0.1 1 6
1695 3.5954 6.0146 229.74304 6.7557 -0.0173 0.022711828 0.0422 0.027398499 0.0 0.1 0.0 0.1 1 6
1696 -1.6766 4.9358 243.94144 6.4797 -0.0092 0.023515482 -0.0132 0.025646308 0.0 0.1 0.0 0.1 1 6
1697 -3.8188 5.4407 235.65201 4.8972 0.0623 0.025735302 -0.0165 0.02345051 0.0 0.1 0.0 0.1 1 6
1698 -7.7056 5.2889 230.17911 7.3437 -0.0592 0.026820414 0.0176 0.031015621 0.0 0.1 0.0 0.1 1 6
1699 -7.6078 5.443 230.97237 6.685 -0.0739 0.023875577 -0.0195 0.034285605 0.0 0.1 0.0 0.1 1 6
1700 -7.6575 4.3478 224.8765 4.3029 -0.0757 0.019750118 -0.0284 0.022590572 0.0 0.1 0.0 0.1 1 6
1701 3.5028 4.3878 238.52083 5.3791 -0.0318 0.019723272 0.0273 0.02376501 0.0 0.1 0.0 0.1 1 6
1702 12.8848 4.4746 253.76944 6.8591 -0.0582 0.023919929 -0.0213 0.028415011 0.0 0.1 0.0 0.1 1 6
1703 11.7423 5.5219 247.92126 4.6132 0.0043 0.020645283 -0.0055 0.021962095 0.0 0.1 0.0 0.1 1 6
1704 10.3267 4.2574 224.72928 6.5966 -0.0131 0.019958558 0.0238 0.02281256 0.0 0.1 0.0 0.1 1 6
1705 15.6058 5.6563 217.97664 11.8378 0.0069 0.025061402 0.0911 0.03138674 0.0 0.1 0.0 0.1 1 6
1706 8.6435 5.2686 232.865 7.3952 0.022 0.030426057 -0.0051 0.03145542 0.0 0.1 0.0 0.1 1 6
1707 1.38 5.6064 238.6986 8.6455 0.08 0.022280544 -0.0267 0.034877207 0.0 0.1 0.0 0.1 1 6
1708 5.3876 6.9437 216.30135 10.5615 0.0059 0.027556818 0.0669 0.04130469 0.0 0.1 0.0 0.1 1 6
1709 21.3094 6.2469 231.17786 7.7905 -0.0665 0.0326129 -0.0289 0.028080963 0.0 0.1 0.0 0.1 1 6
1710 21.934 8.4889 237.32877 8.0824 -0.055 0.028871099 0.0385 0.033637796 0.0 0.1 0.0 0.1 1 6
1711 19.6624 6.1769 249.03647 8.2316 0.0134 0.029912842 0.0031 0.028027633 0.0 0.1 0.0 0.1 1 6
1712 13.0208 5.0178 222.72116 8.8461 0.0231 0.027799433 -0.036 0.028915292 0.0 0.1 0.0 0.1 1 6
1713 -12.0672 8.1215 223.625 14.6478 -0.0171 0.028620642 0.0589 0.04168776 0.0 0.1 0.0 0.1 1 6
1714 -1.7912 4.1697 242.45644 5.3364 -0.0114 0.022887828 -0.0584 0.027196122 0.0 0.1 0.0 0.1 1 6
1715 13.4824 5.1273 236.00313 5.7846 0.0039 0.025853824 -0.0223 0.023031527 0.0 0.1 0.0 0.1 1 6
1716 8.7198 4.5575 242.13733 5.6566 -0.0488 0.022418458 -0.0084 0.027077785 0.0 0.1 0.0 0.1 1 6
1717 5.3272 3.7993 236.82434 6.3943 -0.032 0.017779905 0.033 0.023070222 0.0 0.1 0.0 0.1 1 6
1718 1.3444 6.43 233.83394 5.5131 0.0178 0.020358503 0.0081 0.024040462 0.0 0.1 0.0 0.1 1 6
1719 12.7785 4.7023 233.21277 6.1723 -0.0071 0.025198003 -0.014 0.021713637 0.0 0.1 0.0 0.1 1 6
1720 9.8397 3.8941 243.95866 4.2971 -0.041 0.016761603 -0.0184 0.020165667 0.0 0.1 0.0 0.1 1 6
1721 -0.4498 3.8431 236.93951 3.559 0.048 0.019921273 0.0026 0.01968474 0.0 0.1 0.0 0.1 1 6
1722 -7.7502 4.3053 231.56961 7.0638 0.0791 0.020214463 0.0042 0.023790525 0.0 0.1 0.0 0.1 1 6
1723 -9.5907 6.2316 250.24776 6.1442 -0.0059 0.022122592 -0.0248 0.028206592 0.0 0.1 0.0 0.1 1 6
1724 -6.3389 4.7543 242.19258 6.7926 -0.0044 0.019989032 0.0164 0.025725862 0.0 0.1 0.0 0.1 1 6
1725 0.224 6.0227 250.2384 6.6492 -0.0303 0.022941258 0.0202 0.023552844 0.0 0.1 0.0 0.1 1 6
1726 -2.5719 7.171 261.85382 6.4802 -0.0821 0.02174709 0.0287 0.02161788 0.0 0.1 0.0 0.1 1 6
1727 -4.3602 5.7223 246.8572 7.671 0.0014 0.021508053 0.0801 0.028863294 0.0 0.1 0.0 0.1 1 6
1728 -8.6185 4.6173 233.72179 5.2407 0.0143 0.021936709 -0.0066 0.023447342 0.0 0.1 0.0 0.1 1 6
1729 4.3267 5.4471 233.99144 6.3318 0.0138 0.025923498 -0.0414 0.028317722 0.0 0.1 0.0 0.1 1 6
1730 9.9928 5.4602 234.95723 8.4113 0.0285 0.023351783 -0.0248 0.02230982 0.0 0.1 0.0 0.1 1 6
1731 -10.6921 3.8481 222.25748 5.4061 -0.0221 0.023437394 0.0393 0.026349718 0.0 0.1 0.0 0.1 1 6
1732 0.0515 6.1603 214.49295 10.5934 -0.039 0.0347262 0.0298 0.044011075 0.0 0.1 0.0 0.1 1 6
1733 6.6213 4.9838 232.68588 8.2232 0.002 0.032526154 0.0341 0.028467892 0.0 0.1 0.0 0.1 1 6
1734 17.2778 4.5386 241.14247 9.0587 0.0085 0.024302125 0.058 0.021896884 0.0 0.1 0.0 0.1 1 6
1735 1.7034 7.4225 230.55226 7.93 0.0166 0.027089816 0.0452 0.03747267 0.0 0.1 0.0 0.1 1 6
1736 -2.0856 4.4185 235.0912 5.7188 -0.0014 0.02816994 -0.0233 0.022874149 0.0 0.1 0.0 0.1 1 6
1737 14.0479 5.6141 234.18222 9.0007 -0.0327 0.019364437 0.0054 0.04364411 0.0 0.1 0.0 0.1 1 6
1738 14.4812 4.0201 241.23665 4.4738 -0.0654 0.01661733 -0.0188 0.019883972 0.0 0.1 0.0 0.1 1 6
1739 4.2126 4.3383 247.57529 4.7794 -0.0592 0.023883836 -0.0056 0.021308647 0.0 0.1 0.0 0.1 1 6
1740 -3.3584 7.5837 243.96791 6.1912 -0.0878 0.022099687 0.0612 0.02355977 0.0 0.1 0.0 0.1 1 6
1741 9.5292 5.4118 244.85538 8.0152 -0.0126 0.021026673 0.0614 0.026447458 0.0 0.1 0.0 0.1 1 6
1742 12.2792 5.0754 244.4025 7.941 -0.0706 0.019505896 -0.0022 0.025213378 0.0 0.1 0.0 0.1 1 6
1743 -0.6066 4.834 237.03717 4.2038 -0.1126 0.02035223 -0.0007 0.021923952 0.0 0.1 0.0 0.1 1 6
1744 0.1635 5.1686 223.57387 5.867 -0.0373 0.023102662 0.028 0.029695552 0.0 0.1 0.0 0.1 1 6
1745 5.2597 5.3792 220.82423 5.8667 -0.0127 0.018994087 -0.011 0.032900173 0.0 0.1 0.0 0.1 1 6
1746 3.7821 6.8401 218.67697 7.6631 -0.092 0.035622492 0.0338 0.03791523 0.0 0.1 0.0 0.1 1 6
1747 4.3045 5.4994 216.68399 6.6785 -0.0767 0.025161143 0.0417 0.028072251 0.0 0.1 0.0 0.1 1 6
1748 -15.3945 8.1651 224.37166 11.9961 0.0765 0.03534785 0.0673 0.043602813 0.0 0.1 0.0 0.1 1 6
1749 -0.0062 7.2257 230.80428 12.4609 -0.0942 0.033821728 0.0472 0.045707274 0.0 0.1 0.0 0.1 1 6
1750 8.2554 7.1201 248.21611 6.1223 -0.058 0.029181508 -0.0638 0.031312913 0.0 0.1 0.0 0.1 1 6
1751 7.7069 6.1491 234.33731 6.9316 -0.0078 0.021747656 0.0214 0.023635166 0.0 0.1 0.0 0.1 1 6
1752 -7.4684 4.5698 228.57133 6.7124 -0.0209 0.021872055 0.0443 0.024627317 0.0 0.1 0.0 0.1 1 6
1753 -1.6401 5.4656 251.17941 5.5289 0.0269 0.022614231 -0.0095 0.026195703 0.0 0.1 0.0 0.1 1 6
1754 2.0172 5.4676 251.73811 3.7831 0.0197 0.019969476 -0.0761 0.022482619 0.0 0.1 0.0 0.1 1 6
1755 6.1882 4.8959 255.95407 5.9605 0.0155 0.022823544 -0.034 0.020442218 0.0 0.1 0.0 0.1 1 6
1756 10.0778 5.3786 227.52008 4.9479 -0.0838 0.022463342 -0.0029 0.022047123 0.0 0.1 0.0 0.1 1 6
1757 14.3759 4.4039 235.47835 5.1604 -0.0556 0.020928994 0.0239 0.024015067 0.0 0.1 0.0 0.1 1 6
1758 4.9555 4.7195 242.61551 5.9174 -0.0442 0.02181935 -0.0008 0.01982193 0.0 0.1 0.0 0.1 1 6
1759 1.7976 5.5345 239.98085 4.2566 -0.0992 0.020857701 -0.0069 0.019191865 0.0 0.1 0.0 0.1 1 6
1760 -2.5541 6.3057 238.53395 7.4734 -0.0352 0.020430204 -0.0061 0.02686553 0.0 0.1 0.0 0.1 1 6
1761 -13.8739 9.817 253.98177 12.2538 -0.0689 0.02456149 0.0314 0.032373827 0.0 0.1 0.0 0.1 1 6
1762 -6.6468 6.3879 252.23792 7.9805 -0.0466 0.025551315 0.0266 0.022627693 0.0 0.1 0.0 0.1 1 6
1763 -0.3458 5.5172 243.48933 7.4472 -0.0305 0.028395267 0.0217 0.022819031 0.0 0.1 0.0 0.1 1 6
1764 -4.9036 5.9077 243.22577 7.5397 0.0051 0.0247648 0.0262 0.024408417 0.0 0.1 0.0 0.1 1 6
1765 12.4469 4.4369 244.79521 4.2346 -0.0316 0.022636864 -0.0397 0.024834113 0.0 0.1 0.0 0.1 1 6
1766 10.3317 6.9186 240.49503 8.5144 0.0193 0.02872957 -0.001 0.030710107 0.0 0.1 0.0 0.1 1 6
1767 -10.7894 4.6845 215.58043 6.126 -0.0114 0.025777083 0.0344 0.029279789 0.0 0.1 0.0 0.1 1 6
1768 0.4007 6.6838 223.68568 9.1218 -0.0447 0.032027967 0.036 0.0368453 0.0 0.1 0.0 0.1 1 6
1769 18.2426 5.1442 226.81784 6.3292 0.026 0.024729311 0.0271 0.021845818 0.0 0.1 0.0 0.1 1 6
1770 7.6323 5.8303 229.1984 8.1159 -0.0066 0.025477333 0.0687 0.029691985 0.0 0.1 0.0 0.1 1 6
1771 -20.8636 5.4949 259.40186 8.8377 0.029 0.028967476 0.0049 0.028617783 0.0 0.1 0.0 0.1 1 6
1772 -13.3165 4.149 248.30463 4.1262 0.0243 0.02352356 -0.031 0.026814219 0.0 0.1 0.0 0.1 1 6
1773 11.9705 4.0301 235.74431 7.7306 0.0319 0.017547404 0.0413 0.034561142 0.0 0.1 0.0 0.1 1 6
1774 15.2043 5.0092 236.88503 4.5767 -0.0491 0.021650076 -0.04 0.022288736 0.0 0.1 0.0 0.1 1 6
1775 13.8372 5.5882 249.63182 6.0494 -0.0206 0.022373345 -0.0285 0.023819696 0.0 0.1 0.0 0.1 1 6
1776 11.395 6.2869 234.16742 11.1238 -0.0583 0.021826131 0.1174 0.022679837 0.0 0.1 0.0 0.1 1 6
1777 3.2296 4.7753 234.55234 11.8834 -0.0184 0.02329111 0.1424 0.02386816 0.0 0.1 0.0 0.1 1 6
1778 6.7177 5.2884 242.63736 5.515 0.0365 0.020149473 -0.0357 0.028455712 0.0 0.1 0.0 0.1 1 6
1779 -9.0209 4.5434 238.15982 4.7831 -0.0782 0.023226231 -0.0603 0.023202237 0.0 0.1 0.0 0.1 1 6
1780 2.0042 7.51 230.65233 6.5367 -0.0695 0.0287689 -0.0421 0.03085546 0.0 0.1 0.0 0.1 1 6
1781 30.5397 7.5638 225.6579 7.3101 -0.0446 0.03216958 -0.0049 0.030057523 0.0 0.1 0.0 0.1 1 6
1782 17.6453 8.5068 180.9846 15.9546 -0.1012 0.048672926 0.1195 0.085668676 0.0 0.1 0.0 0.1 1 6
1783 1.6939 9.9633 210.87392 29.0102 -0.1154 0.035574984 0.0441 0.12926865 0.0 0.1 0.0 0.1 1 6
1784 7.347 9.0215 224.04984 18.5656 -0.0502 0.024367196 0.0466 0.0649214 0.0 0.1 0.0 0.1 1 6
1785 11.1994 7.8956 218.52148 10.4685 -0.0698 0.03668996 -0.0069 0.050897572 0.0 0.1 0.0 0.1 1 6
1786 -5.177 3.6072 227.21265 5.3303 -0.006 0.023469528 -0.0104 0.027684325 0.0 0.1 0.0 0.1 1 6
1787 -1.7334 4.7223 230.01804 8.9246 0.0374 0.02336615 0.0466 0.03031157 0.0 0.1 0.0 0.1 1 6
1788 -20.5397 4.4607 221.11351 4.6642 0.013 0.019811805 0.0137 0.02137362 0.0 0.1 0.0 0.1 1 6
1789 -2.8925 6.6243 235.62787 8.3378 0.0072 0.025286991 0.0397 0.039361723 0.0 0.1 0.0 0.1 1 6
1790 10.7558 6.0454 251.26907 8.3172 -0.0033 0.018785855 0.0521 0.027546875 0.0 0.1 0.0 0.1 1 6
1791 -0.1563 5.0174 235.12009 6.9114 -0.0096 0.025516076 0.018 0.026534555 0.0 0.1 0.0 0.1 1 6
1792 -3.8744 5.3865 236.92104 6.6331 -0.0188 0.027402697 0.0059 0.023218423 0.0 0.1 0.0 0.1 1 6
1793 3.9244 5.7787 225.91484 3.9449 -0.0763 0.019491676 0.0072 0.021294747 0.0 0.1 0.0 0.1 1 6
1794 11.3411 4.4872 233.66824 5.9399 -0.0855 0.018905139 0.0391 0.023654783 0.0 0.1 0.0 0.1 1 6
1795 -3.7709 6.5243 246.18741 8.3142 -0.0813 0.024538374 0.0233 0.029633751 0.0 0.1 0.0 0.1 1 6
1796 -9.7156 5.6434 254.73807 6.8305 -0.0071 0.02878072 -0.022 0.027323978 0.0 0.1 0.0 0.1 1 6
1797 -12.1351 7.0337 258.18765 7.1652 0.0172 0.021585604 0.0267 0.029124795 0.0 0.1 0.0 0.1 1 6
1798 -4.1767 8.3774 262.3281 8.9975 -0.0834 0.025534136 0.0089 0.030879984 0.0 0.1 0.0 0.1 1 6
1799 6.3742 6.7553 255.08519 7.8792 -0.0562 0.020813964 -0.0028 0.03637575 0.0 0.1 0.0 0.1 1 6
1800 6.9349 6.4171 239.71393 7.1941 -0.0387 0.021590963 0.0029 0.0273202 0.0 0.1 0.0 0.1 1 6
1801 -0.7957 7.8948 258.70108 7.9553 -0.0332 0.023770602 0.0264 0.0364434 0.0 0.1 0.0 0.1 1 6
1802 -14.7907 6.1042 238.85493 8.2735 0.0051 0.022012768 0.0206 0.034435038 0.0 0.1 0.0 0.1 1 6
1803 5.2349 8.1274 226.35542 7.4998 -0.0222 0.032805275 0.0225 0.036920805 0.0 0.1 0.0 0.1 1 6
1804 29.9715 9.2128 260.56094 7.7857 0.0227 0.028775718 0.0277 0.03280369 0.0 0.1 0.0 0.1 1 6
1805 2.9648 6.5034 224.1247 8.6838 -0.0624 0.026699733 0.1019 0.03610236 0.0 0.1 0.0 0.1 1 6
1806 -3.2835 7.7151 233.24321 6.9778 -0.078 0.04042873 -0.0239 0.03055575 0.0 0.1 0.0 0.1 1 6
1807 -0.6008 5.6583 235.86821 9.2492 -0.0121 0.027882544 -0.012 0.022872621 0.0 0.1 0.0 0.1 1 6
1808 13.9721 4.0993 226.13083 6.0642 0.022 0.02465534 0.0485 0.020540005 0.0 0.1 0.0 0.1 1 6
1809 15.0948 5.8275 238.43526 6.4091 0.0252 0.028977334 -0.0752 0.024606995 0.0 0.1 0.0 0.1 1 6
1810 0.3378 7.9246 240.9962 5.1292 0.0177 0.021141704 -0.0476 0.02818396 0.0 0.1 0.0 0.1 1 6
1811 7.0338 5.7303 236.18091 5.9113 -0.0187 0.028163068 -0.0041 0.020668184 0.0 0.1 0.0 0.1 1 6
1812 4.1734 5.3609 218.64883 5.4316 -0.011 0.025814077 0.0002 0.028018458 0.0 0.1 0.0 0.1 1 6
1813 7.4403 4.8614 240.91472 3.916 -0.0469 0.021909272 -0.0792 0.022611259 0.0 0.1 0.0 0.1 1 6
