data/processed/NGC5846/gauss_hermite_kins.ecsv
# %ECSV 1.0
# ---
# datatype:
# - {name: vbin_id, datatype: int64}
# - {name: v, datatype: float32}
# - {name: dv, datatype: float32}
# - {name: sigma, datatype: float32}
# - {name: dsigma, datatype: float32}
# - {name: h3, datatype: float32}
# - {name: dh3, datatype: float32}
# - {name: h4, datatype: float32}
# - {name: dh4, datatype: float32}
# - {name: h5, datatype: float32}
# - {name: dh5, datatype: float32}
# - {name: h6, datatype: float32}
# - {name: dh6, datatype: float32}
# - {name: is_good, datatype: int64}
# - {name: n_gh, datatype: int64}
# meta: !!omap
# - PSF:
#     sigma:
#     - [0.23969762422606267, 1.4899214602256403]
#     - [0.6975874740330291, 2.1813182603746246]
#     weight:
#     - [0.7338444632501389, 0.26615553674986114]
#     - [0.9325606145948853, 0.06743938540511474]
# - aperture_exprs: [_o, _s]
# schema: astropy-2.0
vbin_id v dv sigma dsigma h3 dh3 h4 dh4 h5 dh5 h6 dh6 is_good n_gh
[from data line 1308]
1309 0.3615 2.8655 247.84903 3.9096 -0.0428 0.014063657 0.0267 0.016904838 0.0 0.1 0.0 0.1 1 6
1310 5.3983 3.7133 242.4032 6.5704 -0.0206 0.014696235 0.065 0.019276273 0.0 0.1 0.0 0.1 1 6
1311 2.0678 3.2549 233.14587 5.1867 -0.0186 0.016261121 0.0534 0.021845551 0.0 0.1 0.0 0.1 1 6
1312 -6.7841 2.8491 233.30652 4.2413 -0.0189 0.014701975 0.0745 0.015672619 0.0 0.1 0.0 0.1 1 6
1313 0.099 3.7487 233.54855 3.1811 -0.0145 0.014699131 0.0765 0.016113183 0.0 0.1 0.0 0.1 1 6
1314 -4.1534 2.9987 229.4923 4.0647 -0.029 0.017102659 0.0322 0.01621023 0.0 0.1 0.0 0.1 1 6
1315 -2.6397 3.8814 231.22847 4.1353 -0.0132 0.015865594 0.0479 0.015512023 0.0 0.1 0.0 0.1 1 6
1316 -0.8002 4.696 228.64621 8.3022 0.0028 0.02291468 0.0447 0.027594144 0.0 0.1 0.0 0.1 1 6
1317 2.3007 4.2394 236.36171 4.5469 -0.0138 0.018553736 0.0057 0.020478878 0.0 0.1 0.0 0.1 1 6
1318 -10.9948 5.005 253.79527 3.9083 0.001 0.017961258 -0.0013 0.021042937 0.0 0.1 0.0 0.1 1 6
1319 1.7615 3.9041 250.64665 4.1182 -0.022 0.018526988 -0.0254 0.021048356 0.0 0.1 0.0 0.1 1 6
1320 2.3375 4.168 242.26093 5.0441 -0.0112 0.020728646 -0.0285 0.02927293 0.0 0.1 0.0 0.1 1 6
1321 -6.5127 5.5317 225.07515 5.9809 -0.0242 0.023081731 -0.0023 0.025077764 0.0 0.1 0.0 0.1 1 6
1322 -2.5286 7.3884 237.40247 10.1393 -0.0274 0.02622014 -0.0147 0.03347909 0.0 0.1 0.0 0.1 1 6
1323 -0.009 6.6569 236.33125 8.401 0.0616 0.029292801 -0.0125 0.029611835 0.0 0.1 0.0 0.1 1 6
1324 -4.9006 5.4725 225.8573 7.424 0.0311 0.029451784 0.0359 0.023222802 0.0 0.1 0.0 0.1 1 6
1325 482.5774 11.2857 128.29288 12.6242 -0.0257 0.09088054 0.0931 0.06995959 0.0 0.1 0.0 0.1 1 6
1326 505.4718 9.6764 144.2952 27.9127 -0.0896 0.104619294 0.0593 0.059933543 0.0 0.1 0.0 0.1 1 6
1327 486.3217 13.7192 211.2726 18.0398 -0.2456 0.031603172 0.1189 0.026769971 0.0 0.1 0.0 0.1 1 6
1328 -1.1308 6.0821 225.69444 7.0898 -0.0391 0.030613448 0.0306 0.029877638 0.0 0.1 0.0 0.1 1 6
1329 -9.2717 6.3052 232.47429 6.519 -0.0386 0.024681803 0.0376 0.02231987 0.0 0.1 0.0 0.1 1 6
1330 6.5927 6.2891 242.59315 11.3413 -0.0495 0.039309993 0.0349 0.04500559 0.0 0.1 0.0 0.1 1 6
1331 -2.575 5.4932 232.93661 12.304 0.0302 0.027419288 0.1071 0.025377568 0.0 0.1 0.0 0.1 1 6
1332 -10.9611 5.5463 231.39868 8.0611 -0.0132 0.020680552 0.0166 0.038067527 0.0 0.1 0.0 0.1 1 6
1333 0.7351 2.6279 248.35028 3.031 -0.0256 0.017179493 -0.0416 0.017121315 0.0 0.1 0.0 0.1 1 6
1334 -2.6347 4.0211 234.87418 4.9933 -0.0262 0.016984904 0.0244 0.025174148 0.0 0.1 0.0 0.1 1 6
1335 -0.6351 3.6241 231.42041 6.3605 0.0363 0.015310319 0.0509 0.021253064 0.0 0.1 0.0 0.1 1 6
1336 6.0424 3.8568 232.15352 5.306 0.0278 0.018656073 0.0496 0.025524128 0.0 0.1 0.0 0.1 1 6
1337 -3.3069 3.153 239.56673 4.5155 -0.0352 0.018891796 0.0257 0.022670949 0.0 0.1 0.0 0.1 1 6
1338 -2.0361 3.0053 234.22643 3.3969 -0.0069 0.017731972 0.0034 0.01975082 0.0 0.1 0.0 0.1 1 6
1339 0.3341 3.4372 233.30789 3.9554 0.0366 0.015039207 0.0215 0.01623702 0.0 0.1 0.0 0.1 1 6
1340 -8.5608 3.693 228.94136 4.2095 0.0242 0.015664637 0.0433 0.019091431 0.0 0.1 0.0 0.1 1 6
1341 -7.6492 3.8916 253.92853 3.5093 0.0182 0.018258188 0.0267 0.017031629 0.0 0.1 0.0 0.1 1 6
1342 3.1682 3.3536 253.09608 5.8907 -0.0108 0.015039348 0.0811 0.017285489 0.0 0.1 0.0 0.1 1 6
1343 4.8192 3.5283 252.07663 4.0966 0.0104 0.017839529 0.0436 0.016979842 0.0 0.1 0.0 0.1 1 6
1344 -11.2299 4.2035 258.34534 4.5051 -0.0168 0.01858113 0.0447 0.01827001 0.0 0.1 0.0 0.1 1 6
1345 -4.2547 2.7306 256.29858 3.7594 -0.0142 0.015195497 0.0307 0.0145492125 0.0 0.1 0.0 0.1 1 6
1346 -5.957 3.9807 258.756 5.9277 -0.0031 0.015256196 0.0481 0.016137166 0.0 0.1 0.0 0.1 1 6
1347 1.0194 3.7716 252.24065 4.6999 -0.0441 0.014712132 0.0282 0.018406592 0.0 0.1 0.0 0.1 1 6
1348 -0.5041 3.0954 240.3242 3.4907 -0.0501 0.01538761 0.0163 0.013989676 0.0 0.1 0.0 0.1 1 6
1349 4.1209 2.3578 243.58435 4.0097 -0.006 0.015209392 0.0473 0.013960971 0.0 0.1 0.0 0.1 0 6
1350 6.3664 2.5925 247.83946 3.5201 -0.0358 0.013867617 0.0357 0.016450964 0.0 0.1 0.0 0.1 1 6
1351 1.9218 2.2697 248.43608 2.9707 -0.0308 0.013606932 0.0134 0.01566788 0.0 0.1 0.0 0.1 1 6
1352 -0.6545 2.3754 248.2203 2.1603 -0.017 0.014114484 0.0222 0.016091552 0.0 0.1 0.0 0.1 1 6
1353 1.2574 3.3158 238.5749 3.6426 -0.03 0.01836727 0.0443 0.017703222 0.0 0.1 0.0 0.1 1 6
1354 -3.6322 2.8836 230.8744 4.0287 -0.025 0.015446774 0.0501 0.015689833 0.0 0.1 0.0 0.1 1 6
1355 -0.5386 3.3218 235.40736 4.1273 -0.0251 0.013635609 0.0673 0.014444836 0.0 0.1 0.0 0.1 1 6
1356 -0.0308 2.8455 226.00357 3.8052 -0.0313 0.014352516 0.0407 0.017419476 0.0 0.1 0.0 0.1 1 6
1357 -2.5429 2.8369 238.0875 3.9554 -0.0177 0.01556631 0.0174 0.017131908 0.0 0.1 0.0 0.1 1 6
1358 -10.1968 3.0378 239.37573 4.0882 -0.0067 0.01907484 0.0347 0.018730637 0.0 0.1 0.0 0.1 1 6
1359 -7.4136 3.7002 243.9909 4.5382 0.0055 0.015518275 0.0236 0.018471383 0.0 0.1 0.0 0.1 1 6
1360 -9.5333 3.7607 245.89476 4.4518 -0.0367 0.017139966 0.0184 0.019027214 0.0 0.1 0.0 0.1 1 6
1361 2.6827 3.1558 234.28198 4.2226 -0.0265 0.018151645 -0.015 0.020176543 0.0 0.1 0.0 0.1 1 6
1362 -1.3794 3.444 236.99802 4.6009 -0.0245 0.018715149 -0.0034 0.021099268 0.0 0.1 0.0 0.1 1 6
1363 -17.1402 4.6592 247.15677 5.0861 -0.0105 0.021131644 0.0191 0.02186602 0.0 0.1 0.0 0.1 1 6
1364 -15.3824 5.3054 247.50304 5.8744 -0.0117 0.018732863 0.0142 0.027300915 0.0 0.1 0.0 0.1 1 6
1365 -4.0595 4.6165 238.79645 5.2136 -0.0392 0.017552352 -0.0136 0.021888198 0.0 0.1 0.0 0.1 1 6
1366 -6.1694 5.1902 239.3856 7.1286 -0.0432 0.024651997 -0.0238 0.023824044 0.0 0.1 0.0 0.1 1 6
1367 -10.8875 5.9181 262.0506 8.3161 1e-04 0.023832018 0.0329 0.028256623 0.0 0.1 0.0 0.1 1 6
1368 -4.6734 7.8257 238.12634 7.2937 -0.0489 0.027155519 0.0271 0.034144647 0.0 0.1 0.0 0.1 1 6
1369 0.1037 6.0077 235.79378 7.3519 -0.0436 0.025568588 -0.033 0.028334448 0.0 0.1 0.0 0.1 1 6
1370 -14.2242 7.0038 235.79933 6.8378 0.0088 0.029582307 -0.0187 0.028435966 0.0 0.1 0.0 0.1 1 6
1371 -11.2486 8.3676 255.19691 6.596 0.0189 0.0221903 -0.0121 0.031957667 0.0 0.1 0.0 0.1 1 6
1372 -9.1185 6.7807 243.22745 8.1296 -0.0458 0.021239633 0.0303 0.02367987 0.0 0.1 0.0 0.1 1 6
1373 -12.3748 4.876 229.08144 5.6078 -0.0007 0.020033995 -0.012 0.021553354 0.0 0.1 0.0 0.1 1 6
1374 -9.4278 4.2901 219.34184 6.0595 -0.0071 0.027526679 -0.0113 0.026819076 0.0 0.1 0.0 0.1 1 6
1375 -11.4679 5.8403 260.92267 5.2289 0.0145 0.01624678 -0.0158 0.024527581 0.0 0.1 0.0 0.1 1 6
1376 -0.7092 4.7353 231.22049 6.7026 -0.0006 0.02057599 0.0233 0.023519972 0.0 0.1 0.0 0.1 1 6
1377 5.9985 5.9395 218.33919 7.2864 0.0275 0.025293175 0.0365 0.029309576 0.0 0.1 0.0 0.1 1 6
1378 0.7836 4.2668 224.38583 5.0551 0.0055 0.021295642 0.0002 0.020819684 0.0 0.1 0.0 0.1 1 6
1379 -6.7864 3.8223 231.94794 4.3196 -0.0211 0.017944649 0.0279 0.023097698 0.0 0.1 0.0 0.1 1 6
1380 -3.6813 2.9893 228.22379 4.5092 -1e-04 0.01729035 0.0043 0.020307904 0.0 0.1 0.0 0.1 1 6
1381 -4.3091 3.415 234.121 5.458 0.0091 0.017363949 -0.0025 0.019951865 0.0 0.1 0.0 0.1 1 6
1382 -6.3075 3.7002 241.07422 5.8312 0.0416 0.015773373 0.0024 0.022458216 0.0 0.1 0.0 0.1 1 6
1383 -2.2652 2.9148 234.16258 6.7443 0.053 0.020993834 0.0658 0.025060244 0.0 0.1 0.0 0.1 1 6
1384 -4.7845 3.8658 236.1537 5.4177 -0.0315 0.020895705 0.0403 0.017476568 0.0 0.1 0.0 0.1 1 6
1385 1.6944 3.325 235.30855 6.5071 -0.0335 0.017734168 0.0708 0.023732651 0.0 0.1 0.0 0.1 1 6
1386 1.0234 3.1392 242.30891 6.6694 -0.056 0.019920224 0.0686 0.023271969 0.0 0.1 0.0 0.1 1 6
1387 -0.0835 3.7707 248.53383 6.2209 -0.0617 0.018315297 0.0628 0.023758698 0.0 0.1 0.0 0.1 1 6
1388 -9.8086 4.7728 244.29382 3.7047 -0.0197 0.016620994 0.072 0.02018092 0.0 0.1 0.0 0.1 1 6
1389 1.4183 3.3824 248.01512 4.1305 -0.0288 0.014531904 0.034 0.02084044 0.0 0.1 0.0 0.1 1 6
1390 -8.2945 2.9221 245.65063 4.5041 -0.0377 0.015529894 0.0464 0.017251514 0.0 0.1 0.0 0.1 1 6
1391 -2.9216 3.1443 249.59203 3.6529 0.0018 0.014738185 0.0885 0.015261346 0.0 0.1 0.0 0.1 1 6
1392 -2.8205 3.1651 247.33968 5.8643 -0.016 0.01415437 0.0521 0.01983618 0.0 0.1 0.0 0.1 1 6
1393 0.0065 3.3121 259.44952 3.6949 -0.055 0.013285508 -0.0139 0.014467078 0.0 0.1 0.0 0.1 1 6
1394 2.3806 4.2204 249.18115 4.4835 -0.026 0.014629421 0.0208 0.01808522 0.0 0.1 0.0 0.1 1 6
1395 10.561 4.0139 244.1462 4.818 -0.0203 0.01492283 0.078 0.018856678 0.0 0.1 0.0 0.1 1 6
1396 -2.6253 3.5782 233.90155 5.9082 -0.0025 0.01745328 0.0536 0.02283117 0.0 0.1 0.0 0.1 1 6
1397 -3.4668 3.4083 234.14201 3.9416 -0.0277 0.016398301 0.0669 0.01973213 0.0 0.1 0.0 0.1 1 6
1398 -1.7791 3.8234 227.7118 7.3884 -0.0008 0.017426897 0.0683 0.0265485 0.0 0.1 0.0 0.1 1 6
1399 2.3282 3.8845 241.7606 3.9305 0.0072 0.01655623 -0.0179 0.020153685 0.0 0.1 0.0 0.1 1 6
1400 -2.9622 3.3565 241.56792 3.9005 -0.0095 0.016507287 0.0072 0.017205747 0.0 0.1 0.0 0.1 1 6
1401 5.8142 3.2822 242.81418 4.5386 -0.0085 0.016136674 0.0106 0.0176184 0.0 0.1 0.0 0.1 1 6
1402 -1.2756 3.6056 250.51425 5.324 -0.0272 0.016843885 0.0142 0.021127235 0.0 0.1 0.0 0.1 1 6
1403 5.8989 4.4288 248.23741 5.1303 -0.0348 0.01804748 -0.0072 0.022435496 0.0 0.1 0.0 0.1 1 6
1404 7.512 4.2257 235.73518 5.38 -0.0345 0.017504457 0.0291 0.021060124 0.0 0.1 0.0 0.1 1 6
1405 11.8073 4.1814 235.79639 5.7672 0.0225 0.016328901 0.0514 0.021525336 0.0 0.1 0.0 0.1 1 6
1406 4.1906 5.7439 257.47208 4.5723 0.0442 0.020464838 -0.0138 0.017930783 0.0 0.1 0.0 0.1 1 6
1407 -3.0519 5.2666 246.02759 5.3905 0.0058 0.020483747 0.002 0.022362962 0.0 0.1 0.0 0.1 1 6
1408 8.9177 4.9875 249.4404 5.646 -0.0379 0.023201874 0.0363 0.024258517 0.0 0.1 0.0 0.1 1 6
1409 -22.4175 5.1416 265.8163 4.4297 -0.0519 0.02344967 -0.002 0.024036098 0.0 0.1 0.0 0.1 1 6
1410 -1.1108 7.3079 229.58511 9.2524 -0.0195 0.029298564 0.0114 0.04029385 0.0 0.1 0.0 0.1 1 6
1411 16.0637 6.7432 232.64188 8.9994 0.0092 0.029306274 0.0412 0.030017942 0.0 0.1 0.0 0.1 1 6
1412 -4.0274 7.1142 215.0256 8.2775 0.0658 0.024950525 0.044 0.032010827 0.0 0.1 0.0 0.1 1 6
1413 11.3898 5.7112 209.75859 7.6442 -0.0463 0.023632005 0.0991 0.025151564 0.0 0.1 0.0 0.1 1 6
1414 -9.3343 6.8345 209.8825 10.1647 -0.0548 0.029900942 -0.0041 0.03797194 0.0 0.1 0.0 0.1 1 6
1415 -19.5921 4.3888 232.73102 5.5467 -0.0182 0.022440307 -0.0434 0.02175237 0.0 0.1 0.0 0.1 1 6
1416 -16.5799 5.4724 242.20853 4.6528 -0.0063 0.019457923 -0.015 0.026184663 0.0 0.1 0.0 0.1 1 6
1417 -8.2437 5.8692 242.561 6.5762 0.0029 0.01906985 0.0128 0.02602364 0.0 0.1 0.0 0.1 1 6
1418 -7.0877 5.5015 243.69469 7.689 0.0041 0.022248598 0.0062 0.030870842 0.0 0.1 0.0 0.1 1 6
1419 -2.7367 5.1889 237.29411 8.6686 0.0013 0.019193832 0.0052 0.029028546 0.0 0.1 0.0 0.1 1 6
1420 1.838 3.6054 245.28125 5.7227 -0.0305 0.019551033 0.0119 0.019668788 0.0 0.1 0.0 0.1 1 6
1421 1.904 3.4439 238.19354 5.8248 -0.0347 0.017692499 0.0042 0.019082895 0.0 0.1 0.0 0.1 1 6
1422 -4.0022 3.7404 238.8456 4.1767 0.0062 0.018997997 0.008 0.017860692 0.0 0.1 0.0 0.1 1 6
1423 -5.8586 3.4385 236.55649 3.8939 -0.0185 0.016486533 -0.007 0.015990099 0.0 0.1 0.0 0.1 1 6
1424 -9.5054 3.925 241.37704 4.114 -0.0158 0.0150538655 -0.0243 0.022355242 0.0 0.1 0.0 0.1 1 6
1425 -2.3812 4.6171 251.20514 3.6576 -0.0191 0.015130169 -0.0224 0.017159406 0.0 0.1 0.0 0.1 1 6
1426 4.8002 3.6778 238.15584 4.5995 -0.028 0.017030722 0.0226 0.020312753 0.0 0.1 0.0 0.1 1 6
1427 0.8189 3.4363 233.41351 4.7824 -0.039 0.019333372 0.0677 0.024290862 0.0 0.1 0.0 0.1 1 6
1428 -1.3237 4.1519 245.6983 5.3718 -0.0428 0.020034906 0.0126 0.02060531 0.0 0.1 0.0 0.1 1 6
1429 3.243 2.999 245.62177 4.9935 -0.0512 0.019224036 0.0041 0.01963016 0.0 0.1 0.0 0.1 1 6
1430 3.8131 3.2724 247.09712 3.7735 -0.0109 0.019897249 0.0267 0.01976395 0.0 0.1 0.0 0.1 1 6
1431 -1.6302 2.6711 240.64005 4.0099 -0.0063 0.016366927 0.0675 0.016314194 0.0 0.1 0.0 0.1 1 6
1432 -0.948 3.6721 225.53242 6.662 -0.0199 0.015277802 0.1159 0.02313303 0.0 0.1 0.0 0.1 1 6
1433 3.6983 2.709 241.48749 4.4561 -0.0375 0.017254502 0.0585 0.015495876 0.0 0.1 0.0 0.1 1 6
1434 -0.3571 3.2734 258.47617 4.22 -0.0279 0.015478829 0.0349 0.018639755 0.0 0.1 0.0 0.1 1 6
1435 2.8764 3.3559 243.0983 5.6901 -0.0095 0.016473195 0.0327 0.018415304 0.0 0.1 0.0 0.1 1 6
1436 0.216 4.0189 251.77466 4.0697 0.011 0.016025597 0.0509 0.016119175 0.0 0.1 0.0 0.1 1 6
1437 -9.4612 4.668 246.50891 4.5917 -0.0592 0.022147104 -0.0059 0.018218594 0.0 0.1 0.0 0.1 1 6
1438 -3.4059 3.5229 235.3304 3.8863 -0.0358 0.018142993 -0.0019 0.01960309 0.0 0.1 0.0 0.1 1 6
1439 -7.0036 4.1669 232.55724 4.2835 -0.0234 0.016841711 0.0051 0.017969752 0.0 0.1 0.0 0.1 1 6
1440 -5.3481 3.8263 233.28247 3.9908 -0.0141 0.022932453 -0.0077 0.021387642 0.0 0.1 0.0 0.1 1 6
1441 6.061 4.3568 242.18816 4.3641 0.0015 0.017622313 0.0171 0.017333975 0.0 0.1 0.0 0.1 1 6
1442 12.4809 3.5574 239.98201 5.6663 -0.0422 0.016895782 0.0134 0.019836532 0.0 0.1 0.0 0.1 1 6
1443 -0.295 4.6981 235.90916 4.1072 -0.0051 0.01962444 0.0141 0.02377396 0.0 0.1 0.0 0.1 1 6
1444 -5.0367 4.0032 249.80225 5.9097 0.0071 0.019249918 -0.0242 0.021418024 0.0 0.1 0.0 0.1 1 6
1445 3.8614 4.3989 237.75003 4.2472 -0.0085 0.020975994 -0.0231 0.022808248 0.0 0.1 0.0 0.1 1 6
1446 13.3808 3.2989 223.50665 7.5635 -0.0218 0.021974096 0.0492 0.025303077 0.0 0.1 0.0 0.1 1 6
1447 -7.5332 4.8836 255.66615 5.7398 0.0182 0.01724026 0.0208 0.017888794 0.0 0.1 0.0 0.1 1 6
1448 -0.0708 4.425 246.3175 4.423 0.0457 0.02227204 -0.0221 0.022212373 0.0 0.1 0.0 0.1 1 6
1449 4.9534 8.5415 248.80768 9.5495 -0.0306 0.034193803 0.03 0.035055093 0.0 0.1 0.0 0.1 1 6
1450 -0.6565 8.3961 257.67493 8.5216 -0.1255 0.030473175 -0.024 0.029587105 0.0 0.1 0.0 0.1 1 6
1451 19.1103 5.185 243.94292 7.6703 0.0027 0.021356871 0.0124 0.027941804 0.0 0.1 0.0 0.1 1 6
1452 21.3881 7.3388 231.88042 8.0641 0.0367 0.030806862 0.0442 0.028478274 0.0 0.1 0.0 0.1 1 6
1453 15.133 6.1454 226.80891 7.4107 0.026 0.037071962 -0.0343 0.03037106 0.0 0.1 0.0 0.1 1 6
1454 -724.6769 75.2601 443.3227 195.1581 -0.3 0.16909185 0.3 0.29163286 0.0 0.1 0.0 0.1 1 6
1455 11.0056 6.2862 188.597 19.9856 -0.0302 0.036663193 0.1475 0.08885209 0.0 0.1 0.0 0.1 1 6
1456 14.6087 5.8601 222.48387 9.2315 0.0528 0.022760358 0.0186 0.027142555 0.0 0.1 0.0 0.1 1 6
1457 -9.8976 5.139 231.1556 7.2945 0.0389 0.025875734 -0.02 0.028952664 0.0 0.1 0.0 0.1 1 6
1458 -16.2231 5.7799 239.65776 7.2723 0.0584 0.02434876 -0.1088 0.02847646 0.0 0.1 0.0 0.1 1 6
1459 -10.8663 4.5582 244.0476 4.0988 -0.0428 0.016846705 -0.024 0.018241616 0.0 0.1 0.0 0.1 1 6
1460 0.27 6.2631 262.39404 5.2542 -0.0384 0.019475756 -0.0018 0.02314381 0.0 0.1 0.0 0.1 1 6
1461 -8.2273 4.6342 254.11511 6.2534 0.0247 0.020262225 0.0084 0.022507345 0.0 0.1 0.0 0.1 1 6
1462 2.7293 3.6147 234.16595 8.0398 0.014 0.025447764 0.0516 0.036805116 0.0 0.1 0.0 0.1 1 6
1463 8.9124 3.8984 237.92516 5.9911 -0.0072 0.024617746 0.0215 0.029384091 0.0 0.1 0.0 0.1 1 6
1464 -0.5667 4.8012 238.30695 5.1853 -0.0194 0.019597817 0.0205 0.01972735 0.0 0.1 0.0 0.1 1 6
1465 -0.9001 3.5321 241.2715 5.1844 -0.0458 0.01623621 -0.0225 0.021700209 0.0 0.1 0.0 0.1 1 6
1466 -1.4722 3.3254 235.02191 3.9928 -0.0607 0.017324196 -0.0155 0.015178586 0.0 0.1 0.0 0.1 1 6
1467 -2.4339 4.0422 236.96536 5.8594 -0.0397 0.018969161 -0.0234 0.022160642 0.0 0.1 0.0 0.1 1 6
1468 -1.4605 3.475 246.93552 4.2055 -0.0313 0.01749895 0.0132 0.018690554 0.0 0.1 0.0 0.1 1 6
1469 -6.7072 3.1461 244.0011 5.5896 0.0042 0.017825807 0.0605 0.020682227 0.0 0.1 0.0 0.1 1 6
1470 -11.9733 3.3989 235.92838 4.5252 -0.041 0.01843497 0.0427 0.019923361 0.0 0.1 0.0 0.1 1 6
1471 -9.2253 4.3174 231.82823 5.1325 -0.0255 0.020292843 -0.0077 0.02503617 0.0 0.1 0.0 0.1 1 6
1472 -0.9225 3.9812 242.39563 4.2833 0.0053 0.020287322 -0.0038 0.017864373 0.0 0.1 0.0 0.1 1 6
1473 4.4615 3.3035 240.34834 5.0714 -0.0453 0.015367011 0.0159 0.019055627 0.0 0.1 0.0 0.1 1 6
1474 2.2146 4.7666 233.93086 6.0276 -0.0069 0.018902132 0.0567 0.018338325 0.0 0.1 0.0 0.1 1 6
1475 2.5896 3.168 246.16052 4.307 -0.0131 0.01614028 0.0639 0.017299153 0.0 0.1 0.0 0.1 1 6
1476 10.2525 5.3345 245.0495 5.0546 -0.0393 0.016677799 0.0263 0.024615213 0.0 0.1 0.0 0.1 1 6
