data/processed/NGC5846/gauss_hermite_kins.ecsv
# %ECSV 1.0
# ---
# datatype:
# - {name: vbin_id, datatype: int64}
# - {name: v, datatype: float32}
# - {name: dv, datatype: float32}
# - {name: sigma, datatype: float32}
# - {name: dsigma, datatype: float32}
# - {name: h3, datatype: float32}
# - {name: dh3, datatype: float32}
# - {name: h4, datatype: float32}
# - {name: dh4, datatype: float32}
# - {name: h5, datatype: float32}
# - {name: dh5, datatype: float32}
# - {name: h6, datatype: float32}
# - {name: dh6, datatype: float32}
# - {name: is_good, datatype: int64}
# - {name: n_gh, datatype: int64}
# meta: !!omap
# - PSF:
#     sigma:
#     - [0.23969762422606267, 1.4899214602256403]
#     - [0.6975874740330291, 2.1813182603746246]
#     weight:
#     - [0.7338444632501389, 0.26615553674986114]
#     - [0.9325606145948853, 0.06743938540511474]
# - aperture_exprs: [_o, _s]
# schema: astropy-2.0
vbin_id v dv sigma dsigma h3 dh3 h4 dh4 h5 dh5 h6 dh6 is_good n_gh
[from data line 2487]
2488 -5.6983 7.2979 247.32224 16.2458 -0.0009 0.028051462 0.0649 0.04822187 0.0 0.1 0.0 0.1 1 6
2489 -8.7469 6.199 193.75502 12.0167 0.0565 0.042122215 0.0811 0.030221248 0.0 0.1 0.0 0.1 1 6
2490 0.2393 8.9291 225.32799 10.1186 0.0136 0.03674357 0.0608 0.03768707 0.0 0.1 0.0 0.1 1 6
2491 9.6278 6.6051 204.65843 9.1395 -0.0848 0.032694176 -0.0075 0.040576283 0.0 0.1 0.0 0.1 1 6
2492 2.0666 16.4276 181.608 28.6471 0.0487 0.10087765 0.003 0.15310945 0.0 0.1 0.0 0.1 1 6
2493 -22.4126 8.9953 189.22133 12.9643 0.0109 0.053247813 0.0298 0.06976233 0.0 0.1 0.0 0.1 1 6
2494 5.6258 12.7205 200.84505 16.7668 -0.0903 0.044624444 0.0016 0.07816917 0.0 0.1 0.0 0.1 1 6
2495 21.1787 9.4313 251.73077 9.8378 -0.0587 0.031231876 0.0438 0.03388702 0.0 0.1 0.0 0.1 1 6
2496 34.5676 11.7969 220.75534 23.7687 -0.1419 0.050786816 0.0747 0.090392165 0.0 0.1 0.0 0.1 1 6
2497 -0.5529 6.3004 235.2694 9.2461 0.0369 0.02811671 -0.0693 0.031657957 0.0 0.1 0.0 0.1 1 6
2498 -1.12 10.1302 255.64243 8.6738 -0.0728 0.042077262 -0.0586 0.04083542 0.0 0.1 0.0 0.1 1 6
2499 20.1351 12.56 248.73785 19.1699 -0.049 0.056632124 0.0209 0.047778208 0.0 0.1 0.0 0.1 1 6
2500 -11.9427 8.8508 221.66055 13.5215 -0.0254 0.036756944 0.1044 0.03357672 0.0 0.1 0.0 0.1 1 6
2501 -1.019 9.0299 213.94798 11.2052 0.0198 0.043335073 -0.059 0.04501196 0.0 0.1 0.0 0.1 1 6
2502 -5.4925 6.7835 192.48431 8.859 -0.0605 0.033672232 0.1348 0.035245813 0.0 0.1 0.0 0.1 1 6
2503 -7.6083 9.4988 206.94722 12.3594 0.1072 0.042375624 0.0149 0.051354527 0.0 0.1 0.0 0.1 1 6
2504 20.1827 7.0485 241.49338 9.358 -0.114 0.033158675 -0.0552 0.03612223 0.0 0.1 0.0 0.1 1 6
2505 -21.0375 7.0122 211.42557 6.7495 0.0225 0.034855064 -0.0711 0.039299034 0.0 0.1 0.0 0.1 1 6
2506 5.3663 8.9664 208.80237 9.5219 -0.036 0.039095562 0.0819 0.042441335 0.0 0.1 0.0 0.1 1 6
2507 -21.7148 9.0792 203.44432 12.71 0.077 0.039100077 -0.0241 0.05097752 0.0 0.1 0.0 0.1 1 6
2508 -19.0243 12.1785 264.50287 11.6303 -0.0297 0.05086731 -0.0378 0.033033017 0.0 0.1 0.0 0.1 1 6
2509 -2.1248 10.0009 244.37561 8.0301 -0.0384 0.04016533 -0.0852 0.046486337 0.0 0.1 0.0 0.1 1 6
2510 4.3447 10.0179 224.01422 13.3678 -0.0262 0.049378354 -0.049 0.042109277 0.0 0.1 0.0 0.1 1 6
2511 28.4993 10.5464 182.4901 9.5671 -0.0606 0.057857558 0.204 0.012780225 0.0 0.1 0.0 0.1 1 6
2512 -10.1744 5.4763 223.28375 8.9809 0.0266 0.028955424 -0.0401 0.04181531 0.0 0.1 0.0 0.1 1 6
2513 20.3288 7.4518 243.6231 10.6612 -0.0088 0.0347314 -0.0303 0.043894857 0.0 0.1 0.0 0.1 1 6
2514 2.6021 9.571 240.80058 8.092 0.0381 0.038671322 -0.0597 0.03555825 0.0 0.1 0.0 0.1 1 6
2515 9.2043 7.3615 213.41113 10.9322 -0.0481 0.038669597 0.0428 0.05042701 0.0 0.1 0.0 0.1 1 6
2516 -18.4368 7.6455 223.43086 17.1875 0.0564 0.04180386 0.127 0.07266701 0.0 0.1 0.0 0.1 1 6
2517 -17.2352 6.1699 228.88057 11.4422 0.0011 0.03869565 0.0356 0.043964487 0.0 0.1 0.0 0.1 1 6
2518 8.1306 10.8383 224.21237 20.8417 -0.0911 0.056093425 0.0538 0.08100488 0.0 0.1 0.0 0.1 1 6
2519 22.0119 7.5443 228.41048 7.6279 -0.0833 0.029804494 -0.0381 0.032704983 0.0 0.1 0.0 0.1 1 6
2520 2.7973 7.9848 251.1666 12.8336 -0.1057 0.0315833 0.0338 0.031767044 0.0 0.1 0.0 0.1 1 6
2521 -44.3306 7.3398 208.31483 12.0161 0.0188 0.036194727 0.0561 0.049411643 0.0 0.1 0.0 0.1 1 6
2522 -3.1116 7.7687 210.02425 8.2319 0.0432 0.030077804 0.1021 0.034839403 0.0 0.1 0.0 0.1 1 6
2523 -16.5345 9.3347 205.01102 22.5126 -0.0303 0.06018829 0.0269 0.06560387 0.0 0.1 0.0 0.1 1 6
2524 8.5582 10.1636 215.79913 21.2341 -0.0596 0.030863581 -0.0038 0.07482767 0.0 0.1 0.0 0.1 1 6
2525 -10.3716 7.6379 229.0513 11.7948 0.0064 0.03662398 0.0008 0.040930405 0.0 0.1 0.0 0.1 1 6
2526 -17.2985 10.3804 247.94437 10.0948 -0.0746 0.02768886 0.0462 0.036797762 0.0 0.1 0.0 0.1 1 6
2527 0.7718 7.5102 190.90164 15.9596 0.0308 0.033012345 0.0757 0.06834147 0.0 0.1 0.0 0.1 1 6
2528 2.7677 10.6081 236.36348 11.4709 -0.046 0.040865574 -0.0053 0.055282436 0.0 0.1 0.0 0.1 1 6
2529 -39.6282 6.752 194.41757 14.1464 0.071 0.036947757 0.0469 0.055073135 0.0 0.1 0.0 0.1 1 6
2530 -3.0939 6.2325 217.00496 10.455 -0.1225 0.040788647 -0.0314 0.037405815 0.0 0.1 0.0 0.1 1 6
2531 -0.4069 8.9256 222.07162 9.7825 -0.0628 0.03594329 -0.0129 0.033811357 0.0 0.1 0.0 0.1 1 6
2532 -12.6854 8.0055 227.72325 7.9237 0.0169 0.035109833 0.0338 0.036861397 0.0 0.1 0.0 0.1 1 6
2533 6.6268 4.7649 238.46538 8.0095 -0.0408 0.028264161 -0.0934 0.037061565 0.0 0.1 0.0 0.1 1 6
2534 0.7579 10.0001 236.04451 11.8875 0.0408 0.037761744 0.0914 0.046093576 0.0 0.1 0.0 0.1 1 6
2535 -1.0143 8.5757 227.72568 5.7668 0.0417 0.036085773 -0.1478 0.040156756 0.0 0.1 0.0 0.1 1 6
2536 0.9217 6.0525 222.96475 10.5993 -0.0614 0.03259935 0.034 0.048971973 0.0 0.1 0.0 0.1 1 6
2537 -25.3489 10.0816 229.6206 8.1666 0.1133 0.032939922 -0.0025 0.027961956 0.0 0.1 0.0 0.1 1 6
2538 16.5422 6.4264 223.74365 16.01 -0.0437 0.038406905 0.0492 0.051621653 0.0 0.1 0.0 0.1 1 6
2539 16.5106 7.3434 236.76627 14.3111 0.0092 0.030245341 0.0342 0.048396148 0.0 0.1 0.0 0.1 1 6
2540 -2.8565 7.4253 223.0708 7.9743 -0.1883 0.041147023 -0.0368 0.034097247 0.0 0.1 0.0 0.1 1 6
2541 -7.7941 11.0438 240.19925 7.6502 0.0054 0.031636152 -0.0059 0.034671646 0.0 0.1 0.0 0.1 1 6
2542 -11.5319 7.6522 235.02864 6.3772 -0.0283 0.034444463 -0.077 0.033403628 0.0 0.1 0.0 0.1 1 6
2543 -38.3923 9.1325 264.4282 10.0089 0.003 0.031262584 0.0324 0.029352983 0.0 0.1 0.0 0.1 1 6
2544 4.9256 8.2443 227.07509 8.2006 -0.0887 0.04072222 -0.0262 0.032871857 0.0 0.1 0.0 0.1 1 6
2545 1.955 8.7057 209.85909 19.62 0.0972 0.04098552 0.0695 0.08397693 0.0 0.1 0.0 0.1 1 6
2546 -6.2635 8.5476 251.66577 10.9294 -0.0554 0.034696527 0.063 0.025550155 0.0 0.1 0.0 0.1 1 6
2547 -2.1374 7.9827 197.54048 7.9582 -0.1829 0.052674957 0.088 0.041096482 0.0 0.1 0.0 0.1 1 6
2548 -10.5293 8.0109 237.91655 11.6398 -0.05 0.03848231 0.051 0.03941245 0.0 0.1 0.0 0.1 1 6
2549 3.9869 10.4308 225.72688 6.8807 -0.1201 0.03873695 -0.0641 0.053644124 0.0 0.1 0.0 0.1 1 6
2550 1.8623 12.1123 211.13745 19.918 -0.0257 0.0493364 0.0439 0.064267665 0.0 0.1 0.0 0.1 1 6
2551 4.0111 7.1715 233.62027 7.9135 0.1106 0.03243472 -0.0206 0.03736832 0.0 0.1 0.0 0.1 1 6
2552 24.3834 9.6125 253.97368 7.4075 0.105 0.033712585 -0.1291 0.03474988 0.0 0.1 0.0 0.1 1 6
2553 25.3696 5.7187 230.34164 7.9287 -0.115 0.027801886 0.0348 0.020126447 0.0 0.1 0.0 0.1 1 6
2554 22.6741 7.9325 215.73604 22.424 -0.0065 0.038242072 0.0623 0.11198953 0.0 0.1 0.0 0.1 1 6
2555 1.3029 9.2437 212.94902 11.4016 -0.0022 0.046251595 0.1561 0.027819498 0.0 0.1 0.0 0.1 1 6
2556 -4.8403 11.0293 202.16415 13.4973 -0.0841 0.041983914 0.0097 0.068228535 0.0 0.1 0.0 0.1 1 6
2557 -5.4541 7.8145 231.03558 10.0355 0.0895 0.033368744 -0.0312 0.045543358 0.0 0.1 0.0 0.1 1 6
2558 -35.4771 10.7606 233.13695 15.2158 0.0756 0.040391766 -0.0528 0.061857626 0.0 0.1 0.0 0.1 1 6
2559 -3.4776 8.6791 214.7545 13.3989 -0.0006 0.046595737 0.0296 0.053910557 0.0 0.1 0.0 0.1 1 6
2560 16.7241 9.3613 197.78807 25.9478 -0.0688 0.04465179 0.0683 0.12874123 0.0 0.1 0.0 0.1 1 6
2561 4.6785 9.568 191.33183 23.0134 -0.0559 0.07524757 0.0638 0.10285095 0.0 0.1 0.0 0.1 1 6
2562 19.6966 8.8728 282.66995 6.4771 0.008 0.026773803 -0.0904 0.031267323 0.0 0.1 0.0 0.1 1 6
2563 22.0767 7.366 218.85873 14.2102 0.0288 0.038833868 0.1259 0.04398116 0.0 0.1 0.0 0.1 1 6
2564 -0.9582 7.8435 222.49782 9.3521 -0.0297 0.03525502 -0.0607 0.034884635 0.0 0.1 0.0 0.1 1 6
2565 34.3868 8.7699 174.59251 11.2355 0.0105 0.051670995 0.1746 0.044488087 0.0 0.1 0.0 0.1 1 6
2566 -27.6753 9.634 226.10226 9.2262 -0.0353 0.0368754 -0.0907 0.049265772 0.0 0.1 0.0 0.1 1 6
2567 10.91 8.2223 176.81285 9.8897 0.0267 0.046376854 0.1544 0.046157125 0.0 0.1 0.0 0.1 1 6
2568 25.5015 9.7348 190.86877 12.0729 -0.0102 0.05205646 -0.0243 0.054798942 0.0 0.1 0.0 0.1 1 6
2569 -19.4021 6.4077 231.6997 10.0266 -0.0624 0.03828389 -0.0354 0.039453838 0.0 0.1 0.0 0.1 1 6
2570 -1.9191 11.7206 223.5075 20.503 -0.0269 0.049240798 0.0267 0.040614262 0.0 0.1 0.0 0.1 1 6
2571 21.4304 9.1822 208.67322 11.3424 0.0481 0.045126416 0.0409 0.047387253 0.0 0.1 0.0 0.1 1 6
2572 -12.0607 9.4098 255.89171 11.9115 0.0297 0.034275293 0.0008 0.032074228 0.0 0.1 0.0 0.1 1 6
2573 13.4056 8.704 226.64973 9.8999 0.0359 0.032416623 0.0138 0.035873618 0.0 0.1 0.0 0.1 1 6
2574 3.6813 10.7552 241.17596 13.8523 -0.0138 0.037319157 0.0127 0.06370654 0.0 0.1 0.0 0.1 1 6
2575 -8.6135 11.6534 256.4523 8.9711 -0.0548 0.038875677 -0.0276 0.032451984 0.0 0.1 0.0 0.1 1 6
2576 20.151 6.9128 187.2803 13.5356 -0.0296 0.052020993 0.0413 0.04248883 0.0 0.1 0.0 0.1 1 6
2577 -2.2686 6.7826 217.36028 7.3101 -0.0207 0.045593448 -0.0649 0.033390887 0.0 0.1 0.0 0.1 1 6
2578 17.5792 8.4858 229.66743 10.0376 -0.0997 0.031409185 -0.0234 0.043367583 0.0 0.1 0.0 0.1 1 6
2579 1.5172 8.0004 235.00731 9.4209 0.0364 0.026670309 -0.0213 0.033182222 0.0 0.1 0.0 0.1 1 6
2580 -22.4238 8.4209 241.27194 8.4272 -0.003 0.026521487 -0.0165 0.03367305 0.0 0.1 0.0 0.1 1 6
2581 35.3586 7.4422 213.02211 16.7775 -0.0639 0.036497146 0.0613 0.06029429 0.0 0.1 0.0 0.1 1 6
2582 13.9022 8.4701 221.88976 5.8373 -0.0883 0.03757352 -0.0922 0.029218245 0.0 0.1 0.0 0.1 1 6
2583 4.5271 6.4252 218.67404 6.3196 0.0169 0.026458926 -0.0468 0.04903365 0.0 0.1 0.0 0.1 1 6
2584 5.3286 7.5463 262.6918 10.7973 -0.0067 0.027873553 -0.0562 0.054690283 0.0 0.1 0.0 0.1 1 6
2585 7.5725 11.4019 238.16266 11.9253 -0.127 0.061925698 -0.0874 0.06155998 0.0 0.1 0.0 0.1 1 6
2586 10.0299 9.3374 251.3218 10.5086 -0.0553 0.03564924 -0.0461 0.040055946 0.0 0.1 0.0 0.1 1 6
2587 21.3714 7.5028 257.85596 6.4742 0.0773 0.03302171 -0.0735 0.038857006 0.0 0.1 0.0 0.1 1 6
2588 8.8775 9.6407 207.61765 11.339 0.0656 0.043524675 -0.0049 0.050160293 0.0 0.1 0.0 0.1 1 6
2589 31.7238 6.2306 206.99332 4.9483 -0.0145 0.03493827 -0.0987 0.038215093 0.0 0.1 0.0 0.1 1 6
2590 2.4968 6.1247 254.91164 7.96 -0.0126 0.026566265 -0.0195 0.034121625 0.0 0.1 0.0 0.1 1 6
2591 -13.3876 6.4903 232.46085 9.9799 -0.0584 0.032718025 -0.0503 0.042854972 0.0 0.1 0.0 0.1 1 6
2592 14.5091 8.6622 256.3262 8.7468 -0.0098 0.039790202 -0.0351 0.028025307 0.0 0.1 0.0 0.1 1 6
2593 -17.5434 10.9615 245.77129 9.1545 -0.0198 0.04130199 -0.0504 0.046369277 0.0 0.1 0.0 0.1 1 6
2594 -18.2343 6.8044 242.12096 7.7324 0.0586 0.034429565 -0.0367 0.037915435 0.0 0.1 0.0 0.1 1 6
2595 -8.4087 7.6178 243.08655 9.1363 -0.0501 0.028508635 -0.0025 0.030053774 0.0 0.1 0.0 0.1 1 6
2596 2.4422 7.1684 240.0239 8.4666 0.0585 0.03914452 0.0035 0.041112106 0.0 0.1 0.0 0.1 1 6
2597 10.1541 13.3474 190.74867 15.0848 -0.0282 0.06113091 0.0569 0.059050243 0.0 0.1 0.0 0.1 1 6
2598 15.5289 7.1831 234.16994 7.4109 0.0279 0.030688634 -0.0689 0.031880893 0.0 0.1 0.0 0.1 1 6
2599 -0.5519 6.8181 237.74025 8.0024 -0.0285 0.022574589 -0.0118 0.025284767 0.0 0.1 0.0 0.1 1 6
2600 -15.6441 10.7547 223.76906 12.5345 -0.0692 0.048048187 0.0807 0.056097314 0.0 0.1 0.0 0.1 1 6
2601 45.8701 12.1623 189.61224 31.1042 -0.0673 0.07014887 0.0156 0.1691012 0.0 0.1 0.0 0.1 1 6
2602 8.4232 6.0865 226.5525 7.8903 -0.0581 0.027155206 -0.0132 0.036528558 0.0 0.1 0.0 0.1 1 6
2603 1.0778 9.1075 218.52715 31.3762 0.052 0.044138774 0.0335 0.13478047 0.0 0.1 0.0 0.1 1 6
2604 -2.8619 11.5636 223.83762 21.102 -0.0738 0.05715741 0.0428 0.09799585 0.0 0.1 0.0 0.1 1 6
2605 2.0292 9.1533 249.15994 10.7045 0.1009 0.03994894 0.1297 0.0362518 0.0 0.1 0.0 0.1 1 6
2606 -23.261 8.75 223.25142 29.0711 0.0184 0.04446169 0.1829 0.05017232 0.0 0.1 0.0 0.1 1 6
2607 11.1557 6.3199 240.43224 8.9863 0.0397 0.03156696 0.0389 0.029344058 0.0 0.1 0.0 0.1 1 6
2608 -11.1274 9.3657 248.0018 11.8247 0.0222 0.04646288 -0.0555 0.04798284 0.0 0.1 0.0 0.1 1 6
2609 19.6324 7.2741 225.73666 13.4829 0.0464 0.03631486 0.0673 0.0367748 0.0 0.1 0.0 0.1 1 6
2610 -40.7153 10.5081 192.88289 18.1554 0.08 0.044602647 0.1386 0.08331406 0.0 0.1 0.0 0.1 1 6
2611 24.5568 8.2522 212.24983 9.7606 -0.0318 0.03985373 0.0398 0.045521963 0.0 0.1 0.0 0.1 1 6
2612 13.3452 10.4593 236.11244 16.7689 0.0303 0.0453704 -0.0413 0.04896848 0.0 0.1 0.0 0.1 1 6
2613 -9.934 10.2907 226.47786 16.5073 -0.0738 0.039167445 -0.0042 0.07440423 0.0 0.1 0.0 0.1 1 6
2614 -15.7596 6.568 218.30653 9.6664 0.0041 0.033735756 0.0527 0.035167366 0.0 0.1 0.0 0.1 1 6
2615 -9.8711 8.8153 246.38248 10.4675 0.0168 0.042551525 -0.0645 0.039181575 0.0 0.1 0.0 0.1 1 6
2616 10.4174 8.7677 250.29732 10.8925 0.0587 0.031305816 0.0087 0.042886864 0.0 0.1 0.0 0.1 1 6
2617 17.625 8.052 221.88379 15.065 0.0006 0.04443243 0.0506 0.06686146 0.0 0.1 0.0 0.1 1 6
2618 32.9523 12.8337 249.46886 24.783 0.0587 0.057006158 0.1438 0.03767665 0.0 0.1 0.0 0.1 1 6
2619 -9.821 6.7806 209.17784 11.0263 -0.0236 0.03857919 0.0499 0.038360443 0.0 0.1 0.0 0.1 1 6
2620 16.1149 7.8822 205.03706 17.9064 -0.0028 0.03720907 0.0636 0.0778928 0.0 0.1 0.0 0.1 1 6
2621 28.2016 13.8104 177.24881 7.1738 -0.0889 0.074002534 0.179 0.025551712 0.0 0.1 0.0 0.1 1 6
2622 6.7952 10.0174 248.94733 7.9751 -0.0511 0.040358063 -0.0886 0.04231941 0.0 0.1 0.0 0.1 1 6
2623 23.2517 10.229 255.6481 12.6492 -0.0106 0.031752508 -0.0191 0.051987052 0.0 0.1 0.0 0.1 1 6
2624 -17.0806 7.6467 210.75998 9.8899 0.119 0.03711934 -0.034 0.037375905 0.0 0.1 0.0 0.1 1 6
2625 59.7865 10.6255 210.03548 21.4587 -0.0291 0.054296803 0.0744 0.074193545 0.0 0.1 0.0 0.1 1 6
2626 12.2808 13.4195 220.95454 18.226 0.0172 0.046154123 0.0591 0.076116145 0.0 0.1 0.0 0.1 1 6
2627 23.1812 7.775 237.2412 12.2693 -0.0484 0.033391226 -0.0452 0.045587398 0.0 0.1 0.0 0.1 1 6
2628 7.3313 6.6427 219.48674 12.4288 0.0459 0.032855295 0.0538 0.046397768 0.0 0.1 0.0 0.1 1 6
2629 -1.7309 7.2053 233.01556 11.8182 -0.006 0.03572967 0.0911 0.0431062 0.0 0.1 0.0 0.1 1 6
2630 9.914 8.7403 225.80931 10.5788 0.0395 0.039724573 -0.0251 0.040416963 0.0 0.1 0.0 0.1 1 6
2631 24.435 6.3238 193.5465 10.5448 -0.0223 0.045869395 -0.0269 0.04397483 0.0 0.1 0.0 0.1 1 6
2632 4.4893 9.8066 218.65976 8.8972 0.0483 0.04031348 -0.0079 0.050626982 0.0 0.1 0.0 0.1 1 6
2633 32.5108 13.0656 261.66492 33.1613 0.0027 0.034227036 0.066 0.09377594 0.0 0.1 0.0 0.1 1 6
2634 3.2281 6.9403 236.6911 10.6757 0.0097 0.035842463 -0.0186 0.05285936 0.0 0.1 0.0 0.1 1 6
2635 6.4212 5.275 189.82141 11.7901 -0.0216 0.04355732 0.1253 0.051557697 0.0 0.1 0.0 0.1 1 6
2636 37.718 15.393 196.34988 21.3941 -0.1035 0.08287319 0.0022 0.06386621 0.0 0.1 0.0 0.1 1 6
2637 34.9766 8.4938 225.97942 10.566 -0.0926 0.037364673 0.0679 0.03111747 0.0 0.1 0.0 0.1 1 6
2638 4.4627 7.3871 194.71829 13.6127 -0.0093 0.04622133 0.1446 0.04486126 0.0 0.1 0.0 0.1 1 6
2639 20.4427 7.7194 211.24509 6.0657 -0.0114 0.032064904 -0.017 0.028353158 0.0 0.1 0.0 0.1 1 6
2640 7.5937 6.5541 206.36047 11.2937 -0.0215 0.037739854 0.0798 0.04794311 0.0 0.1 0.0 0.1 1 6
2641 2.5166 6.6386 223.21739 10.6303 0.1015 0.027680835 0.0192 0.042708084 0.0 0.1 0.0 0.1 1 6
2642 -1.6797 7.6129 230.38869 15.0328 -0.0028 0.041810516 -0.0023 0.057830043 0.0 0.1 0.0 0.1 1 6
2643 4.7841 8.3101 190.91142 12.1579 -0.0076 0.05308119 0.1406 0.041083813 0.0 0.1 0.0 0.1 1 6
2644 24.4184 8.106 205.68596 8.7234 -0.0597 0.04576601 -0.0265 0.04718988 0.0 0.1 0.0 0.1 1 6
2645 23.8905 7.1795 212.86261 11.135 -0.0746 0.036621645 0.0164 0.039003585 0.0 0.1 0.0 0.1 1 6
2646 27.1472 15.8882 220.73247 29.2503 -0.0255 0.08412408 0.0452 0.10438932 0.0 0.1 0.0 0.1 1 6
2647 -5.9336 5.5065 233.9108 8.8651 0.0088 0.026556116 -0.0182 0.03387133 0.0 0.1 0.0 0.1 1 6
2648 -14.159 7.989 200.42043 9.9664 0.1578 0.03461025 -0.0256 0.037707597 0.0 0.1 0.0 0.1 1 6
2649 -6.538 9.7907 231.30965 8.01 -0.0671 0.031769186 -0.066 0.040231004 0.0 0.1 0.0 0.1 1 6
2650 25.5633 5.0898 231.06908 7.6151 0.0325 0.027744908 0.0497 0.031985242 0.0 0.1 0.0 0.1 1 6
2651 7.2224 8.689 245.07922 8.5209 0.0036 0.038143087 -0.0097 0.03749937 0.0 0.1 0.0 0.1 1 6
2652 15.619 8.8967 206.72778 9.312 0.0216 0.046144076 -0.0507 0.039194196 0.0 0.1 0.0 0.1 1 6
2653 4.2786 8.8778 255.92331 9.8976 -0.0427 0.025079455 -0.0399 0.043986507 0.0 0.1 0.0 0.1 1 6
2654 9.361 8.6095 208.57042 7.8384 0.0047 0.044063713 -0.0284 0.039296955 0.0 0.1 0.0 0.1 1 6
