data/processed/NGC4621-mock-iso2/histograms_set_o.ecsv
# %ECSV 1.0
# ---
# datatype:
# - {name: binID, datatype: int64}
# - {name: losvd_0, datatype: float64}
# - {name: losvd_1, datatype: float64}
# - {name: losvd_2, datatype: float64}
# - {name: losvd_3, datatype: float64}
# - {name: losvd_4, datatype: float64}
# - {name: losvd_5, datatype: float64}
# - {name: losvd_6, datatype: float64}
# - {name: losvd_7, datatype: float64}
# - {name: losvd_8, datatype: float64}
# - {name: losvd_9, datatype: float64}
# - {name: losvd_10, datatype: float64}
# - {name: losvd_11, datatype: float64}
# - {name: losvd_12, datatype: float64}
# - {name: losvd_13, datatype: float64}
# - {name: losvd_14, datatype: float64}
# - {name: losvd_15, datatype: float64}
# - {name: losvd_16, datatype: float64}
# - {name: losvd_17, datatype: float64}
# - {name: losvd_18, datatype: float64}
# - {name: losvd_19, datatype: float64}
# - {name: losvd_20, datatype: float64}
# - {name: losvd_21, datatype: float64}
# - {name: losvd_22, datatype: float64}
# - {name: losvd_23, datatype: float64}
# - {name: losvd_24, datatype: float64}
# - {name: losvd_25, datatype: float64}
# - {name: losvd_26, datatype: float64}
# - {name: losvd_27, datatype: float64}
# - {name: losvd_28, datatype: float64}
# - {name: losvd_29, datatype: float64}
# - {name: losvd_30, datatype: float64}
# - {name: losvd_31, datatype: float64}
# - {name: losvd_32, datatype: float64}
# - {name: losvd_33, datatype: float64}
# - {name: losvd_34, datatype: float64}
# - {name: losvd_35, datatype: float64}
# - {name: losvd_36, datatype: float64}
# - {name: losvd_37, datatype: float64}
# - {name: losvd_38, datatype: float64}
# - {name: losvd_39, datatype: float64}
# - {name: losvd_40, datatype: float64}
# meta: !!omap
# - {dv: 80.0}
# - vcent: [-1600.0, -1520.0, -1440.0, -1360.0, -1280.0, -1200.0, -1120.0, -1040.0, -960.0, -880.0, -800.0, -720.0, -640.0, -560.0, -480.0,
#     -400.0, -320.0, -240.0, -160.0, -80.0, 0.0, 80.0, 160.0, 240.0, 320.0, 400.0, 480.0, 560.0, 640.0, 720.0, 800.0, 880.0, 960.0, 1040.0,
#     1120.0, 1200.0, 1280.0, 1360.0, 1440.0, 1520.0, 1600.0]
# - {nbins: 618}
# - {nvbins: 41}
# schema: astropy-2.0
binID losvd_0 losvd_1 losvd_2 losvd_3 losvd_4 losvd_5 losvd_6 losvd_7 losvd_8 losvd_9 losvd_10 losvd_11 losvd_12 losvd_13 losvd_14 losvd_15 losvd_16 losvd_17 losvd_18 losvd_19 losvd_20 losvd_21 losvd_22 losvd_23 losvd_24 losvd_25 losvd_26 losvd_27 losvd_28 losvd_29 losvd_30 losvd_31 losvd_32 losvd_33 losvd_34 losvd_35 losvd_36 losvd_37 losvd_38 losvd_39 losvd_40
[from data line 407]
408 0.0 0.0 0.0 0.0 0.0 0.0 0.0 1.219076557443096e-06 4.791917280458827e-06 7.976929736504212e-06 3.100506769273885e-05 0.00010819158032079806 0.0005712442288878256 0.0040916989813552795 0.016180733852547802 0.03239345513289689 0.05447859235532972 0.08313216293759408 0.112425230041407 0.13883592050336485 0.14570199126362096 0.13218644356993883 0.1045858804094539 0.07507738137354136 0.04898519668008621 0.028070501373180783 0.016222983307623444 0.006085491735829856 0.0007038503094575223 6.818754106137564e-05 1.6908785192198093e-05 8.582250277123895e-06 4.591060878661581e-06 1.2220520953272036e-06 0.0 0.0 0.0 0.0 0.0 0.0 0.0
409 0.0 0.0 0.0 0.0 0.0 0.0 0.0 4.091179979941412e-07 1.906566953958482e-06 3.512772336923438e-06 6.608823907815015e-06 5.8855821766693814e-05 0.0007888043280358881 0.006463764728747227 0.015338160158276356 0.026837625611059124 0.04613262068121618 0.07199090105359597 0.10069781719571469 0.12685132979905084 0.1350598068541715 0.13733281734433817 0.12014372279056416 0.08953349663841974 0.060485772712828796 0.03748231380006305 0.018700012805124636 0.005285845307591929 0.0006953612958566624 8.140558588786331e-05 1.3585095765258258e-05 3.4390059336013636e-06 1.9346114528891666e-06 4.700804360127605e-07 0.0 0.0 0.0 0.0 0.0 0.0 0.0
410 0.0 0.0 0.0 0.0 0.0 0.0 0.0 1.4088463303295709e-06 5.956289519040522e-06 1.0277833442632368e-05 3.674322868050213e-05 9.306752142016053e-05 0.0004485454105131576 0.0035556335445480667 0.015090721458116114 0.03115075551933673 0.05394695437670544 0.08185925643451755 0.10986108580780896 0.1374804963913158 0.14766015733428942 0.13577239813807243 0.1070029111401788 0.07735374367723412 0.05016991630268104 0.028456227623219147 0.014706574926573707 0.0046599177206203286 0.0005575338677560902 6.112738377607744e-05 1.8997459255068034e-05 1.015874810093095e-05 5.690226771906558e-06 1.3809981138638802e-06 0.0 0.0 0.0 0.0 0.0 0.0 0.0
411 0.0 0.0 0.0 0.0 0.0 0.0 0.0 3.3664499654949245e-07 1.1626573885681928e-06 2.1244192958507414e-06 1.094522995984743e-05 6.271304521098703e-05 0.0007929317202263196 0.005962481860303347 0.021275973805107977 0.043753752226544027 0.07020938506107681 0.09712564590255514 0.125965465799206 0.12877765726976872 0.1226647192442302 0.11538212280864243 0.09619343958288278 0.07272091561452461 0.04961570673463239 0.02773072124773436 0.014359647002692866 0.006374418373686074 0.0009525460159260554 5.355143050928192e-05 3.865147613107333e-06 1.921878957923638e-06 1.0898691910013083e-06 2.3746130644960515e-07 0.0 0.0 0.0 0.0 0.0 0.0 0.0
412 0.0 0.0 0.0 0.0 0.0 0.0 0.0 1.5839462269689152e-06 6.275220524868187e-06 1.1652659693742041e-05 2.444906114359356e-05 5.949316326837094e-05 0.00028466434836795364 0.0020662787535998556 0.012136196089735062 0.029915465091786077 0.05478070634262353 0.08144630969290584 0.11025704495542449 0.13729117047716105 0.1471557108625725 0.1371066901994904 0.11065474416561796 0.08015475113358127 0.05315258082886475 0.029054312323811577 0.011766556444458348 0.0022471380974041664 0.0003083218748951336 5.226285688065131e-05 2.1363202846378226e-05 1.1337235966058896e-05 6.205641980327832e-06 1.6343065219790905e-06 0.0 0.0 0.0 0.0 0.0 0.0 0.0
413 0.0 0.0 0.0 0.0 0.0 0.0 0.0 1.3144430823656686e-06 5.6834551402302305e-06 1.0961382696212016e-05 3.500329671981664e-05 7.837304856770071e-05 0.00036288613936165084 0.002934647923562815 0.014023666059720535 0.030435813098216642 0.05421805871420103 0.0814518732254328 0.10965016301300079 0.13715277218472874 0.14760952038158792 0.1371850090760042 0.1091395069719502 0.0786295533866233 0.05093959226013025 0.02858013307554955 0.013466294861812176 0.0035544969566342617 0.00041893448717125064 5.804891529598413e-05 1.806286379218979e-05 9.957208774093057e-06 5.654343121600119e-06 1.3104730165521015e-06 0.0 0.0 0.0 0.0 0.0 0.0 0.0
414 0.0 0.0 0.0 0.0 0.0 0.0 0.0 1.4065854771626063e-07 4.143294262989012e-07 9.310107895236226e-07 1.7535513727544398e-06 4.076214117863894e-05 0.0009858025242811454 0.005986047812908247 0.013644226679855124 0.027584375247108526 0.051730365163607975 0.07271497197405766 0.09268302930027993 0.10801008714982155 0.11422679048406262 0.12330323486674279 0.13001901487142903 0.10448601439296173 0.07722593195288603 0.047656319020259644 0.022875003437446882 0.005956206310020727 0.0008119145763090881 4.619138957763529e-05 6.384539354361437e-06 9.70559413458106e-07 6.230287555328169e-07 9.073454604276093e-08 0.0 0.0 0.0 0.0 0.0 0.0 0.0
415 0.0 0.0 0.0 0.0 0.0 0.0 0.0 6.958404907915007e-08 1.5329972899598985e-07 3.123049162478139e-07 5.606434280449339e-07 2.27712757010845e-05 0.0009324523220945795 0.005412609060897151 0.012504382085260697 0.026481534059005857 0.052273948681406356 0.07235731721647629 0.0889537324328174 0.10376594145747263 0.10793936331906358 0.12026490161040002 0.134617863902443 0.11235377680781768 0.08175980310592185 0.050148761228481976 0.023711095069288406 0.005722713517882808 0.00074377144915963 2.8156030379108994e-05 2.6578195105841965e-06 3.4027190944602394e-07 2.0983578598967815e-07 4.65876433837539e-08 0.0 0.0 0.0 0.0 0.0 0.0 0.0
416 0.0 0.0 0.0 0.0 0.0 0.0 0.0 1.2055013254413872e-08 9.331741057159318e-08 1.7132901489465161e-07 3.500917066589435e-07 1.6433920784111925e-05 0.0008663843052254455 0.005556793480826246 0.01257006512809982 0.02547440104892004 0.04962245010001433 0.07081916189698366 0.08942958703452633 0.10746306136109351 0.11170311186644402 0.12501450844385853 0.13394873203055985 0.10950353087533216 0.07918746214084704 0.04902803305601037 0.023206639461176397 0.005883732188155039 0.0006818789289495466 2.197814598198445e-05 6.883597412036779e-07 2.2105212729133288e-07 1.150135471001409e-07 9.273845307039151e-09 0.0 0.0 0.0 0.0 0.0 0.0 0.0
417 0.0 0.0 0.0 0.0 0.0 0.0 0.0 1.4305121544407942e-06 5.5824495008677485e-06 1.0116424989790655e-05 1.872153807747135e-05 5.934378262549876e-05 0.0002830176066488088 0.0022172621157194807 0.012492094923979275 0.02975048103738617 0.05456965153386617 0.0816400364739447 0.11025788380490317 0.13734986087683806 0.14788617691087813 0.1376507667969015 0.1105373091946556 0.07945209843025562 0.05192477069535709 0.02854810562824463 0.012288661399544128 0.0026360435173029655 0.0003186643383270141 4.774453102072327e-05 1.7020568717713978e-05 9.440622226538836e-06 5.356285169511555e-06 1.3571680461916976e-06 0.0 0.0 0.0 0.0 0.0 0.0 0.0
418 0.0 0.0 0.0 0.0 0.0 0.0 0.0 1.023803661521131e-06 3.833600410394105e-06 6.895615768282634e-06 3.03811579982115e-05 0.00010209515461897549 0.0004936095312245168 0.0037958987770309494 0.015280678144524877 0.03156021010726954 0.05419490912657169 0.08299968667366966 0.11239729859507977 0.13840119163292672 0.14677778853435264 0.13364676056240793 0.10590606468323471 0.07587348089808695 0.04885627445763137 0.027874221631820878 0.015576956347182837 0.005534401557672074 0.0005852233749344616 5.986100685760123e-05 1.3481951765917398e-05 7.0854814021235925e-06 3.997257906218911e-06 9.981814065512502e-07 0.0 0.0 0.0 0.0 0.0 0.0 0.0
419 0.0 0.0 0.0 0.0 0.0 0.0 0.0 8.064476643820851e-07 2.993046753339022e-06 5.5151198572876484e-06 1.7712171775042584e-05 8.904756817714725e-05 0.0006042579577944258 0.004403446775036305 0.01650799109551512 0.033272881958075956 0.05548752671849542 0.08500170235249242 0.11552543133889066 0.13993372849854077 0.14316507364183836 0.13127507162796653 0.10381172402351492 0.07334091002828022 0.047046246070446114 0.027258235774730764 0.016230068556649244 0.006251154689696168 0.0006786421275711739 5.767649354196946e-05 1.0607783839571108e-05 5.513129249116494e-06 3.218058515406455e-06 7.327583101661724e-07 0.0 0.0 0.0 0.0 0.0 0.0 0.0
420 0.0 0.0 0.0 0.0 0.0 0.0 0.0 2.5908615257506723e-07 1.191918611410942e-06 2.2627398028256925e-06 9.56263514580869e-06 8.206574537235177e-05 0.0007646937854708352 0.005838846053740846 0.020135314307586437 0.04095780145818326 0.06585322098601927 0.09372740024938982 0.12403823223825039 0.13315752348169885 0.12832509012926224 0.12107701276884623 0.09799434372560603 0.07192982232485787 0.046997106555155654 0.027008095614801355 0.014594077769532079 0.006536819344529356 0.000899637280599193 5.67950784769962e-05 4.135565861334026e-06 2.106091011781647e-06 1.3265371376320256e-06 3.159913963359202e-07 0.0 0.0 0.0 0.0 0.0 0.0 0.0
421 0.0 0.0 0.0 0.0 0.0 0.0 0.0 1.842848092278757e-07 9.404844560023123e-07 1.5952109968824201e-06 2.747267335824428e-06 5.210132769075101e-05 0.0008455868040026353 0.006526098717819985 0.014656027534614055 0.02610287683957226 0.044447112720827645 0.0710589770003459 0.09979744043916766 0.12551716381677339 0.13216474037317863 0.13694573704038226 0.12311061148487341 0.09137178426684109 0.06280482093670993 0.03882216856161988 0.019404578992923516 0.0055941001344999314 0.0006851333197387122 7.384012036469175e-05 6.668354781213365e-06 1.742126589065869e-06 1.008217552494118e-06 2.627125236511527e-07 0.0 0.0 0.0 0.0 0.0 0.0 0.0
422 0.0 0.0 0.0 0.0 0.0 0.0 0.0 1.2367545687057895e-06 4.800455751155023e-06 8.228176062250635e-06 1.54211661328812e-05 4.982748488000837e-05 0.000412270729745337 0.00376574756840102 0.01370102827632478 0.02824013303526172 0.050198556858681916 0.07831562392156578 0.10917423720966248 0.1372146053006675 0.14791780475981148 0.1372209772479145 0.11038859581413649 0.08192063800756297 0.054088907888897406 0.030134182535298135 0.013839158061239152 0.0028932322808904484 0.0003525593896716791 8.280230134453517e-05 2.6714767020091872e-05 8.797806936190714e-06 4.494918585257012e-06 1.143416234692299e-06 0.0 0.0 0.0 0.0 0.0 0.0 0.0
423 0.0 0.0 0.0 0.0 0.0 0.0 0.0 1.016353720122638e-06 3.8157198193482734e-06 6.424052981876429e-06 1.2647853850609042e-05 5.6189565401394784e-05 0.0005219492644531087 0.00506934404433118 0.015172099414419365 0.02779786533531846 0.04894686491727786 0.07660312210504222 0.10661699085461825 0.13487254133666327 0.14740266805607502 0.13815648067961991 0.11210837864628383 0.08280581750572791 0.05393732228081468 0.03102996363689361 0.014745275725461537 0.0035176587884268745 0.00045377751543258126 0.00010500881848874941 3.0268388460543625e-05 6.863064240342048e-06 3.856176374560678e-06 9.405498211376462e-07 0.0 0.0 0.0 0.0 0.0 0.0 0.0
424 0.0 0.0 0.0 0.0 0.0 0.0 0.0 1.6137815763895084e-08 2.64805498286588e-07 3.25334864632505e-07 7.106347631136394e-07 2.2790116233799448e-05 0.0009504624804143735 0.005423612128408798 0.012564190690803348 0.026483656849198567 0.0522681910863887 0.07242271276875646 0.08886596900595256 0.10377580137258614 0.10805826570799248 0.12021793979231404 0.134398130842601 0.11233916053145337 0.08168529108326984 0.05019751237120278 0.023768742831352517 0.00576726420367087 0.000757365873461499 2.758285046124755e-05 2.4451705466333917e-06 4.86633338510374e-07 2.322067259738703e-07 7.099712442293923e-08 0.0 0.0 0.0 0.0 0.0 0.0 0.0
425 0.0 0.0 0.0 0.0 0.0 0.0 0.0 3.103275624332441e-07 1.3214378519096424e-06 2.3978040709291997e-06 4.0714689763491224e-06 4.4399047077891335e-05 0.0007179437088263714 0.006246821738252449 0.015396049047567181 0.02599225591825738 0.043922473312534946 0.07108817052892177 0.10246441189893628 0.13019505298789913 0.13818345383141462 0.14012011825360782 0.12008670088993213 0.0878877028813587 0.05825844829673263 0.035624535841755664 0.01803108285655245 0.00501852229763206 0.0006196835946320281 7.622801773567525e-05 8.586661988356315e-06 2.3463101067113217e-06 1.3590081736320284e-06 3.249914055075873e-07 0.0 0.0 0.0 0.0 0.0 0.0 0.0
426 0.0 0.0 0.0 0.0 0.0 0.0 0.0 5.820601261212694e-07 2.30046616964707e-06 4.137748318363238e-06 1.587147197493508e-05 0.00010246347501901032 0.0006356066520174893 0.004865002338866495 0.01753921699547846 0.03502235020455308 0.05725429648199398 0.08702756631752574 0.11801997029332587 0.1396315200925684 0.13987343850551864 0.12992390564645143 0.10252081586924813 0.07208712659591739 0.04574690359838902 0.026757569900743846 0.015850805926029006 0.006330875989888888 0.0007114807076668605 5.2685797936656726e-05 7.799542369241882e-06 3.962910374049507e-06 2.1299333922071285e-06 5.635368813108765e-07 0.0 0.0 0.0 0.0 0.0 0.0 0.0
427 0.0 0.0 0.0 0.0 0.0 0.0 0.0 1.4293521454601477e-06 5.030681493289817e-06 8.816096936238657e-06 1.708365804497857e-05 4.50249309108974e-05 0.00029148136490821775 0.002508969793441016 0.012190388638359102 0.028468173203986275 0.05198578906629525 0.07969368462700056 0.11113594360215366 0.13747775402054865 0.1478292888202543 0.1373022663711529 0.11072889287087033 0.08161428708801512 0.05450028966342988 0.02951973605004494 0.012232930805778962 0.0020742773460532236 0.0002632476758498071 5.113316953617338e-05 1.863029377548611e-05 8.935985729495724e-06 4.944324630816897e-06 1.353131263888214e-06 0.0 0.0 0.0 0.0 0.0 0.0 0.0
428 0.0 0.0 0.0 0.0 0.0 0.0 0.0 1.0792171420540933e-07 4.1456907512567393e-07 6.616682712062239e-07 1.2717836615376486e-06 3.55160604126335e-05 0.0009828474655900852 0.006266431786373364 0.01377036394498278 0.026569345732460538 0.04883853771690967 0.07145033653375887 0.09404273380424219 0.11262730761479016 0.1189384273303529 0.12789190090985636 0.12933161395078444 0.10102519176727041 0.07364919233953834 0.0455361224373629 0.022187662559218318 0.0060286016890221976 0.0007699607890134254 4.640914907609085e-05 5.939988242265342e-06 8.723656985918178e-07 4.015582409089537e-07 1.1012949525685863e-07 0.0 0.0 0.0 0.0 0.0 0.0 0.0
429 0.0 0.0 0.0 0.0 0.0 0.0 0.0 5.280941204521827e-07 2.176394425049465e-06 3.760478125654314e-06 7.063919653134804e-06 4.292826559118365e-05 0.0005278574207697786 0.005650390867875168 0.015962409836414566 0.027024417644153635 0.046647425515820906 0.07409564108287046 0.10527473432508404 0.13317237860834033 0.14607513714646508 0.14050360362135417 0.11539505690500997 0.08423035830025576 0.05424192359440611 0.03145080506500465 0.015049201024903407 0.004004109305048388 0.0005098723796306816 9.565963230940949e-05 1.6548752887633315e-05 4.454559463680427e-06 2.27965471763655e-06 5.957418837904005e-07 0.0 0.0 0.0 0.0 0.0 0.0 0.0
430 0.0 0.0 0.0 0.0 0.0 0.0 0.0 8.509632828461834e-09 2.5441084433641048e-08 1.0019232153250083e-07 1.0497935049119556e-07 8.22391508667969e-06 0.0007931918110809428 0.006032404265743359 0.013024035807661762 0.024277616237127257 0.04608294693824265 0.06861617983872653 0.0927321361601639 0.11416444150971705 0.11936785971623184 0.1323437315108423 0.13065672822686478 0.10318948878542215 0.07436218241304389 0.04584796997194417 0.02163736751313537 0.006251428098381156 0.0005988538882677974 1.2281009375446862e-05 3.190153777594632e-07 1.307968324595312e-07 6.33531441487663e-08 6.126312867048718e-09 0.0 0.0 0.0 0.0 0.0 0.0 0.0
431 0.0 0.0 0.0 0.0 0.0 0.0 0.0 1.5700167242689525e-07 6.363088047351327e-07 1.0262100066961506e-06 2.0809713583733392e-06 4.595462304165901e-05 0.0009056264576882152 0.006594706000254352 0.014317176181473096 0.025684732901218886 0.04438009080340062 0.07052783389549004 0.09877116667062091 0.12319812989488806 0.12954820061246214 0.13557034138495147 0.12525862457993064 0.09309938874542983 0.06526836226686508 0.040284075409315244 0.019928770045412814 0.0058463223403301704 0.0006774573785054059 7.793956603138847e-05 6.93477593116714e-06 1.2085968328644728e-06 6.106710535817486e-07 1.3384062417175388e-07 0.0 0.0 0.0 0.0 0.0 0.0 0.0
