data/processed/NGC4621-mock-iso2/histograms_set_o.ecsv
# %ECSV 1.0
# ---
# datatype:
# - {name: binID, datatype: int64}
# - {name: losvd_0, datatype: float64}
# - {name: losvd_1, datatype: float64}
# - {name: losvd_2, datatype: float64}
# - {name: losvd_3, datatype: float64}
# - {name: losvd_4, datatype: float64}
# - {name: losvd_5, datatype: float64}
# - {name: losvd_6, datatype: float64}
# - {name: losvd_7, datatype: float64}
# - {name: losvd_8, datatype: float64}
# - {name: losvd_9, datatype: float64}
# - {name: losvd_10, datatype: float64}
# - {name: losvd_11, datatype: float64}
# - {name: losvd_12, datatype: float64}
# - {name: losvd_13, datatype: float64}
# - {name: losvd_14, datatype: float64}
# - {name: losvd_15, datatype: float64}
# - {name: losvd_16, datatype: float64}
# - {name: losvd_17, datatype: float64}
# - {name: losvd_18, datatype: float64}
# - {name: losvd_19, datatype: float64}
# - {name: losvd_20, datatype: float64}
# - {name: losvd_21, datatype: float64}
# - {name: losvd_22, datatype: float64}
# - {name: losvd_23, datatype: float64}
# - {name: losvd_24, datatype: float64}
# - {name: losvd_25, datatype: float64}
# - {name: losvd_26, datatype: float64}
# - {name: losvd_27, datatype: float64}
# - {name: losvd_28, datatype: float64}
# - {name: losvd_29, datatype: float64}
# - {name: losvd_30, datatype: float64}
# - {name: losvd_31, datatype: float64}
# - {name: losvd_32, datatype: float64}
# - {name: losvd_33, datatype: float64}
# - {name: losvd_34, datatype: float64}
# - {name: losvd_35, datatype: float64}
# - {name: losvd_36, datatype: float64}
# - {name: losvd_37, datatype: float64}
# - {name: losvd_38, datatype: float64}
# - {name: losvd_39, datatype: float64}
# - {name: losvd_40, datatype: float64}
# meta: !!omap
# - {dv: 80.0}
# - vcent: [-1600.0, -1520.0, -1440.0, -1360.0, -1280.0, -1200.0, -1120.0, -1040.0, -960.0, -880.0, -800.0, -720.0, -640.0, -560.0, -480.0,
#     -400.0, -320.0, -240.0, -160.0, -80.0, 0.0, 80.0, 160.0, 240.0, 320.0, 400.0, 480.0, 560.0, 640.0, 720.0, 800.0, 880.0, 960.0, 1040.0,
#     1120.0, 1200.0, 1280.0, 1360.0, 1440.0, 1520.0, 1600.0]
# - {nbins: 618}
# - {nvbins: 41}
# schema: astropy-2.0
binID losvd_0 losvd_1 losvd_2 losvd_3 losvd_4 losvd_5 losvd_6 losvd_7 losvd_8 losvd_9 losvd_10 losvd_11 losvd_12 losvd_13 losvd_14 losvd_15 losvd_16 losvd_17 losvd_18 losvd_19 losvd_20 losvd_21 losvd_22 losvd_23 losvd_24 losvd_25 losvd_26 losvd_27 losvd_28 losvd_29 losvd_30 losvd_31 losvd_32 losvd_33 losvd_34 losvd_35 losvd_36 losvd_37 losvd_38 losvd_39 losvd_40
[from data line 51]
52 0.0 0.0 0.0 0.0 0.0 0.0 0.0 4.7608915970226144e-06 1.9060093435170713e-05 3.689315722466274e-05 7.122575497567677e-05 0.00019400281605129466 0.001187709491947808 0.006317522595074092 0.020880329334496295 0.03889708577455852 0.0600555626174044 0.08212073230694882 0.10624097442554137 0.12287585481365493 0.12548255343896805 0.12271882874154443 0.10604962325024779 0.0835600375774742 0.06159491089654412 0.034579511538402365 0.01780208325461946 0.007166984060454942 0.0017702399939156684 0.0001848526984787453 6.153702439559481e-05 3.1630496058131685e-05 1.763618832225434e-05 4.850398298007822e-06 0.0 0.0 0.0 0.0 0.0 0.0 0.0
53 0.0 0.0 0.0 0.0 0.0 0.0 0.0 3.543803152406938e-06 1.3709486566548061e-05 2.529384999439692e-05 5.259995024762199e-05 0.0001522201742790951 0.0008487573061820008 0.004928653981421559 0.01708075727833237 0.03333097604934887 0.05579108149177633 0.08070813045822191 0.10739783620254638 0.13218343355298373 0.13905942971033758 0.13162797341920468 0.10842558193300905 0.07956235800494432 0.0533946486682389 0.030740467970543618 0.016694566066271746 0.006537271171026704 0.0011681938235879967 0.00013069867047025289 4.6233137649434985e-05 2.301667695839433e-05 1.428159185900579e-05 3.657711224434874e-06 0.0 0.0 0.0 0.0 0.0 0.0 0.0
54 0.0 0.0 0.0 0.0 0.0 0.0 0.0 2.9140375301579678e-06 1.2271881961104985e-05 2.3301377446304415e-05 5.053464554286391e-05 0.00014514063771513356 0.0009583155203009835 0.005981538599835681 0.02143691386380147 0.04069092961526117 0.06152335397064132 0.08391618522510612 0.10888726454713854 0.12481945623843313 0.12648064146043572 0.12170004522040295 0.10357671737269658 0.08087570493286661 0.05983368242418746 0.03326699562893132 0.017136089645505743 0.006862290924263065 0.001566949746090263 0.00012759259982152212 4.337590938543176e-05 2.0242054318268247e-05 1.1579207110087088e-05 3.077866167490427e-06 0.0 0.0 0.0 0.0 0.0 0.0 0.0
55 0.0 0.0 0.0 0.0 0.0 0.0 0.0 8.360103869174383e-06 3.1830733685702096e-05 5.5525000691343665e-05 0.00010095165500839571 0.0002471654718964534 0.0010780022669010616 0.004722988477453292 0.014392347105377467 0.03176872456292126 0.05676145635127488 0.08354941858451796 0.10987163101455528 0.1296443316284986 0.13709344769806636 0.12961052835323625 0.10944409085952118 0.08296635750317431 0.056565575611710446 0.03148732701057495 0.01444275446403219 0.004538618708775355 0.0010360290911348093 0.00025547820185674205 0.00010528126125027811 5.755451537105691e-05 3.200441117030237e-05 8.235164212838746e-06 0.0 0.0 0.0 0.0 0.0 0.0 0.0
56 0.0 0.0 0.0 0.0 0.0 0.0 0.0 5.644296082544648e-06 2.2435084099899938e-05 3.900674346765048e-05 7.209141805025393e-05 0.00017018269297155856 0.0007857773036828532 0.0038035544210901348 0.013395477862906532 0.03066339569766063 0.055910842092850174 0.08264320751043125 0.1101920705573253 0.13205671452012574 0.1406193412672082 0.13187391558301162 0.11011595885482482 0.08265718335067218 0.05582376002216802 0.03073079188769001 0.013343081770390198 0.0038812201778830628 0.0007972311350379732 0.00017234758955216468 7.20076839318341e-05 3.8410543137738e-05 2.2159461935798067e-05 5.6300294880706465e-06 0.0 0.0 0.0 0.0 0.0 0.0 0.0
57 0.0 0.0 0.0 0.0 0.0 0.0 0.0 1.3401744076804099e-05 4.981184584255948e-05 8.728165438609813e-05 0.00015798755752390462 0.0004079191007009233 0.0019136444019306421 0.007041260819458646 0.017332150270412735 0.03550360989879368 0.06068136985857013 0.0850629338868395 0.10907591540054337 0.1252752997960422 0.12904148748178043 0.12342543319030365 0.10500348471800587 0.0813931748299908 0.0575137060151249 0.0341166213337556 0.01765235173896495 0.006553921207719324 0.0017269766544131132 0.00043024788635534966 0.0001767582757277864 9.38614820197799e-05 5.314212918388387e-05 1.3446761753843273e-05 0.0 0.0 0.0 0.0 0.0 0.0 0.0
58 0.0 0.0 0.0 0.0 0.0 0.0 0.0 1.6836739341859995e-05 6.353769358988421e-05 0.00011052615787666033 0.00019702384778483612 0.0005137187786412239 0.002364568453764194 0.00785176093218422 0.018405359971923253 0.03805149888810919 0.0639883350417529 0.08610104226548072 0.1077835813633171 0.12216332015994309 0.1245055449461524 0.12013387522239438 0.10307925187529338 0.08053225115156287 0.05824648735968428 0.035876805164251846 0.01915587405512257 0.007519270956541244 0.002118894573939087 0.0005396895046749718 0.00022241887579096316 0.00011951444099563176 6.687722767724503e-05 1.7047635444949706e-05 0.0 0.0 0.0 0.0 0.0 0.0 0.0
59 0.0 0.0 0.0 0.0 0.0 0.0 0.0 9.085794361681558e-06 3.5047980230270866e-05 6.117460226088649e-05 0.00011005046893584502 0.0002819386292386246 0.0014014560966487163 0.0059273611633924575 0.0158602887302103 0.03285883953779079 0.05747926607753956 0.08378949469980099 0.1102106199503039 0.12862056648318299 0.13407437947645495 0.12759479194707585 0.1076475106597524 0.08203959720550026 0.05652511696480455 0.0322484509537613 0.01592749921943836 0.005374238498604945 0.001257724468133723 0.00029548030614550227 0.00011985071992271304 6.532581000827422e-05 3.57323402511015e-05 9.450130363744152e-06 0.0 0.0 0.0 0.0 0.0 0.0 0.0
60 0.0 0.0 0.0 0.0 0.0 0.0 0.0 1.7264206780236782e-05 6.676860501416178e-05 0.00011660980196582813 0.00020726458562724415 0.0005508514790297307 0.0025975562813401742 0.008204370146003023 0.019002049207209173 0.03961177603010757 0.06635437944875947 0.08699027401608676 0.10672803800111012 0.12007157172957172 0.12155392695718505 0.11826598402965995 0.10205015608731338 0.08006643003995 0.05871160082818626 0.03701100157888888 0.020211373919051406 0.008005051272057341 0.0023029771565485817 0.000576834805808416 0.0002385453006214785 0.00012710102713632838 7.102363758313787e-05 1.834643674877779e-05 0.0 0.0 0.0 0.0 0.0 0.0 0.0
61 0.0 0.0 0.0 0.0 0.0 0.0 0.0 3.420874671624049e-06 1.4319666016408898e-05 2.5359330884252563e-05 4.794750581283996e-05 0.00012658281479094557 0.0006559752872119166 0.0038318449200393746 0.014627113003692925 0.030627248686482735 0.054409642456625225 0.080827738255854 0.1092448423967966 0.13550838801840567 0.14366455163311945 0.13416321836812392 0.10896196061668581 0.08017683976391984 0.053171849049020975 0.030053007924574642 0.014365775531505968 0.004496315650623004 0.0007377686553402909 0.00011636080945652488 4.5186973384160476e-05 2.430700148819285e-05 1.4037484377990235e-05 3.504608031062791e-06 0.0 0.0 0.0 0.0 0.0 0.0 0.0
62 0.0 0.0 0.0 0.0 0.0 0.0 0.0 3.1004742441817656e-06 1.3182182496226264e-05 2.270774489344412e-05 4.6712489885586614e-05 0.00012053715298010181 0.0006986243303489905 0.004181412224455543 0.015599527354706426 0.03129128427069029 0.05436098843069368 0.08068137822355481 0.10867609943003267 0.1355833576318341 0.143459348924004 0.13385185369128486 0.10825132992204954 0.07909927531301642 0.05222251308163722 0.02992676572341284 0.015413883878519408 0.005400979886649944 0.0008537962071690715 0.0001128254770938887 4.2211404624828814e-05 2.188573605361248e-05 1.2043355809398419e-05 3.3041059703485736e-06 0.0 0.0 0.0 0.0 0.0 0.0 0.0
63 0.0 0.0 0.0 0.0 0.0 0.0 0.0 3.885875263522104e-06 1.47222974705465e-05 2.549751681785354e-05 5.0004473938560446e-05 0.00012326665491872968 0.0006243765074197242 0.003400569793423217 0.01357753613672963 0.030417174866700925 0.054588045175259475 0.0812165743800573 0.1099246993472314 0.13537513731713458 0.14406256269190304 0.13406976391722777 0.10952344868967087 0.08095632116284478 0.05395697875341709 0.030197011480600597 0.013224243907972897 0.0037604133479179932 0.0006391791788078472 0.00012025823414210548 4.6291145476058975e-05 2.641896525225116e-05 1.5046609190627752e-05 3.636556458269227e-06 0.0 0.0 0.0 0.0 0.0 0.0 0.0
64 0.0 0.0 0.0 0.0 0.0 0.0 0.0 2.900283502418301e-06 1.1034293164745426e-05 1.9702676582902722e-05 4.5501673488727424e-05 0.00013124053239765553 0.0007938778711859891 0.005042850661419961 0.01805290963339435 0.03535110570602007 0.05705255328447164 0.08156800706691937 0.10813431924533044 0.13238886018852933 0.13833622149692507 0.12960445458264305 0.10643967568064858 0.0779624819855454 0.05317271710765966 0.030599495325851617 0.017041377217552684 0.0068250910658046275 0.001196355498621949 0.00011428063757142473 3.885007758897496e-05 1.902016539047675e-05 1.0162251961881323e-05 2.635337253577393e-06 0.0 0.0 0.0 0.0 0.0 0.0 0.0
65 0.0 0.0 0.0 0.0 0.0 0.0 0.0 4.7724735532832365e-06 1.8745483159991228e-05 3.293522704672911e-05 6.175890211046218e-05 0.00014884395268881825 0.0007192798953624695 0.0036529483707894023 0.013103853553501186 0.03047620375983374 0.05525023522112397 0.08234332444583438 0.1101465498294063 0.1327717687398496 0.14188777283216097 0.13316008966302392 0.11025968511521468 0.08233267266611624 0.0554854760675427 0.030393341746093355 0.013170112511953935 0.003528024645884745 0.0007056584478418601 0.00015171573979265614 6.184503023198517e-05 3.363526748475003e-05 1.9345007217149457e-05 4.907994395688102e-06 0.0 0.0 0.0 0.0 0.0 0.0 0.0
66 0.0 0.0 0.0 0.0 0.0 0.0 0.0 2.8773508619116083e-06 1.0192619037558588e-05 1.8850483335103847e-05 4.5596108823581116e-05 0.0001325856824834667 0.0008395989665969073 0.0055909979876156285 0.020246150921476268 0.03930553499722099 0.06048621521058659 0.08373903925953649 0.10919911539252891 0.1284657925534883 0.13141248483069945 0.12438843775643942 0.10407577430889224 0.07849551540246029 0.05639878113478883 0.03178411799624726 0.016913391380167515 0.006858533480514257 0.0013706650231386595 0.0001116453074042374 3.929438454297568e-05 1.7340802546486596e-05 9.964922899207328e-06 2.662057183988081e-06 0.0 0.0 0.0 0.0 0.0 0.0 0.0
67 0.0 0.0 0.0 0.0 0.0 0.0 0.0 2.8484454918009045e-06 1.0578626174511472e-05 1.9190587388204893e-05 4.113389017338921e-05 0.00012205174711026726 0.0007137829319196714 0.004461676583631481 0.01646860093134446 0.03261013663769747 0.05482920127396232 0.0808011616407717 0.10849138449618645 0.1357477116139129 0.1432197477083374 0.13272327047434979 0.10685815450022407 0.07774760346880992 0.0514990317479915 0.029913222159399018 0.01633774758342891 0.006215821628432475 0.0009454600306767274 0.00010770651096823073 3.847681627888703e-05 1.8919872521992885e-05 1.0865072630222371e-05 2.7079602709710003e-06 0.0 0.0 0.0 0.0 0.0 0.0 0.0
68 0.0 0.0 0.0 0.0 0.0 0.0 0.0 3.872126583101556e-06 1.4344786214762118e-05 2.5351640260776022e-05 4.917007741259959e-05 0.00012119039205537688 0.0005449418107178899 0.0030602601346171455 0.012827552460892759 0.030250243531724667 0.054902426891751725 0.08145296010954282 0.10990589856987336 0.1351366719246519 0.1447315272444706 0.13455611469970233 0.10963653968898375 0.08137155115970522 0.05460561910512421 0.030170864622420506 0.012611798842164842 0.0031869580073027497 0.0005744533519999585 0.00011376702040720317 4.705846623815668e-05 2.4753454576513087e-05 1.439702945760189e-05 3.587497377841583e-06 0.0 0.0 0.0 0.0 0.0 0.0 0.0
69 0.0 0.0 0.0 0.0 0.0 0.0 0.0 5.837110250164373e-06 2.289474631305231e-05 3.958465469149864e-05 7.055675277805592e-05 0.00018511363253300562 0.0009560113965686006 0.00474752786475003 0.014438565899319881 0.031033014687844834 0.05527227826908163 0.08248184136693704 0.11012235535380677 0.1315438154149504 0.1393498635313818 0.13182809853132105 0.10960019392314295 0.08192678986512178 0.0555577741218726 0.030793177385825325 0.014478661573229306 0.004245372107381333 0.0008803441914846103 0.00018637398654228505 7.651463052953762e-05 4.0244787870425194e-05 2.2746597001671093e-05 5.7655266500726144e-06 0.0 0.0 0.0 0.0 0.0 0.0 0.0
70 0.0 0.0 0.0 0.0 0.0 0.0 0.0 2.2900246892321825e-06 8.841071373196484e-06 1.5978890749446684e-05 3.9109810257910965e-05 0.00012191425961869557 0.0007479218747501236 0.005155269599406535 0.018923654051418173 0.037396148469335797 0.05885431580228478 0.08339419909470616 0.10989482568273144 0.13237714533124983 0.13679071129298054 0.12695466613516299 0.1041566936551939 0.07637714927384971 0.05321028383901011 0.030508048459499792 0.01680304344660633 0.0069040942509918345 0.0011741649932465726 9.637509577727648e-05 3.345844732693513e-05 1.4905960594536874e-05 8.550690252174123e-06 2.251117787803391e-06 0.0 0.0 0.0 0.0 0.0 0.0 0.0
71 0.0 0.0 0.0 0.0 0.0 0.0 0.0 2.1078579955306204e-06 9.868232836355788e-06 1.7032166804435155e-05 4.532453051269927e-05 0.00013133758633332657 0.0007168753153079983 0.004631398666971079 0.017249657983869873 0.03390491008365842 0.056049970816912 0.08159966073088784 0.10911738288399536 0.136024703986541 0.14243344737900457 0.13102701122538812 0.10527307274954245 0.0762099988267831 0.051181834147228246 0.029671133081218236 0.01681889033519032 0.006653346004938305 0.001033957782274415 0.00010012392733621315 3.41985006452904e-05 1.5371324854760993e-05 9.10448813297562e-06 2.279904717919932e-06 0.0 0.0 0.0 0.0 0.0 0.0 0.0
72 0.0 0.0 0.0 0.0 0.0 0.0 0.0 2.818125725750811e-06 1.1137836618225627e-05 1.908972693675864e-05 4.469117830478678e-05 0.00010504295077609937 0.000558359379137285 0.0035143423352618545 0.014603626173816171 0.030810762981017387 0.0540762007989941 0.0803636929586696 0.10915087532863897 0.13712738442938502 0.14634263739347148 0.13528797545308696 0.10800243294935638 0.0789827612074699 0.0524375283596052 0.02981569024296893 0.013848013236994089 0.0040701981711794176 0.0006228124495159883 9.245379850808981e-05 3.4659998007882703e-05 1.8784012486287444e-05 1.0873531310279861e-05 2.7921402607468555e-06 0.0 0.0 0.0 0.0 0.0 0.0 0.0
73 0.0 0.0 0.0 0.0 0.0 0.0 0.0 2.4410295489620867e-06 9.778847970562474e-06 1.802292638130019e-05 4.1738395514516625e-05 0.00012018164681475637 0.0008986485282842137 0.006067090793167221 0.02296526236760749 0.043774180381892853 0.0643832434247089 0.08693485575497702 0.1118130834216968 0.12341348379553409 0.12232355250890775 0.11740727031234516 0.10039001350183344 0.07986317949844711 0.06122223494113512 0.03346100881397627 0.016660199931213454 0.006560615566707375 0.0014579658442185736 0.00010860235735876201 3.7063847339347377e-05 1.685709153347883e-05 9.509408604887335e-06 2.3853153526036703e-06 0.0 0.0 0.0 0.0 0.0 0.0 0.0
74 0.0 0.0 0.0 0.0 0.0 0.0 0.0 2.4117549850737215e-06 1.041099955776632e-05 1.8441390500155038e-05 4.107945301840779e-05 0.00011408830601640035 0.0005842322778494418 0.003937005600050277 0.015497538818304813 0.03140299601833784 0.05395249367343403 0.08062761987777348 0.10889681284125538 0.13713322660788094 0.14619619839496478 0.13447798503039163 0.10713438546394075 0.07801634746200005 0.051498016054112965 0.02963437238228808 0.014927434375958986 0.004995132354834811 0.0007030203503266967 9.365341465917147e-05 3.522446823167266e-05 1.737993794701514e-05 9.742995271758052e-06 3.004691098849561e-06 0.0 0.0 0.0 0.0 0.0 0.0 0.0
75 0.0 0.0 0.0 0.0 0.0 0.0 0.0 2.196344894600824e-06 8.618068480954043e-06 1.6354847773828077e-05 3.9219474300568796e-05 0.00011441147945448225 0.000849255982071563 0.0059531896043877 0.022379625156749 0.04336912880892949 0.06401035582672576 0.08713101677038909 0.11241224195171069 0.12519719118507827 0.12445764688604725 0.11855270645866728 0.10048495382883621 0.07853157537316109 0.05933541242618343 0.032687893869677125 0.01632938044451147 0.006552454828167572 0.0013915130440856898 9.921994788061421e-05 3.444361203307624e-05 1.4991724520627481e-05 8.986476388061074e-06 2.23897249194011e-06 0.0 0.0 0.0 0.0 0.0 0.0 0.0
76 0.0 0.0 0.0 0.0 0.0 0.0 0.0 2.8867305118481215e-06 1.148952582595962e-05 1.969794006156335e-05 3.737045686788272e-05 0.00010198181842453405 0.000497780860512834 0.0030752159414698162 0.01363627581013679 0.030580843094256335 0.05461007560129136 0.08060560580632775 0.1091305799075005 0.13678353604158633 0.1465539349813949 0.13559105115399303 0.10874339715794228 0.07981978465154149 0.053410370125757375 0.029864466685339302 0.012862442777928832 0.003331840117511944 0.0005250458076890054 9.083722561932811e-05 3.592372588786897e-05 1.9332391114174095e-05 1.1632716812722306e-05 3.0738770836664234e-06 0.0 0.0 0.0 0.0 0.0 0.0 0.0
