data/processed/NGC4621-mock-iso2/histograms_set_o.ecsv
# %ECSV 1.0
# ---
# datatype:
# - {name: binID, datatype: int64}
# - {name: losvd_0, datatype: float64}
# - {name: losvd_1, datatype: float64}
# - {name: losvd_2, datatype: float64}
# - {name: losvd_3, datatype: float64}
# - {name: losvd_4, datatype: float64}
# - {name: losvd_5, datatype: float64}
# - {name: losvd_6, datatype: float64}
# - {name: losvd_7, datatype: float64}
# - {name: losvd_8, datatype: float64}
# - {name: losvd_9, datatype: float64}
# - {name: losvd_10, datatype: float64}
# - {name: losvd_11, datatype: float64}
# - {name: losvd_12, datatype: float64}
# - {name: losvd_13, datatype: float64}
# - {name: losvd_14, datatype: float64}
# - {name: losvd_15, datatype: float64}
# - {name: losvd_16, datatype: float64}
# - {name: losvd_17, datatype: float64}
# - {name: losvd_18, datatype: float64}
# - {name: losvd_19, datatype: float64}
# - {name: losvd_20, datatype: float64}
# - {name: losvd_21, datatype: float64}
# - {name: losvd_22, datatype: float64}
# - {name: losvd_23, datatype: float64}
# - {name: losvd_24, datatype: float64}
# - {name: losvd_25, datatype: float64}
# - {name: losvd_26, datatype: float64}
# - {name: losvd_27, datatype: float64}
# - {name: losvd_28, datatype: float64}
# - {name: losvd_29, datatype: float64}
# - {name: losvd_30, datatype: float64}
# - {name: losvd_31, datatype: float64}
# - {name: losvd_32, datatype: float64}
# - {name: losvd_33, datatype: float64}
# - {name: losvd_34, datatype: float64}
# - {name: losvd_35, datatype: float64}
# - {name: losvd_36, datatype: float64}
# - {name: losvd_37, datatype: float64}
# - {name: losvd_38, datatype: float64}
# - {name: losvd_39, datatype: float64}
# - {name: losvd_40, datatype: float64}
# meta: !!omap
# - {dv: 80.0}
# - vcent: [-1600.0, -1520.0, -1440.0, -1360.0, -1280.0, -1200.0, -1120.0, -1040.0, -960.0, -880.0, -800.0, -720.0, -640.0, -560.0, -480.0,
#     -400.0, -320.0, -240.0, -160.0, -80.0, 0.0, 80.0, 160.0, 240.0, 320.0, 400.0, 480.0, 560.0, 640.0, 720.0, 800.0, 880.0, 960.0, 1040.0,
#     1120.0, 1200.0, 1280.0, 1360.0, 1440.0, 1520.0, 1600.0]
# - {nbins: 618}
# - {nvbins: 41}
# schema: astropy-2.0
binID losvd_0 losvd_1 losvd_2 losvd_3 losvd_4 losvd_5 losvd_6 losvd_7 losvd_8 losvd_9 losvd_10 losvd_11 losvd_12 losvd_13 losvd_14 losvd_15 losvd_16 losvd_17 losvd_18 losvd_19 losvd_20 losvd_21 losvd_22 losvd_23 losvd_24 losvd_25 losvd_26 losvd_27 losvd_28 losvd_29 losvd_30 losvd_31 losvd_32 losvd_33 losvd_34 losvd_35 losvd_36 losvd_37 losvd_38 losvd_39 losvd_40
[from data line 381]
382 0.0 0.0 0.0 0.0 0.0 0.0 0.0 2.1993419407709803e-06 8.525165730899499e-06 1.587095733480347e-05 3.458126983060694e-05 8.977379568125474e-05 0.00045241884824958527 0.0031948060171877067 0.014345543153999833 0.030858406622812393 0.054164164979783914 0.08062789755936649 0.10875348023032841 0.13735121339345077 0.14778377887011646 0.13631760986930894 0.10835893928544219 0.07867666143511938 0.05195432855169117 0.029381393193682763 0.013374461084776907 0.003595877715544766 0.000495641196049922 7.5405385798331e-05 2.8405271904282083e-05 1.5571323066589472e-05 7.98245851631518e-06 2.0955509373286476e-06 0.0 0.0 0.0 0.0 0.0 0.0 0.0
383 0.0 0.0 0.0 0.0 0.0 0.0 0.0 8.36478086879441e-08 3.051602473828286e-07 3.7422009926128956e-07 1.2950064471725602e-06 3.596371046527922e-05 0.0007604503958962097 0.0060349496738922965 0.022585698331466897 0.04695936514220884 0.07578356225440316 0.10398069482086059 0.1307583232776645 0.1269089804765561 0.11629305851888998 0.11080306470671944 0.0923655255652254 0.07102460625562415 0.04916736599829789 0.02611885170892731 0.01338859191737762 0.0060424692225780965 0.0009542636606006883 2.9512481268679353e-05 7.672637590262388e-07 4.596019143330842e-07 2.817789016053117e-07 3.0845687196850874e-08 0.0 0.0 0.0 0.0 0.0 0.0 0.0
384 0.0 0.0 0.0 0.0 0.0 0.0 0.0 1.51837617389709e-06 5.380381617429117e-06 1.0304456634432772e-05 3.355969340502858e-05 0.00010888235226903598 0.0006473409804498402 0.0043498025848794945 0.016758178126661052 0.033402325234793084 0.0554218451404244 0.0835945023666058 0.11262227208367162 0.1388534727222266 0.14420003271640303 0.13080892569549316 0.10369785291677697 0.07421350060507366 0.049020678880441565 0.02837561819228043 0.016446794713640772 0.006494391379184288 0.0008017116769895096 7.483271335653751e-05 1.879122837809298e-05 9.632947026766388e-06 5.41200738496524e-06 1.3669562176614329e-06 0.0 0.0 0.0 0.0 0.0 0.0 0.0
385 0.0 0.0 0.0 0.0 0.0 0.0 0.0 2.459608730925302e-06 9.453854969300019e-06 1.709046756954413e-05 3.3648103987735225e-05 8.123716125693292e-05 0.0003911385230553882 0.002593339284949769 0.012867165439673312 0.03054250650325033 0.054764144083746066 0.08071836809530028 0.10889908187908869 0.13699610103020507 0.14767898224171547 0.13642767410400447 0.10910654281995916 0.08006649260455115 0.0536920713328586 0.02963011840215358 0.012202393968243984 0.002700917027909339 0.0004046468503265558 7.799290983460784e-05 3.0775522806948615e-05 1.6718493333537702e-05 9.429692265362788e-06 2.5640279644953336e-06 0.0 0.0 0.0 0.0 0.0 0.0 0.0
386 0.0 0.0 0.0 0.0 0.0 0.0 0.0 1.0069887150635428e-06 3.5669526629216463e-06 6.1684201227999625e-06 2.1754249759552475e-05 9.854717442335594e-05 0.0006872566525713714 0.005035005269768372 0.018127614217218885 0.036592993393267034 0.059013129792689925 0.0875915356722754 0.11713926064580442 0.13727276415274442 0.1378035158389378 0.12711043623364132 0.10143790271862173 0.07267687740474772 0.04822597302637203 0.027795714724847084 0.01581955480139845 0.006618121221937469 0.0008168272232926318 6.751756140193457e-05 1.2595757917675495e-05 6.163765882796903e-06 3.4103657010542575e-06 8.775644688855162e-07 0.0 0.0 0.0 0.0 0.0 0.0 0.0
387 0.0 0.0 0.0 0.0 0.0 0.0 0.0 1.6779258054390656e-06 7.344189703049798e-06 1.2882493111485789e-05 2.385299427502288e-05 7.299066676105958e-05 0.0005689567849181208 0.0044512236521036174 0.014361098871860765 0.0290336261094933 0.05103490431187286 0.0778627777272203 0.1072603872638023 0.1354294863161753 0.14751418468178024 0.13730563508121735 0.10917194070670506 0.08114778800308638 0.054014935667268095 0.031261862224659306 0.015219434883189078 0.0035764887215418376 0.00047511507246763814 0.00010106940622017628 3.849359970926265e-05 1.3701602163782557e-05 7.743081262038221e-06 1.7683056597699044e-06 0.0 0.0 0.0 0.0 0.0 0.0 0.0
388 0.0 0.0 0.0 0.0 0.0 0.0 0.0 2.1129897082579976e-06 7.731946086838267e-06 1.3587076679121425e-05 2.5875460929606253e-05 6.973057808490233e-05 0.0004936715747322177 0.003657649820856694 0.013466329824731723 0.029204507291567292 0.051617527828623146 0.07872315645769301 0.10823868930011626 0.13645963147179777 0.14770904315625896 0.13733000126083503 0.10882519267576733 0.08097572605498785 0.054123213254432936 0.030894290497267586 0.014402368658828749 0.0031721082955765683 0.00041717731927382317 8.256278327755099e-05 3.4340810512681805e-05 1.3518123232894897e-05 7.992798921680814e-06 2.021155938601412e-06 0.0 0.0 0.0 0.0 0.0 0.0 0.0
389 0.0 0.0 0.0 0.0 0.0 0.0 0.0 1.6325091108241608e-06 6.343759977879768e-06 1.1299472901781685e-05 2.18736927353332e-05 7.119370750301343e-05 0.0006419557953372992 0.005279779406182109 0.015338826485768228 0.028807590704099304 0.05026084982510028 0.07693387504746622 0.1060297519515875 0.1341366667869735 0.14689720522392113 0.13778065104290524 0.11002971057478163 0.08172947760036604 0.054012222056602194 0.031707489210724825 0.015716633350473002 0.003869931457730555 0.0005318534567635173 9.939978857221827e-05 3.8706187509327054e-05 1.1475948699870942e-05 6.172343674084791e-06 1.6348500990594155e-06 0.0 0.0 0.0 0.0 0.0 0.0 0.0
390 0.0 0.0 0.0 0.0 0.0 0.0 0.0 1.9334712683193274e-06 8.180821932987081e-06 1.4417955370288003e-05 2.5558717784039242e-05 6.848923007018038e-05 0.00040652173224917196 0.00293791015417248 0.012578076469131802 0.029341691000567743 0.052568804371700785 0.07932588269609145 0.10917481341537016 0.13689859119238182 0.14782576770867678 0.13726922032289338 0.10882550500483511 0.0807622712265782 0.05456157062725407 0.03067184708011047 0.013462092970588589 0.002729796267858485 0.00037485194116190003 7.792987159774589e-05 3.154997353452207e-05 1.4502481183444218e-05 8.385968305234545e-06 2.0765252796746163e-06 0.0 0.0 0.0 0.0 0.0 0.0 0.0
391 0.0 0.0 0.0 0.0 0.0 0.0 0.0 1.2093846512596486e-06 5.625214055286772e-06 9.84461076799623e-06 2.006344542438568e-05 7.442588027979573e-05 0.0007085605324266152 0.0059432266448290975 0.016018163697580554 0.02850006367637568 0.049671257935434 0.07572402652700268 0.10497980462215958 0.1326481937576585 0.14600186100102863 0.13849830151241888 0.11132186069335422 0.0825064267239029 0.054297559953491524 0.03222843916728926 0.016031416290531182 0.004056389661035357 0.0005651310587299313 0.00010851284344544457 4.019855231915983e-05 1.022426377299115e-05 5.833037380084068e-06 1.51984421077158e-06 0.0 0.0 0.0 0.0 0.0 0.0 0.0
392 0.0 0.0 0.0 0.0 0.0 0.0 0.0 6.958857354754515e-07 2.763571205730562e-06 4.451590633555782e-06 9.16916665390886e-06 6.310261434871111e-05 0.0008507489786149646 0.006506787811001689 0.015202197856211023 0.027749584585823373 0.04846396341193739 0.07279934640764746 0.09944940110924919 0.12320820849609938 0.13174295483729162 0.1342936458619968 0.12058274892511392 0.09121259743869216 0.06283650732732614 0.039367663456430085 0.019313322086404114 0.005475622116002905 0.0007333081471278334 9.841677442467825e-05 1.5051567026764455e-05 4.267867105972494e-06 2.4967654571398052e-06 7.089421921612585e-07 0.0 0.0 0.0 0.0 0.0 0.0 0.0
393 0.0 0.0 0.0 0.0 0.0 0.0 0.0 3.840372062594309e-07 1.4782674847177184e-06 2.4921207141110903e-06 5.308208125749979e-06 5.608386208233262e-05 0.0009348689691974552 0.00636413098951488 0.014519492568492253 0.028050344290210763 0.04995697486620542 0.07312460880785397 0.0968834913077343 0.11656495048691055 0.12376123837494184 0.12935973589618763 0.12465284324700773 0.09603077530131202 0.06888329719294765 0.04315056898093957 0.020887601742428787 0.0058956377536092865 0.000799258279131418 9.143329449188828e-05 1.2040628645388041e-05 2.8237630593366167e-06 1.5583369108604811e-06 4.348286183317625e-07 0.0 0.0 0.0 0.0 0.0 0.0 0.0
394 0.0 0.0 0.0 0.0 0.0 0.0 0.0 6.345889250160627e-08 2.556490571930402e-07 5.497008274764275e-07 6.332140792245219e-07 3.17741559285639e-05 0.0009599096648432511 0.005903298843105884 0.013336495735071875 0.026311913915687428 0.04986465296864987 0.07150789607694694 0.09189572970114096 0.1093472484939648 0.11492652882046173 0.1253351733390754 0.13118003136654427 0.10525796341134426 0.07693717597201499 0.04759824506884641 0.022870383242715866 0.005943334654167262 0.0007521931460338424 3.4141217584021124e-05 2.5986540212893174e-06 4.623912265934807e-07 2.8189240323823826e-07 3.4459414767381943e-08 0.0 0.0 0.0 0.0 0.0 0.0 0.0
395 0.0 0.0 0.0 0.0 0.0 0.0 0.0 1.2168497950480626e-06 4.551765116278269e-06 8.408823289854025e-06 1.6963938481141764e-05 6.958639638081978e-05 0.0007366482967756622 0.0063564209415152995 0.01637622768319516 0.028065630469684244 0.04870617125213298 0.07443380103399799 0.10396062018545725 0.13140480497288423 0.14459005604129307 0.13927702788676574 0.11299758831939881 0.08354599952659376 0.05507051625812443 0.032918109223506756 0.01646264557160879 0.004220081372579954 0.0006015777141313988 0.00010957467214394007 3.2003665044186515e-05 9.164885425886858e-06 4.612911759055005e-06 1.293214954319062e-06 0.0 0.0 0.0 0.0 0.0 0.0 0.0
396 0.0 0.0 0.0 0.0 0.0 0.0 0.0 2.0662344470055916e-06 7.63625940816641e-06 1.4067213570020607e-05 2.5933750135948072e-05 6.808206801985939e-05 0.0003506795821827452 0.0024351683420862935 0.011949892042815897 0.029484963085232966 0.053528534661418964 0.08002984334082358 0.10983299732857178 0.13665879863243335 0.14755952747573636 0.13709736821908766 0.10946861174088748 0.08095630044094244 0.054915326253138164 0.03031696853724269 0.01248428317449281 0.002327076152018492 0.0003286864357991495 7.456850914493878e-05 2.7099081252047482e-05 1.4399993886616359e-05 7.964724233955478e-06 1.827640946374265e-06 0.0 0.0 0.0 0.0 0.0 0.0 0.0
397 0.0 0.0 0.0 0.0 0.0 0.0 0.0 4.733161138485404e-09 4.104952466823723e-08 5.4408374804357727e-08 1.0674138032646712e-07 1.5863412167902768e-06 0.00044197233800760764 0.00590538576470145 0.013681319680403928 0.022822269162058654 0.038779064607326656 0.06432658300275071 0.09889282765839817 0.12984302064828052 0.13801023915868887 0.14745639735408395 0.12751614245049503 0.09093114773802739 0.061388878662079475 0.036856040612606375 0.017931056653489968 0.004846399622119696 0.0003535513000435975 1.5591438361498156e-05 1.3383095274404387e-07 5.479859378015966e-08 3.5579553923146783e-08 3.985480879867744e-09 0.0 0.0 0.0 0.0 0.0 0.0 0.0
398 0.0 0.0 0.0 0.0 0.0 0.0 0.0 5.588039279345665e-07 2.5101142703903947e-06 4.558319478423638e-06 1.7237093684975408e-05 9.020052065582219e-05 0.0007357945478092303 0.005469413829553168 0.019331997319690344 0.03926964601925055 0.06285850887843873 0.09121103048199586 0.1207843495439537 0.13442323530846917 0.1316113040902416 0.12346446508278208 0.09944270051226575 0.07263208441212694 0.048375440820349974 0.02767001191678325 0.015176399855843641 0.006486078733115019 0.0008550540545577524 6.24726709979608e-05 7.84997144468455e-06 4.3768691156538275e-06 2.493176969401127e-06 6.187648528009922e-07 0.0 0.0 0.0 0.0 0.0 0.0 0.0
399 0.0 0.0 0.0 0.0 0.0 0.0 0.0 2.6458056188598654e-07 1.0703990107312812e-06 1.9505656964294644e-06 1.0314800793220651e-05 6.043412463669507e-05 0.000827885778532415 0.005947650052226042 0.022280588022810088 0.046336333033495 0.07477358826582471 0.10086056681233722 0.127285636557106 0.12433987181739616 0.11658153459663564 0.11013021042990392 0.0947441734442968 0.0735569088693222 0.052406417714890206 0.02851261192971263 0.014227089900986738 0.006077403481474337 0.000977317250051778 4.8545795397570626e-05 3.632551405572911e-06 1.8215852283109115e-06 1.0774253040116555e-06 2.848563664178396e-07 0.0 0.0 0.0 0.0 0.0 0.0 0.0
400 0.0 0.0 0.0 0.0 0.0 0.0 0.0 2.0978957063031948e-06 7.550751614470376e-06 1.3761899204013849e-05 2.53004588094362e-05 6.255060697491337e-05 0.0003145932857661013 0.0021232803282499554 0.011669384075562577 0.029655284992712663 0.054268312675655704 0.08074496355547973 0.11010495333972022 0.13679106429984658 0.14713436648042444 0.1369352969593438 0.10992667920683875 0.08105205892485497 0.05478296254806958 0.03003552213133645 0.011809087931426291 0.002081292572346214 0.0003166864009685497 6.245333052431113e-05 2.6810265476192806e-05 1.384056995304937e-05 7.792007913782532e-06 2.04583839930641e-06 0.0 0.0 0.0 0.0 0.0 0.0 0.0
401 0.0 0.0 0.0 0.0 0.0 0.0 0.0 1.406964950392038e-07 7.156078681088387e-07 1.0963984224584947e-06 1.921844825635307e-06 3.8410837911778787e-05 0.0009725072113642826 0.005674866700883728 0.01359718225428249 0.028219512230852287 0.05411886640178482 0.0738697575541384 0.09230004131571098 0.10473797798282197 0.11024284948615275 0.11970127330401677 0.1302040400723617 0.10728793367549684 0.08011444370231734 0.048844458985955345 0.023402876787916544 0.005790717532095493 0.000818856840570612 4.9088793094646314e-05 5.673957029359647e-06 1.085604925915776e-06 7.131372739148151e-07 2.0453237528327525e-07 0.0 0.0 0.0 0.0 0.0 0.0 0.0
402 0.0 0.0 0.0 0.0 0.0 0.0 0.0 1.2766405499561233e-07 3.5426901021275616e-07 6.528550462688769e-07 1.1225518781100554e-06 3.028830556312713e-05 0.0009673412749931578 0.005480957360855865 0.013022715138233935 0.027421951458902985 0.053822624937202336 0.07316468555110472 0.09035744523364486 0.10318724822428818 0.10786356659385656 0.11849508773825142 0.13302334387405873 0.11095287961620205 0.08191580882071546 0.04991143228306985 0.023800692450485012 0.005729427233841456 0.0008114712084644305 3.282832201504013e-05 3.447651777344319e-06 7.454566219125253e-07 3.1513127605034347e-07 8.05229149073462e-08 0.0 0.0 0.0 0.0 0.0 0.0 0.0
403 0.0 0.0 0.0 0.0 0.0 0.0 0.0 2.624647732640921e-08 1.4643162090313344e-07 1.825124084836073e-07 3.2903026624210694e-07 1.5011367352564962e-05 0.0008974679644368391 0.006268365318172026 0.01354768925147623 0.024900868148500586 0.04623284684234077 0.06928501451373054 0.09404608508251455 0.11548125503856274 0.12063834647034674 0.1322374933037581 0.12964469871724932 0.10074179561698746 0.07247621583279316 0.04497004772187837 0.02174580351947287 0.006183396452633361 0.0006636532180882474 2.155278133784308e-05 8.338001123983699e-07 2.0053037013948221e-07 1.6256823111058867e-07 1.405704657862041e-08 0.0 0.0 0.0 0.0 0.0 0.0 0.0
404 0.0 0.0 0.0 0.0 0.0 0.0 0.0 2.4966256625224685e-07 9.923823893716346e-07 1.8236432784193583e-06 3.3747190583854664e-06 4.994286726279204e-05 0.0009618684816509837 0.00629437181694206 0.014263975844133775 0.027738190030783146 0.050192183279240556 0.07288005532638302 0.09567776834011232 0.1135308261661637 0.12062191541978011 0.1274140372369724 0.1267293735085031 0.0986646610156661 0.07198333328121545 0.044511583615140245 0.02163688061465991 0.005981929906114059 0.0007902992862894759 5.627671785089105e-05 7.012580879573072e-06 1.724828878508019e-06 9.891325739276456e-07 2.423389039658256e-07 0.0 0.0 0.0 0.0 0.0 0.0 0.0
405 0.0 0.0 0.0 0.0 0.0 0.0 0.0 7.61169870499959e-07 2.8204848087229527e-06 5.1098190903069234e-06 1.0728117162104753e-05 5.6663891187784304e-05 0.0007148531432975029 0.006387460501827909 0.016126370064768882 0.027128543279985796 0.04693964097413379 0.07279838901552112 0.10306553871451625 0.13021592724850375 0.14148003019302063 0.13935681348499745 0.11643288257200936 0.08607486335736361 0.05642473892828488 0.034243664335275266 0.017140571659097572 0.004615197973905249 0.0006331423951638158 0.00010268035585667277 2.112705644841045e-05 5.6532788987981245e-06 3.1425120172177297e-06 8.321790361150598e-07 0.0 0.0 0.0 0.0 0.0 0.0 0.0
406 0.0 0.0 0.0 0.0 0.0 0.0 0.0 1.473001625659526e-08 6.891798645695592e-08 9.804758799932192e-08 1.204814840872587e-07 8.11025398988235e-06 0.0007392056007678881 0.006505665546256387 0.013751315701226669 0.02349886445025764 0.042049794487679544 0.06647815218274909 0.09773807541655795 0.12323721486238474 0.1285233460950873 0.1400940472745131 0.1281798203637558 0.09527987022909372 0.06679589712714727 0.04096247290086988 0.019589091568122153 0.006047150617254281 0.0005067433123915407 1.409841855415588e-05 3.7446112889896104e-07 1.406449914321737e-07 5.8627603152580693e-08 1.8816490591582844e-08 0.0 0.0 0.0 0.0 0.0 0.0 0.0
