data/processed/NGC4621-mock-iso2/histograms_set_o.ecsv
# %ECSV 1.0
# ---
# datatype:
# - {name: binID, datatype: int64}
# - {name: losvd_0, datatype: float64}
# - {name: losvd_1, datatype: float64}
# - {name: losvd_2, datatype: float64}
# - {name: losvd_3, datatype: float64}
# - {name: losvd_4, datatype: float64}
# - {name: losvd_5, datatype: float64}
# - {name: losvd_6, datatype: float64}
# - {name: losvd_7, datatype: float64}
# - {name: losvd_8, datatype: float64}
# - {name: losvd_9, datatype: float64}
# - {name: losvd_10, datatype: float64}
# - {name: losvd_11, datatype: float64}
# - {name: losvd_12, datatype: float64}
# - {name: losvd_13, datatype: float64}
# - {name: losvd_14, datatype: float64}
# - {name: losvd_15, datatype: float64}
# - {name: losvd_16, datatype: float64}
# - {name: losvd_17, datatype: float64}
# - {name: losvd_18, datatype: float64}
# - {name: losvd_19, datatype: float64}
# - {name: losvd_20, datatype: float64}
# - {name: losvd_21, datatype: float64}
# - {name: losvd_22, datatype: float64}
# - {name: losvd_23, datatype: float64}
# - {name: losvd_24, datatype: float64}
# - {name: losvd_25, datatype: float64}
# - {name: losvd_26, datatype: float64}
# - {name: losvd_27, datatype: float64}
# - {name: losvd_28, datatype: float64}
# - {name: losvd_29, datatype: float64}
# - {name: losvd_30, datatype: float64}
# - {name: losvd_31, datatype: float64}
# - {name: losvd_32, datatype: float64}
# - {name: losvd_33, datatype: float64}
# - {name: losvd_34, datatype: float64}
# - {name: losvd_35, datatype: float64}
# - {name: losvd_36, datatype: float64}
# - {name: losvd_37, datatype: float64}
# - {name: losvd_38, datatype: float64}
# - {name: losvd_39, datatype: float64}
# - {name: losvd_40, datatype: float64}
# meta: !!omap
# - {dv: 80.0}
# - vcent: [-1600.0, -1520.0, -1440.0, -1360.0, -1280.0, -1200.0, -1120.0, -1040.0, -960.0, -880.0, -800.0, -720.0, -640.0, -560.0, -480.0,
#     -400.0, -320.0, -240.0, -160.0, -80.0, 0.0, 80.0, 160.0, 240.0, 320.0, 400.0, 480.0, 560.0, 640.0, 720.0, 800.0, 880.0, 960.0, 1040.0,
#     1120.0, 1200.0, 1280.0, 1360.0, 1440.0, 1520.0, 1600.0]
# - {nbins: 618}
# - {nvbins: 41}
# schema: astropy-2.0
binID losvd_0 losvd_1 losvd_2 losvd_3 losvd_4 losvd_5 losvd_6 losvd_7 losvd_8 losvd_9 losvd_10 losvd_11 losvd_12 losvd_13 losvd_14 losvd_15 losvd_16 losvd_17 losvd_18 losvd_19 losvd_20 losvd_21 losvd_22 losvd_23 losvd_24 losvd_25 losvd_26 losvd_27 losvd_28 losvd_29 losvd_30 losvd_31 losvd_32 losvd_33 losvd_34 losvd_35 losvd_36 losvd_37 losvd_38 losvd_39 losvd_40
[from data line 178]
179 0.0 0.0 0.0 0.0 0.0 0.0 0.0 2.3660301310972517e-06 8.854894058138155e-06 1.5840126452145254e-05 3.209893578114441e-05 9.378492048309722e-05 0.0008418372029483918 0.006071752721124398 0.016235190306320695 0.029399269368520446 0.05077179603928243 0.076500255826905 0.10547526134597827 0.13266610138992768 0.14494015494263837 0.13741695396953804 0.10936338562181137 0.08133316667122048 0.05464664351502022 0.032508225669703565 0.016528681428221663 0.004299021135411854 0.0006365265431869539 0.00011265269345068887 3.801743855115108e-05 1.6191691856081273e-05 8.965185917073284e-06 2.188015563366279e-06 0.0 0.0 0.0 0.0 0.0 0.0 0.0
180 0.0 0.0 0.0 0.0 0.0 0.0 0.0 4.865224220446916e-07 2.0646438981082507e-06 3.5645175008567864e-06 6.191077448044333e-06 2.0921666040940528e-05 0.00022414805389658673 0.00272158932972073 0.012643237211016775 0.027404007748211983 0.04933847653073343 0.07817722181611542 0.11096461927716841 0.1391124929201244 0.1496869448103435 0.14008928558975953 0.11415534997824954 0.08229537941059525 0.05321699196955635 0.02720946698120905 0.010909195492488245 0.0015430770482900114 0.00019938824386404397 5.12380304404852e-05 1.042762738077225e-05 3.4439167781264466e-06 2.005389822256617e-06 5.24993349267382e-07 0.0 0.0 0.0 0.0 0.0 0.0 0.0
181 0.0 0.0 0.0 0.0 0.0 0.0 0.0 1.3655090730679292e-07 5.790848327073954e-07 9.488636121296112e-07 2.496723954916378e-06 1.000651577700005e-05 9.101541435580732e-05 0.0009077610919017529 0.009030747758112955 0.024906336069172596 0.05084567140995846 0.08112010774879931 0.11671789618663052 0.14224216030419579 0.1512202407453767 0.14118155763082899 0.11500142646313426 0.08028459760321069 0.0503830206075941 0.025293134403460312 0.009578571287888646 0.0010865380570741594 8.034835161109636e-05 9.035436114016208e-06 2.012800041279184e-06 8.446689591317738e-07 5.506939382623669e-07 1.4792044475578938e-07 0.0 0.0 0.0 0.0 0.0 0.0 0.0
182 0.0 0.0 0.0 0.0 0.0 0.0 0.0 3.1729524480953434e-08 2.525897607750668e-07 4.792018958254463e-07 1.6415180165747468e-06 1.9978559287090545e-05 0.00011834033736271342 0.0007961598085205033 0.008612645994577634 0.024075477410131902 0.05033009236203953 0.08203374977608076 0.11840110852095803 0.14452076401899053 0.15399117492347422 0.14129010812880685 0.11203175510207228 0.0784222361727955 0.04874903073727553 0.025130746764141666 0.00998531039440262 0.0014051277750470777 7.723609041270757e-05 3.6002477185045563e-06 1.0139934213346122e-06 4.900991249283067e-07 3.0587473540529886e-07 9.473914943819981e-08 0.0 0.0 0.0 0.0 0.0 0.0 0.0
183 0.0 0.0 0.0 0.0 0.0 0.0 0.0 6.22975941566825e-08 1.5855429424734946e-07 2.7053160264057e-07 5.319798566021302e-07 4.9016220464907174e-05 0.00025802018080711236 0.0010075040957612817 0.008647984913223885 0.023783778616470706 0.050334542669831527 0.0840403148069117 0.11985837046156642 0.14799980492795256 0.15486120174294632 0.13965584534422215 0.10859254812599659 0.07601673535994305 0.04663733620965326 0.02500565918642434 0.01112388194501882 0.002007751989692163 0.00011528963674651389 2.0836454959909568e-06 4.379726305051728e-07 2.2484679198355e-07 1.2614441618549375e-07 2.542001286696272e-08 0.0 0.0 0.0 0.0 0.0 0.0 0.0
184 0.0 0.0 0.0 0.0 0.0 0.0 0.0 2.6206652647504023e-08 9.059173862822963e-08 1.9867820451471498e-07 1.4324173400198234e-06 5.9117538996973264e-05 0.0003005971783492223 0.0012920450048398214 0.008599082160443128 0.023687657552389257 0.04992617856810357 0.08435537252491294 0.12075616737072059 0.14957564682031257 0.1546061637253177 0.13831614158930833 0.10752087017431661 0.07529458537994609 0.046114129923702965 0.02524978498543385 0.012031947415999904 0.002177521070984522 0.00013236443690465297 1.9444258776154924e-06 3.2403670179687576e-07 1.2179831100534288e-07 9.50827803762077e-08 3.845695020759229e-08 0.0 0.0 0.0 0.0 0.0 0.0 0.0
185 0.0 0.0 0.0 0.0 0.0 0.0 0.0 2.818778122527317e-08 1.0121388417240903e-07 2.486014300662731e-07 1.4853065078263755e-06 4.3580334847713365e-05 0.0003414674822850981 0.0033052900608462154 0.014137482795353018 0.029455430466242223 0.054262726978168044 0.08663886441722615 0.12240700679559798 0.1494185494333968 0.14923610642535967 0.13353315441142116 0.10336361879485036 0.06969896520832289 0.0406921539481176 0.025295773736651848 0.01392695541722368 0.004040201320177782 0.00019702687176674489 2.637684531959363e-06 3.364402535842483e-07 2.100489988270275e-07 1.3992051731126147e-07 4.78240822554751e-08 0.0 0.0 0.0 0.0 0.0 0.0 0.0
186 0.0 0.0 0.0 0.0 0.0 0.0 0.0 8.125799919466112e-08 1.5473134494307647e-07 3.5338588626811496e-07 7.050696405697201e-06 5.5576332020247854e-05 0.00038890711186629387 0.004073837344913215 0.01690200918883866 0.03265936496503966 0.05598227663124583 0.08671459577372616 0.12239214494884422 0.14680020730345392 0.14339704281825355 0.13334739061198794 0.10347866413756257 0.068645859644701 0.04012258402739303 0.024826766112842822 0.014620877525029522 0.005195274122440598 0.00038105911758265677 5.762064834088012e-06 6.760879896580502e-07 2.998024723486786e-07 2.2293786144611738e-07 6.239387969888172e-08 0.0 0.0 0.0 0.0 0.0 0.0 0.0
187 0.0 0.0 0.0 0.0 0.0 0.0 0.0 8.95088743493817e-07 3.0226758232578097e-06 5.019652666484844e-06 9.878590190718538e-06 3.4151239139689156e-05 0.0003473362419947193 0.003695823155134687 0.01378698554421464 0.02764134740894415 0.04897033575013427 0.07788625993754007 0.10949860371012217 0.13804593576639113 0.14897136799639887 0.1384810260248604 0.11216589939399499 0.08243174116660318 0.05362688051597592 0.028808822031737572 0.012746346506082215 0.002448760661463729 0.0002886452826064041 7.066524102762101e-05 1.3071196757678576e-05 5.3939247769173556e-06 2.932424208336086e-06 8.304320568197851e-07 0.0 0.0 0.0 0.0 0.0 0.0 0.0
188 0.0 0.0 0.0 0.0 0.0 0.0 0.0 2.882912676819603e-06 1.0536353693542094e-05 1.809732830923558e-05 3.8157181028187375e-05 0.00010629329824335886 0.0010513869763988076 0.0064964663781308185 0.016755354521401967 0.029966541949208777 0.05181280446692611 0.07744385733453078 0.1066108945808165 0.13161834617907203 0.14195673722764726 0.13494063545306084 0.10841365468462538 0.0810414447362673 0.05562839304823073 0.03343652757931741 0.017008138257053544 0.004649887576762166 0.0007418300734588174 0.00013324412248826508 4.415221777806885e-05 1.944379135149417e-05 1.0586226765950334e-05 2.4929637673973945e-06 0.0 0.0 0.0 0.0 0.0 0.0 0.0
189 0.0 0.0 0.0 0.0 0.0 0.0 0.0 3.307317403966349e-08 1.2358633706953686e-07 2.6555002918401276e-07 9.087012146006987e-07 4.0124310528024204e-05 0.0004406891320647725 0.004874058446452042 0.018294606936548143 0.036221264177570434 0.0598042586128456 0.08929748007936718 0.12439871842383111 0.14469334843038745 0.13702279686936358 0.1314172494927301 0.10143899447733014 0.067287044348336 0.03998470830593412 0.023853455769514503 0.014265999155354737 0.006044849164625151 0.0006063147543881613 1.0969069452942039e-05 5.26211876668566e-07 3.2741712652190163e-07 1.769156255212551e-07 4.7118493286957544e-08 0.0 0.0 0.0 0.0 0.0 0.0 0.0
190 0.0 0.0 0.0 0.0 0.0 0.0 0.0 6.446552093881541e-08 3.569348567010744e-07 6.841915652293767e-07 1.4037640335132671e-06 5.623516117452029e-06 7.10275506924674e-05 0.00117184615243496 0.00964719443350117 0.025211323708790877 0.04964340736312331 0.07967262194598224 0.1140182287788506 0.1414596240628453 0.15219518200307913 0.14333947274335246 0.11771097147082357 0.08146501041149944 0.05025237221732015 0.024520654476008517 0.008670538581396022 0.0008391052976825321 8.718001406918747e-05 1.1983064127675326e-05 1.7432517514639103e-06 6.305671252385853e-07 2.874608724165868e-07 1.4526425135411634e-07 0.0 0.0 0.0 0.0 0.0 0.0 0.0
191 0.0 0.0 0.0 0.0 0.0 0.0 0.0 3.792530749969902e-09 7.023431216689432e-08 8.622013224005982e-08 1.5045525123418517e-07 3.248271719833743e-05 0.00020612932392525044 0.0008445604161594884 0.008129186853129437 0.022842335979880075 0.04980618793099874 0.08409241889250041 0.12058993029958005 0.14915684370503407 0.1568812843331798 0.14116882619525853 0.10915557440831287 0.0764538173850019 0.04606989825140948 0.02347427808482785 0.009592626799100992 0.001438633513856766 6.328317208905355e-05 8.031948545329517e-07 1.9195238520104758e-07 1.1440755725891548e-07 8.28445619709896e-08 1.2545556830268044e-08 0.0 0.0 0.0 0.0 0.0 0.0 0.0
192 0.0 0.0 0.0 0.0 0.0 0.0 0.0 7.433072258404651e-09 2.894305890206607e-08 4.5011363121891004e-08 1.287036259765085e-07 4.0843800270810775e-05 0.0003475423968895386 0.0022859700792120566 0.010678638245520478 0.025908806360681894 0.05133867941197734 0.08597288150670832 0.12461552095704026 0.1531043310379499 0.15346269847654925 0.13566477981995118 0.10295394454516454 0.07135649211757372 0.04211334847279653 0.024921374915185764 0.012497966119219335 0.0026267711698710963 0.00010824623068126526 6.981651012037146e-07 1.0344258650600879e-07 5.022045706722433e-08 2.246947801744966e-08 0.0 0.0 0.0 0.0 0.0 0.0 0.0 0.0
193 0.0 0.0 0.0 0.0 0.0 0.0 0.0 2.614663461301193e-08 1.1056542101004223e-07 1.5333291237870884e-07 4.5070916811606193e-07 1.7551784434724556e-05 0.00013695421939746323 0.0007339891372086033 0.00805687194520228 0.022880355469373236 0.0494453351925225 0.08290514016329247 0.1195225955484662 0.1474117657404316 0.1567509330823626 0.1421373847703915 0.11099675444952765 0.07778643578028716 0.04699990889445444 0.0236849346754706 0.009252287700632305 0.0012356468332986915 4.256532001148493e-05 1.071396291259983e-06 3.2257131306057096e-07 1.26166744652504e-07 6.237216276048679e-08 5.671128245893525e-09 0.0 0.0 0.0 0.0 0.0 0.0 0.0
194 0.0 0.0 0.0 0.0 0.0 0.0 0.0 1.4692389189070785e-07 5.945195940935183e-07 9.379735808202401e-07 1.8614718589481582e-06 6.068038963481122e-06 0.00011346961180669131 0.0017798952552210356 0.010875432828240994 0.025936910351325473 0.049000509445247135 0.07794195464380364 0.1113776313520239 0.1404729882114605 0.1526693417704917 0.1434569136628614 0.11757865733555728 0.0823465977283126 0.0514782635971609 0.024800101232045294 0.00905812364054284 0.0009274102632166381 0.00014020279793847026 2.6593522410365852e-05 5.329160339541324e-06 9.024047083264428e-07 5.82186674231892e-07 1.4972198188035475e-07 0.0 0.0 0.0 0.0 0.0 0.0 0.0
195 0.0 0.0 0.0 0.0 0.0 0.0 0.0 0.0 1.676260118816119e-08 2.4735969201018177e-08 3.380718870233767e-08 5.8602443104190213e-05 0.00024858855888349016 0.0008977982564543327 0.007545898328290278 0.022066189091415844 0.04874491656258485 0.084394572593442 0.12317218628398865 0.1531836552121902 0.15844627827717597 0.1409937960920659 0.10718170694098245 0.07530817066521951 0.04413700349318495 0.022803041839471735 0.009545000271403556 0.0012211961994675114 5.10613508591919e-05 1.4880788555352983e-07 3.3615416585010704e-08 1.7996608017971074e-08 2.3385047527149144e-08 4.0377676820862606e-09 0.0 0.0 0.0 0.0 0.0 0.0 0.0
196 0.0 0.0 0.0 0.0 0.0 0.0 0.0 5.920526108250683e-09 2.065231139987767e-08 2.0584946183663472e-08 1.3015509713787375e-07 3.4539928253729994e-05 0.0002877093614845362 0.003045144663793162 0.014396590008678297 0.02987503058171339 0.05481622213256659 0.08717698168239868 0.1257862268613211 0.15278457861470024 0.15020790329365213 0.13437588087586008 0.10080071705460975 0.06702266952956995 0.03859390539980856 0.023908478823081652 0.012923930216075566 0.00384566371893273 0.0001172661699109631 2.3211574287534296e-07 4.6130505661879746e-08 2.2186188129817426e-08 8.519047689202297e-09 6.469941053817992e-09 0.0 0.0 0.0 0.0 0.0 0.0 0.0
197 0.0 0.0 0.0 0.0 0.0 0.0 0.0 1.1010429869788152e-08 5.73679097736276e-08 7.72149205212819e-08 9.512477366557497e-07 3.625002185650359e-05 0.0003204113572752181 0.0037293160395020734 0.01658216535193923 0.03274580883383718 0.0567966228849766 0.08732451298031642 0.12456322010408576 0.14952731027188892 0.14503047060760002 0.1332937211027747 0.10185863439187826 0.06654799571190571 0.03876367975457547 0.023892932943708766 0.013764327705890146 0.004949852315931599 0.0002697572986594339 1.2734383595979014e-06 2.0234634168282002e-07 1.087499231513462e-07 4.877207736958848e-08 1.2179974432410578e-08 0.0 0.0 0.0 0.0 0.0 0.0 0.0
198 0.0 0.0 0.0 0.0 0.0 0.0 0.0 0.0 4.321790837026936e-08 5.841529631016956e-08 1.655573346921881e-07 4.67953331250907e-05 0.00031954315599872933 0.001426396019955308 0.008464604059828705 0.023332726284234728 0.04904917902975828 0.08453991900227897 0.12391518847511276 0.15337518124343244 0.15603813525479102 0.13795810627420713 0.10517723229805431 0.07398910902336697 0.04442027937881713 0.02452097554091745 0.011533730695461245 0.0017955157939940087 9.643898321405237e-05 4.19956532197216e-07 1.2201404976069357e-07 3.926249861115623e-08 1.1063315392137988e-08 2.3036741270899597e-09 0.0 0.0 0.0 0.0 0.0 0.0 0.0
199 0.0 0.0 0.0 0.0 0.0 0.0 0.0 3.791354931042394e-08 8.257149818505449e-08 1.8363820824789542e-07 5.330931894394956e-07 6.840537656932287e-06 7.661232271354316e-05 0.0007270433570619973 0.008620376866580957 0.023639788223176306 0.049055956268983736 0.08088117526900057 0.11694740760382596 0.14417173139699532 0.15401169463052214 0.14341372833891888 0.11562172032645603 0.08022829504446326 0.048921545032106425 0.023885487092103003 0.008894252342120075 0.0008248371156620252 6.676065344800967e-05 2.7671108222921673e-06 4.5406566102292545e-07 1.788384255880451e-07 8.092691863828005e-08 2.0594855255482356e-08 0.0 0.0 0.0 0.0 0.0 0.0 0.0
200 0.0 0.0 0.0 0.0 0.0 0.0 0.0 8.291712186652642e-09 1.467887010525158e-08 5.425251323263421e-08 1.694851605302088e-07 1.1368896090532438e-05 8.348081958380917e-05 0.0005995180057865069 0.007614999148976965 0.022178701209176643 0.0481392120519416 0.08173759468783381 0.11811372806782255 0.14775478780174017 0.1568866454860456 0.14422602986166186 0.11327257014815702 0.07939046222059958 0.04746102298124965 0.023087469935084547 0.008555301675667225 0.000850883130625534 3.455657882950787e-05 1.1616988149640228e-06 9.872892007887565e-08 6.373237009395748e-08 1.796000162185363e-08 1.1840577022333363e-08 0.0 0.0 0.0 0.0 0.0 0.0 0.0
201 0.0 0.0 0.0 0.0 0.0 0.0 0.0 3.228805709508982e-08 4.0528879629522705e-08 6.544452078864087e-08 2.681455834040351e-07 1.4763525465139483e-05 0.00034732132719703264 0.004658827430214799 0.017828417767074282 0.036214656502397656 0.060295161754027986 0.0898935867992591 0.1265443593751187 0.14756202821380746 0.1388688554450155 0.1310811228414417 0.09972333424368243 0.06502147895674859 0.03874872866596392 0.023126595002241478 0.013758204735217253 0.00586341183642268 0.000446451266758957 1.906591434588281e-06 8.898391400301119e-08 5.8360132061880796e-08 2.4248510316891493e-08 2.063362875212835e-08 0.0 0.0 0.0 0.0 0.0 0.0 0.0
202 0.0 0.0 0.0 0.0 0.0 0.0 0.0 6.534260812054384e-08 2.460401203277358e-07 5.661930772064445e-07 1.3528748034868182e-06 3.702735673357994e-05 0.0006780043408498234 0.0060468193231575686 0.020744524472464564 0.04249029051662131 0.06856703587624888 0.09622964047321657 0.12751519951906493 0.13473755411717825 0.12524606385579987 0.12002712357547944 0.09711941105288728 0.06927171295716028 0.04479254328027766 0.025080289251644555 0.01395107702435704 0.0065031256655608575 0.0009320545735757806 2.5823224596415345e-05 6.983033801288212e-07 4.580385951739263e-07 2.871754472777547e-07 8.434784250519876e-08 0.0 0.0 0.0 0.0 0.0 0.0 0.0
