data/processed/NGC4621-mock-iso2/kinematics_set_o.ecsv
# %ECSV 1.0
# ---
# datatype:
# - {name: flux, datatype: float64}
# - {name: v, datatype: float64}
# - {name: sigma, datatype: float64}
# - {name: h3, datatype: float64}
# - {name: h4, datatype: float64}
# - {name: h5, datatype: float64}
# - {name: h6, datatype: float64}
# schema: astropy-2.0
flux v sigma h3 h4 h5 h6
[from data line 436]
9.565423096119073e-05 -58.66160111116897 250.5567674565156 0.07159024906966158 -0.05553783840876848 -0.04206455844872453 0.026333482494173
0.00010507257108028107 -59.0219774390492 254.33420628278353 0.07812293865549683 -0.06474088467326675 -0.049702744218097394 0.03343142663698049
8.90625406800686e-05 -3.7974266330948008 215.57987635992416 0.0004737826141534313 -0.006251372590044663 0.006781252978096138 -0.012825168693580314
8.800960192138776e-05 4.462117762010936 215.36249105739705 0.00014458177330829844 -0.004414769732512962 -0.006709787860484536 -0.013069766647824606
0.00012671811180928736 6.841620663487799 216.60731783604672 -0.007137403974402151 -0.0002024299591528913 -0.006384460109829659 -0.01243997008350823
0.00010695653468458545 -54.805731303129285 253.7138257210083 0.06905100002945866 -0.06115866263329763 -0.04156490835891131 0.03010816586925657
0.00012075709303702509 -46.712593722488734 239.02579605839344 0.040655312018543076 -0.03241781634323307 -0.012255819613860677 0.011370160511364268
9.34976753676973e-05 -22.906821386804946 224.48183428305114 0.012454689627562405 -0.001526448754465069 0.0058463180162724735 -0.0056253483727768715
8.668458469791645e-05 2.362885107058635 214.84025937839348 -0.0007233531293196064 -0.012432978040549422 -0.0031949867990163088 -0.012545716348545406
8.529868656251181e-05 -2.5440088689471985 212.48898771150704 0.0011183037127688793 -0.00858462131286834 0.006018249273455384 -0.01242512859968993
8.630590059050183e-05 -1.2560688580584172 212.32188553775674 0.0006919658145768465 -0.015566743585136189 0.0036176922342585596 -0.01183465119213026
9.138315647005123e-05 41.77156776087793 239.11442297249627 -0.03545834982840507 -0.029837185600837205 0.00907453523868006 0.00956884891150905
8.732679025485667e-05 -10.152828576239683 217.886907368682 0.010853208970910105 0.004682206470697739 0.006488454669425877 -0.012031085553767628
0.00013503906355125095 65.91772670753545 249.22867908535326 -0.08460701727536044 -0.05593340652962695 0.05232404575529658 0.026463926422388685
8.50318333124934e-05 -6.725038133160499 217.1900448732982 0.005100894676502564 0.0020276184920267233 0.004085599138266621 -0.015034308751787451
8.802075001796969e-05 -14.907538069006861 219.31377830849982 0.01120158629110367 0.007923888660692787 0.004534224999535282 -0.010942259682738818
0.00010074428519056358 -44.43977741475528 244.89898137551833 0.04471884483334878 -0.04071156672776093 -0.017637956247908496 0.01464627705128789
8.292753606656564e-05 0.29025750601642375 213.8834530623367 -0.0014964719319781367 -0.020637072272904722 -0.001054443874544693 -0.008904487161919694
8.75338598906368e-05 -18.21019714617986 221.06123055738325 0.010537297513505753 0.0021594489307831866 0.005569455185907927 -0.008256729750511307
0.00010692025435459916 -41.00682988535029 230.6420289629851 0.02806708704042018 -0.017539977107892714 -0.0012951169298275962 0.004098766739266709
0.000123313532586037 65.22358761701048 246.935382213865 -0.07923669901228986 -0.05155586335224322 0.046618401330572906 0.02327196111683197
0.0001342717781806005 60.801392749018916 248.41382775510226 -0.07328807730721719 -0.05244611327395111 0.041983230951834725 0.024304153663015915
0.00012094110686280277 25.00967920764174 222.24294113878443 -0.011183985461919508 -0.0018045889323723677 -0.007309565791985853 -0.0031299963392561066
0.00011503338730332475 4.805889765154506 213.49570753274241 -0.006496302440369187 -0.007455924445144872 -0.007004982977081481 -0.01227045288893912
0.00012342647872715465 35.030238546895866 230.62807341825942 -0.02182383196930839 -0.016536684970179804 -0.0019059044616384655 0.0032771393842569076
0.0001134279007276882 3.270167241024967 211.4612244023541 -0.007166633700758354 -0.011432564671850961 -0.004692600176753593 -0.011124971417840078
0.00011390745552108188 -1.2449480303521518 211.27865097675462 0.0014093736651989205 -0.019531871977284745 0.0015142885590230684 -0.008656240076218819
0.00012134303799536447 -12.1420265700972 216.84950454782657 0.0114115836793704 0.005732735304295566 0.0047551175762970445 -0.010903898329357502
0.0001131441587297891 -6.137725665086387 213.1460690032769 0.00957828370391097 -0.0019660041249237306 0.005858787586424941 -0.012628773255468658
9.090324887177237e-05 -31.865244351499936 230.8158253984728 0.020387344103240838 -0.016193097748168444 0.001173175049802226 0.0020327088613808822
9.823018720900316e-05 -62.45010390413495 252.07318651488802 0.08164646512125724 -0.06072743014812267 -0.05181173465848482 0.03024311425722929
9.881803834719768e-05 -57.24885683037994 251.02193143389735 0.06964208856951419 -0.056010762621004205 -0.040847942072910946 0.026660048921187316
0.0001241396344209742 -55.696119779159524 244.93565364533035 0.05927086875858577 -0.044650727885183636 -0.028479719054780844 0.018352615829550754
0.00010751089921302517 1.2174976539362992 210.30449016869278 -0.005755858664649699 -0.01737553117135764 -0.0017421667561310188 -0.008644901697321213
0.00010956845982748051 -4.657671513903799 211.07878937084638 0.009780127768856785 -0.00613207141211319 0.005686899317624695 -0.011582795878776477
0.0001127197168500666 19.56220419381432 216.4210142505669 -0.0112052222729656 0.007226681265911903 -0.005247146739446376 -0.008442930517621156
0.00010338277296222416 0.648579924393949 209.9017594003841 -0.0004907316876006475 -0.02078326202175281 -9.433610782658288e-05 -0.006667258145993398
0.00010894721849606204 -7.415355456067327 213.31332232676567 0.01155735477116221 -0.001436963862148536 0.002872178627529912 -0.010470000797723908
9.281616387925237e-05 -46.0489368204906 243.0733961178261 0.04434141211990695 -0.037916463096422284 -0.016749965310256545 0.013682943700709035
0.00010737844246369525 14.087928260122927 212.9659757157898 -0.01556315466174395 0.006902718713620965 -0.0028071874739132602 -0.011237001676274214
0.00010620163338618334 -3.568934077982312 211.06770736751426 0.006324124509927737 -0.012715081744454022 0.0028098979554808394 -0.009764466754014085
0.0001208124294727306 46.88081798450531 238.9235625324446 -0.040744637059985885 -0.0316476914441061 0.0125446293483712 0.010494834472796689
0.00010108392755480718 5.249201824215469 209.93443979908366 -0.010802014742640599 -0.004975770894140297 -0.004744528465384019 -0.01028422706459632
0.00020511375666407982 7.922828275726518 212.04174181777998 -0.014157418136511701 -0.0007485673568510982 -0.004857090576920346 -0.009679402053633629
0.00017836309861612767 57.998285584037625 242.18656615243188 -0.05966964242321844 -0.04185751579371484 0.027649357616860777 0.01673545786202184
0.0002804191662681082 46.475051600827136 229.53112193347428 -0.034592132894761964 -0.018401304509197237 0.005152521067459578 0.004439365899399916
0.00012436409415516431 68.77029066318191 246.80784961477295 -0.08723127462724617 -0.052588868039420554 0.0533278369158327 0.023866398127040542
0.00010752402790521387 27.93884963381612 220.42076078472493 -0.011897987487344493 -0.0003595173285252526 -0.008346782985348017 -0.002243427052284412
9.807105407871627e-05 -2.4720016472073443 210.25241824294784 0.006867379189857902 -0.01848460592729791 0.002095239717252152 -0.0093010708311304
0.00015258122054139035 -24.151115195488796 219.43845676224308 0.010450256333579544 0.0018980216158461633 0.007699946681232886 -0.0041682918677635565
0.00014887502609519762 -19.199473177283096 216.09314098394375 0.011441525118186717 0.007320492091446083 0.006450736990436982 -0.008370406247542804
0.00011707396268458837 53.97377614552359 242.56294585200914 -0.05370451547847169 -0.04021230935317105 0.02366773678468823 0.016162290671374223
0.00010374907536454184 -11.424959717914446 212.41826618221447 0.016848259187573197 0.005769229983609002 0.002515292744250206 -0.010188308818976862
0.00011038779545505874 36.39484640490093 228.2556198567186 -0.022228153525078613 -0.012952385287102042 -0.0023396017655564283 0.00272157680607281
0.0001190138843686896 62.45019561056087 245.75832995282641 -0.07233651743777907 -0.04847336005845668 0.039571354940704975 0.021867090432566225
0.00010280981961738115 22.27495043915521 215.0491821206171 -0.010055636942460583 0.006417469375494858 -0.007475415535722167 -0.006364815645800864
0.00012113893312422254 6.656129034976509 208.19282954300851 -0.015603147436457241 -0.0071332060011504075 -0.0013821290218669628 -0.009036377562237855
0.00010489747919762704 -14.39425359748929 212.45562940400777 0.014756317506190374 0.007287127670323888 0.0022657056809878475 -0.00996769270914509
0.00012248319038069369 -33.418987379681475 229.12687594229445 0.01971944090890101 -0.013553983664984105 0.0027245268595320143 0.001963740324798675
9.27421182282679e-05 3.3909753203188937 207.166566771808 -0.007745201030013818 -0.016004351964658634 -0.00020615504851952127 -0.007947220496823518
0.0001301342259797744 18.96632681658489 211.8912846117327 -0.014474670547324025 0.009262480936033693 -0.002570344213870402 -0.009087472819435375
9.407629342274153e-05 14.146015437584724 210.3768936311435 -0.018355721806386383 0.005041032932737732 -0.0008786793785130961 -0.009380877283581692
9.433279296360033e-05 -5.8913017911099965 207.89395709094336 0.012903967251628746 -0.009183912336761278 0.0008232903909542468 -0.011741814195812866
9.644633110861883e-05 -7.092760488039843 210.23169535108462 0.015077783561216189 -0.0027724419573171965 0.0032909767088596543 -0.009369825772442358
9.246445248961597e-05 -63.416762398778445 249.80102963719966 0.08001931745011137 -0.05606891748077815 -0.04892224528019646 0.026901044199811937
0.00013115274320713756 -54.78898150286823 246.01472005236937 0.059431706309143836 -0.04584237438140533 -0.029666963626951443 0.019078862396656814
8.944435738477623e-05 -65.16503815445142 249.25450112730948 0.08275059181616143 -0.055908481209498644 -0.0509186875937834 0.02658819329340292
9.191641935979763e-05 -6.687748900918583 208.66801312818748 0.015939211557425653 -0.004162133456460517 0.0005796258695195446 -0.009296542077136732
8.883070417290961e-05 0.6590725435382893 207.74115040398544 -0.00465198926481167 -0.0196841465527119 0.00015225864336448124 -0.006007958619369119
0.00010977342810370542 -27.89386557524602 220.88982951368027 0.011970599201609318 -0.0014695899101612481 0.00812951492586541 -0.0025295537763773946
0.00012256571360352977 -37.662073080518084 221.09760296846997 0.021698585967617503 -0.003191213413565996 0.004048812958985627 -0.0016267741877447532
0.00015867036846307691 -42.06562423193956 234.98961233472477 0.03191383355679536 -0.02433258103359246 -0.005121697881201884 0.007292417213738213
0.00018099937486201894 -31.330644731199225 208.72015513823504 0.014878801500582267 0.014031848660798986 0.009020933738640767 -0.0092527959970258
0.00012298056487216181 -64.54319225534748 246.59369983430162 0.07800007035243645 -0.051086264241566516 -0.04485681102352382 0.02298176268515064
0.00015818390624383242 -19.63610669829658 211.62366920206267 0.014285662814642894 0.00933710147540899 0.004802187170844872 -0.008985678467635238
9.608412462600806e-05 -44.08487615974818 228.84755960861384 0.03136647385979455 -0.01631410679868722 -0.003096619367632804 0.004073237627995092
0.00010450986887203305 -51.60648148504802 237.8241285069316 0.04635776046347486 -0.03230940387253915 -0.015808223694067577 0.011603610490263861
0.00012329857066887344 -65.09824241237105 246.61681425808112 0.0789611187254938 -0.05133701976019818 -0.04647813824060046 0.023439160240942464
0.0001260672172100296 -68.74810320567573 247.16392751307455 0.08780620548878239 -0.05309523004968606 -0.053808920578097205 0.02420566805614472
0.0001526492070410201 -24.895083939042916 211.98826724178994 0.012977724332243444 0.009732038653812485 0.006591989096979977 -0.007964549064931485
0.0001530341119905281 -54.42328754720495 242.2166387698311 0.05377211561282311 -0.0396520748745194 -0.02342826608662791 0.015397013808338774
8.673431626475856e-05 5.360184098497535 204.51984227146994 -0.012435018359298295 -0.01042760959235214 -0.0010300653195581123 -0.009756977355892349
0.00011228228112112037 -2.3270142518171886 204.27269826600727 0.008139108282586217 -0.015502423623400603 -0.0007247524314583885 -0.00803498308146542
0.00011624350686546448 8.53491912399504 208.15086364746898 -0.019426822175119776 -0.005179504106882832 0.001490254791497786 -0.009011132906788859
0.000111067466488608 -7.047690609449074 204.92185607543544 0.01623290997305058 -0.008196364046943766 -0.0007838216652205571 -0.011942957150308823
0.0001750190194168313 -13.75943146726328 208.6021954193515 0.020895415154186057 0.0024337174993728635 -0.001220219151291161 -0.009032915236431075
0.0002635664509801531 -45.72146931170465 231.2241051781527 0.034436203457153876 -0.020326864709921774 -0.005424618422833468 0.005575209194803263
0.00013848100982472047 -9.053565719791592 207.1413144664877 0.020466838873334846 -0.006732248248811675 -0.0028019217425674318 -0.008549045440857014
0.00010778138564061696 2.7628009626893584 203.33849957656363 -0.007833375259702955 -0.01496564974619975 4.124437419493303e-06 -0.007575742336071169
0.00011149356002858711 12.264697645427377 207.21410614805512 -0.022690471897996178 0.0003649610999984494 0.0031653885290866485 -0.009090005683499472
0.00019183297932699934 -20.970823773649386 207.08256059528554 0.019623136965124435 0.009853388945983825 0.00029154120185679797 -0.009550372790730647
0.0002583487631019916 -34.31707539030065 220.87466934748088 0.017794123056385773 -0.002157298749165707 0.006094578470352216 -0.0013326471614348548
0.00014297168685070447 -60.70255010656257 243.1350481756555 0.06533334999879294 -0.04446232646689742 -0.03290628380315116 0.018393973012667507
0.00016354573871537955 -39.62997716432916 217.29647342862532 0.022700060263651903 0.0012518240429880874 0.004541516221944373 -0.004166243893657544
0.00012793581667418588 -5.257272247924732 201.91363732969378 0.012679589335377694 -0.012376892963796458 -0.0026801957800584655 -0.009761967805067677
0.00011398294012860111 -70.12431014222376 244.98877265389555 0.08662242441403747 -0.05013348454678753 -0.05130660079101177 0.02171353013479084
0.00010695194445615826 7.391494705148421 204.29968806650186 -0.016026663147153525 -0.008484325237554623 -0.0026618726664533222 -0.009966457579624381
0.00010374779779955347 -8.259840171755297 204.9368430577664 0.01750568237652288 -0.007986799635130435 -0.00016321017178007585 -0.008452890139021493
7.622458951795142e-05 10.05281768070682 205.17365352303275 -0.02365862333075502 -0.001526652361313014 0.005324937169380385 -0.007690195331306812
0.00011365085454524899 17.91669784808675 207.72279403648994 -0.020492096170449496 0.007412347687031332 0.0007828886929101096 -0.00966978366479644
9.275464725076468e-05 26.04976063289561 214.31378802623553 -0.011828224719938005 0.008059535752522528 -0.007904493131732507 -0.006180136277899278
0.0001966083279838885 -14.323336231921134 204.02483277328074 0.02628468049453034 0.001333536401834367 -0.00739099313066556 -0.00910842253296266
8.883669824320241e-05 23.539760788476737 209.54384136805683 -0.014347560038082493 0.011201382531627559 -0.006474853365334445 -0.009053293715077371
0.00010335922688935936 41.447070937588435 229.48779839070164 -0.028394976567355103 -0.01641376799547565 0.0015308729192629027 0.00448856630163207
0.0001256409942854307 34.215734720677645 219.2194091290844 -0.01727004668242739 0.00040822337971119574 -0.00682089223104869 -0.0024397090365612783
9.733842304201167e-05 -1.1812508774462989 204.04756878474976 0.004099492196113256 -0.017018183186049304 -0.002869939412777942 -0.0063459965294288545
0.00010779280839428065 22.715214732358607 206.9654940415292 -0.019281695143633724 0.011614168862378796 -0.0022888927841892134 -0.009558211254145056
9.783026023175248e-05 5.819406264634537 203.302326159481 -0.013142090083640983 -0.012464317723639968 -0.0009739150507092811 -0.00867447688633211
9.69106131877285e-05 10.653585445099521 205.00860206140382 -0.0244489946765749 -0.0096936868576745 0.00521333600664186 -0.008048065912467404
