data/processed/NGC4621-mock-iso2/kinematics_set_o.ecsv
# %ECSV 1.0
# ---
# datatype:
# - {name: flux, datatype: float64}
# - {name: v, datatype: float64}
# - {name: sigma, datatype: float64}
# - {name: h3, datatype: float64}
# - {name: h4, datatype: float64}
# - {name: h5, datatype: float64}
# - {name: h6, datatype: float64}
# schema: astropy-2.0
flux v sigma h3 h4 h5 h6
[from data line 109]
0.00011063896500838293 1.1242396596846063 216.4274555554982 0.0014417794672050704 -0.013254028999689147 -0.0006812228448746267 -0.016179435536683846
0.00011141333347269085 -13.678232160816835 222.85642585531974 0.01283040041462399 0.006295832569932385 0.0036914711294039693 -0.01376273127084407
9.9163321569458e-05 -3.7056556991276537 217.46107232524403 -0.0012244034397070828 -0.0013762811517302506 0.006327248211030523 -0.014712989360894055
0.00010144845873611882 -10.401238879195903 220.3356954291876 0.010498053966428998 0.005387144833019969 0.0017231754386197698 -0.01192086717247818
9.778200333562922e-05 -6.888406805196959 219.01401678808892 0.005073356062022068 0.0032518032825136754 0.007064492667900108 -0.014467997248208039
9.755403375522103e-05 -1.3057510727345076 215.25370092805127 -0.002169125069510219 -0.010217354087673063 0.00463650003347792 -0.014850030077498964
8.448983445706367e-05 -28.511819845335605 251.01137856118504 0.026960989187245682 -0.04505569328062783 -0.01298735305926361 0.009472843817929025
0.00014859283627678484 -29.842810810840582 247.4723705736114 0.028596789277511105 -0.04101032853304701 -0.011306671770122994 0.008373540815688555
9.05867584893964e-05 -28.7838130242343 255.67657013360028 0.027631826170050985 -0.05241027169959197 -0.01477965916854931 0.014503594957786518
0.00010768131177993141 -15.815278317322493 223.9052432168241 0.010857268795061749 0.004007602164746469 0.004113214055817324 -0.01061567532472115
0.00013041240472520235 -25.02568428154206 234.13858886944786 0.020039361164365495 -0.016978754469524807 0.00015681910871667704 -0.005851628230687376
9.42291524345236e-05 -27.96555558220642 255.07094504113837 0.02646830593207132 -0.05124520962231824 -0.013592162359634384 0.013087647592162502
0.00010526734396927532 -15.826057569798278 243.6440331129163 0.00997820861475853 -0.02802587701268573 -0.001690109234171185 -0.004854466806692865
0.00011537601399913478 -5.964087677579217 236.48935783048253 -0.001299964030755277 -0.01686665949794583 0.005821994771727202 -0.01183884068084866
9.45533724722528e-05 -25.006885933777436 251.8234423485641 0.02180898728853382 -0.043748637370775084 -0.009716060728744591 0.0064782880859144115
0.0001232996973581389 -0.1778740132703418 231.40979627951953 -0.005116895201290997 -0.010238886793346998 0.006319242216040583 -0.010558363287385108
0.00012762832532901646 -4.370855232705297 214.75401744117235 0.0015234388415888 -0.0022518170904251783 0.007187277817423866 -0.012401665298045084
0.00012644029516327491 -7.457530863742108 216.47386281664797 0.009432492370292818 0.003538536320528027 0.0047539566325290545 -0.010627393374367328
9.225799368168165e-05 -14.019854172795448 219.80713827449256 0.011942542268661007 0.005563323997955855 0.005374813963113312 -0.011939188134941053
0.0001038827606058205 -20.09177900696968 225.66552641575393 0.013255826130382146 -0.002668281533198036 0.003070370557746311 -0.008041993894163022
7.764488183809143e-05 -34.33259415765574 254.9620020041805 0.03629487440321089 -0.056028752043324866 -0.018904038985950628 0.01994017091207814
0.00012589273972054844 -2.4967905942165025 211.48285038645864 0.001578790815160097 -0.010225534299231053 0.005233266309493741 -0.012192882469048573
9.28078118886537e-05 -0.2614973495794679 215.23557609948796 -0.0003107761659384811 -0.018186103055659212 0.001626940330156315 -0.012098489313176725
0.00011991765878139155 -9.785667943578641 216.13487550051215 0.010648491498461884 0.003595898335018603 0.00507394165397748 -0.01055953054390581
0.00012355028336457133 -30.071088253943152 237.08846643220565 0.02589888645319133 -0.025729149836860598 -0.0054273132469908805 0.0011868208339084131
8.218572577870023e-05 -34.412563838935924 256.73133817661335 0.03691090548397989 -0.06034222094578465 -0.021138325345752374 0.022378699203913176
0.0001055639939639012 1.0203623422089962 217.25793026549633 0.0022162237936783715 -0.011552362223979804 -0.004166959611951966 -0.016425842999290948
0.00011108478533245316 -6.480048742891505 213.14638729773642 0.010785528423450793 0.0013332289786750352 0.0051590769570984 -0.010545112299584585
0.00012118349219115713 -14.164032508963519 217.1981487534589 0.012873643094443683 0.0065632554482087015 0.004770723673405811 -0.011314619108273994
0.0001112882861833298 -4.986076956171423 211.9571004044856 0.008648069476974527 -0.008000557564606658 0.007308262548731235 -0.01153045975435992
0.00012078810516860292 -0.832244805809223 212.49744016047396 0.0015607036610511614 -0.019547946183116435 0.0004043575528637998 -0.009056827778294188
7.92405907890206e-05 2.532995282119139 221.2311735733709 -0.0020804571133116174 0.0012409070011240855 -0.001790646965657814 -0.01630001308466279
0.00012865892232266366 2.152015732773025 219.35721689743988 0.0017074315723750227 -0.0007651877958881684 -0.0027675227392990097 -0.01819517215178421
9.204395509614409e-05 2.2744737336365173 223.50973091198588 -0.0008940407749556093 0.000176941042449734 -0.001814117085496158 -0.012749081224805328
0.0001093482975197144 -3.3267610737932167 210.1969935204874 0.004649835275005015 -0.012168233803652213 0.0022964692257493396 -0.010855701124581682
0.00010007484390205699 -24.968047964301896 227.97752826153143 0.015601733923465812 -0.0072344294439655385 0.0036984129771411747 -0.004638776491807396
0.00012686914018700742 -18.378910071104055 220.36430090468733 0.010248423909980662 0.003853535152533523 0.006227276235116224 -0.00738535252331779
0.00010006868363405859 1.9516569144752645 215.69475232360668 0.0025870453570026575 -0.008493985859524667 -0.004641265511712234 -0.014707847499868996
0.00012604019089177898 1.0069193683162705 212.2581655297181 -0.0009640944740881576 -0.016674192578893278 -0.002312216444597228 -0.010981348458970717
0.00010708069058266932 1.1385745560622518 226.23980720110987 0.0015009379223939363 -0.0037065684908553797 -0.005078244784030289 -0.010168497562624635
8.433588603605031e-05 -32.69036338489948 256.37271946453166 0.0342833090592495 -0.05731861505058293 -0.01921742715016464 0.02040920216960191
0.00012327910451187293 -0.054317281911890725 231.6969250496957 0.00506007215278922 -0.010089254108862876 -0.0061595182546831245 -0.010626303981540946
0.00013526254724266357 -11.308807062486967 212.62199271564765 0.015796969142350535 0.003154889980217414 0.0020026075129242716 -0.009672796978271217
0.00011719401730875907 -35.61564639374457 241.93640065177047 0.03361899783820594 -0.03434188648595293 -0.010782549410926568 0.007948697427699132
0.00011359822619549662 -18.17634005886309 216.75070382400403 0.012162172708781345 0.006363688561994105 0.005961157422150006 -0.008833766585417225
0.0001387218251273409 -39.34406993095521 254.95228168876926 0.044905497179304046 -0.05933392009592523 -0.02566763459586182 0.025001648772196877
9.64517054582942e-05 -28.806558362874448 230.03108931086075 0.018093291001569842 -0.012512160452017624 0.001826087161865612 -0.0013147848685555001
9.169904177506452e-05 -21.027147347975696 244.95918846829605 0.016001748936172153 -0.031047286761365415 -0.003610396309476754 -0.001978422022449544
0.00015095634404189135 -38.2538684613766 258.3691473984065 0.04428036412064037 -0.06513482421777057 -0.02614587671139845 0.02819879246605034
8.384537347308317e-05 -29.481942080013 251.68787682269598 0.02895011163598377 -0.048643638300560114 -0.01377608237466254 0.01173955394179546
9.890804386560635e-05 -12.259080238238674 236.1955440760256 0.004944225749841405 -0.013685398123277978 0.0034962483215583264 -0.012665932946135203
0.00012591560493687573 -8.232926595797137 210.02719241787221 0.017854299606587534 -0.00389595347672257 0.0018037531769381258 -0.00959832762962332
0.00012589090603125198 -6.027377382806089 208.59504335629003 0.014465150128014033 -0.007899637951994378 0.004157408633418338 -0.011573252939315968
0.00010344924327172334 0.15649149664833767 209.74840099919697 0.0014569414599479487 -0.020411571023412678 -0.00040325133181091845 -0.006966958675193673
9.815284355134578e-05 -4.299554386462285 209.36051014647023 0.009838522421462721 -0.015337979558131504 0.0010726729876587928 -0.009601319711116673
0.00011965196506312763 -5.831181217295676 207.35065298849847 0.01194180364603304 -0.012241852880299707 0.003821798153622478 -0.009536710799607374
0.00010064879191798894 -15.872555239484234 212.95160848211452 0.015176211693373453 0.006977810656812576 0.002410498947325369 -0.00938704839025055
0.00011470747823871198 -15.422114217916434 208.3566432699134 0.021507582970907012 0.00455620648859126 -0.0025105708461550724 -0.009439152007880132
0.00012097399348980503 -25.60831988035102 222.23918824089685 0.011250676858990678 -0.0014888202904775113 0.0074308500904427316 -0.002906448845566834
0.0001112883731963153 -40.50049978831006 245.85514171829834 0.04122556725064243 -0.04231535414801983 -0.016732282847277243 0.01469341935294421
9.291112314875671e-05 -32.668576354789465 232.23537535679864 0.02179666107354108 -0.017764327021531946 0.001250157823963751 0.0022784740511645626
0.00012909559890569118 -44.60320469587688 257.3309743388013 0.054324783423889265 -0.06562226395401487 -0.03299884558979651 0.03188360075521081
0.00010280566253079333 2.7264291654595 209.01011641894607 -0.0037402358997413046 -0.018755214903934555 0.0002756466269489092 -0.007975236798921965
0.00011176997675441626 -11.297800489630436 207.63434900551562 0.02246533544904397 -0.003761730777322611 -0.0030989749946783874 -0.009040716112002413
0.00010757007447315521 3.7542125078786004 218.9437561511769 0.0015905297995942613 0.0003645617265467033 -0.005338371101533196 -0.015544742760681483
0.00012073693179910411 4.554911536271763 220.1378629733208 -0.0013059095488394121 0.004472211503981396 -0.0029788679902069725 -0.018158175580793377
0.00010907521384656597 2.3700012634614014 210.27599329165474 -0.006238254173136462 -0.01438702049676606 -0.003103207367988332 -0.010212479932478652
9.45600400219611e-05 2.4763621012733887 215.3823084992726 0.002968805848283431 -0.0056305058026848735 -0.006464838160759105 -0.013272890992913814
0.00013615332648036485 5.4426665858337815 221.32493279966232 -0.0026096582173920696 0.006179638979048104 -0.0011920526521821376 -0.018176230193739908
0.00015407910338411382 6.1331919865582885 223.0306133287766 -0.0030285486016808473 0.007001788721062971 -0.0034724489900409858 -0.017956948424883424
0.00011463454773671787 3.669596494866487 211.92355753703762 -0.003797883463785489 -0.008734320028137114 -0.004938532740435293 -0.01200145877383654
0.00011738776849814891 -1.1931572044597858 207.45980422940474 0.0019281345548111967 -0.018873071648021718 -0.0013144238826767983 -0.006765309415756439
0.0001097711448162352 -4.2574006304371945 205.76452517845559 0.011023201126831734 -0.013413060466468776 -0.003025797919929781 -0.009164435667772315
0.0001317647710011728 -8.342124159665433 205.51420418262717 0.018083922717133275 -0.008853858036393401 -0.0020293117737045854 -0.00969927615807265
0.00010416139820231003 -9.441924270787716 205.82852751883294 0.021311635218345146 -0.006590635400357559 -0.0044009676974936995 -0.009226565464777535
0.00014804502277281943 -19.701521742388223 209.73101534960628 0.017528960086900823 0.00899452741275033 0.0008497904775644364 -0.009681280854449147
0.00010166634858436948 -22.138917936160162 214.26412267763124 0.011999065911822183 0.008305250850017994 0.006006086285086596 -0.007402395833660587
0.0001291790430377252 4.112931123372354 215.91411615306453 -0.001959297720922827 -0.00322636193219021 -0.006160110980430639 -0.015432724619200571
9.266594492238949e-05 4.801909651866925 226.77406811412524 -0.0019252686937327257 0.0023842054454618665 -0.003680486552335889 -0.015262594070788504
0.0001421504790270056 -28.245632371541543 219.43463887885937 0.011689053441387017 0.0012529653131308973 0.008349804992521163 -0.0031082292452574646
0.00011218887155901284 3.740257704969151 206.64260662710788 -0.006146639849065088 -0.01795068303857765 -0.0003850481183430743 -0.008018872324093474
0.00011874529502765328 -8.45529479537241 201.54813995730615 0.015436749861546945 -0.009338915930811912 -0.005388781621881335 -0.010663006688449647
0.00014901415581843413 -18.034823666353503 204.57493107158425 0.026198056333193533 0.005895453914775118 -0.00603141482420347 -0.009947259713317174
0.00012016429136796397 -6.194903844589271 202.9477560124031 0.0133843258901303 -0.01191984597081187 -0.004069673128940424 -0.009064978843891857
0.0001220786536399292 3.861879080721324 208.1046916130813 -0.010631960082551344 -0.011615458756256929 -0.0016483501599483582 -0.007736649764224747
0.00017070450877328523 -11.516691391986583 200.578954631156 0.022343329345827685 -0.009642316458530663 -0.005932509222635875 -0.0124324205518672
0.00015466354286515372 -25.02964744080367 206.28641285629294 0.01978670269099843 0.012051103103432301 0.0013929161716633646 -0.009782898004508524
0.00017807866529664595 -25.43919830798845 211.46992217776273 0.013388466550251823 0.010408273542304797 0.007131376856590731 -0.00819526266251666
0.00011649365573456898 -13.290882762488447 202.71793172907837 0.027260794566125523 0.0009277510390041641 -0.008235519411842574 -0.009507160633901921
0.00014612657743062597 -0.7577328662097962 202.53636459969394 0.0027446099354678775 -0.01565467657115834 -0.0005337110039083887 -0.007114430632963269
0.00013156706209456484 -2.9782473753011924 201.37686970788926 0.008302936881714355 -0.014429731633983381 -0.005208258902543445 -0.008107760660981652
0.00012355734091561648 -30.719484944691015 216.35678094006144 0.014498431850736671 0.004491568581565262 0.008111765205940718 -0.004869422017083522
0.00012878657168569166 -39.64656810120546 235.68804373300662 0.030009817035424883 -0.024791995675735323 -0.004454847237743578 0.0065707048591888695
0.00011292248804325624 -34.129098761872214 226.7109054884223 0.018776861227655327 -0.010271820849365943 0.0042995318206963595 0.001271841809142448
9.730205594469423e-05 -41.64823179535817 240.84699422258373 0.037204313359676555 -0.03377674924575776 -0.012167504553699384 0.010575244427808593
0.00010696716916108974 -49.549236665835096 251.17358218180036 0.0574895447524595 -0.05415723194722423 -0.030927213010824368 0.023902515376433637
0.00011391655795905562 -51.81597391273169 255.63402028107856 0.06527695960856127 -0.06483938599614202 -0.03996274832482709 0.03254293446042707
0.00013772603103433953 -42.739885000023826 259.0535586421225 0.05228440366384908 -0.06889480504437945 -0.032733314356945625 0.03358137324325712
0.00017878348243108988 -6.903844080984583 198.0155723901908 0.013925236340873332 -0.01202250671137748 -0.004915728707725742 -0.008235248312235221
0.0001384754837013235 5.602607102859009 210.71384512103134 -0.011474033692256786 -0.007138961948337284 -0.005007674063443838 -0.010879893518817449
0.0001229980726645132 7.0459167630729995 215.59760569499736 -0.003759706455440803 -0.0019345264593643116 -0.004580855354009672 -0.013582494402226693
9.10919285923655e-05 6.285660834213723 207.11353767477954 -0.015097354003332682 -0.0060819381415149875 -0.0045847472968122815 -0.012695434549273243
9.304108988570465e-05 6.851476105641365 218.36391951515571 -0.005165499734445932 0.003141980269582669 -0.007598724357888715 -0.01490424298004233
0.00011751199602652465 2.518873571494518 202.45030471495383 -0.007817423096954549 -0.015096368067031308 -0.00023049202927764682 -0.007603761963510521
0.0001275534469216867 6.206129387054677 202.8909410580205 -0.013970630759512982 -0.010991903910782025 0.003640666801322138 -0.01009356734244841
0.00010209744614892234 8.271572801723858 219.82084822081117 -0.006992418719778741 0.00793895349811096 -0.004614734471240744 -0.014171417345709321
0.00011250660138485051 9.88244517388964 221.27406792839275 -0.009139882070463963 0.006908793662271798 -0.00192106297090391 -0.016640540250926483
0.0001045988301600593 5.113431206362511 230.65403942415486 0.001813713733238004 -0.004614335508435244 -0.00630407814572549 -0.013203585470861296
