data/processed/NGC4621-mock-iso2/kinematics_set_o.ecsv
# %ECSV 1.0
# ---
# datatype:
# - {name: flux, datatype: float64}
# - {name: v, datatype: float64}
# - {name: sigma, datatype: float64}
# - {name: h3, datatype: float64}
# - {name: h4, datatype: float64}
# - {name: h5, datatype: float64}
# - {name: h6, datatype: float64}
# schema: astropy-2.0
flux v sigma h3 h4 h5 h6
[from data line 218]
8.141285950961684e-05 8.49891901140002 226.12536031017365 -0.007249919720385997 0.0056744826804148215 -0.004791296679595325 -0.017847228153076912
0.0001012311224285904 -0.08039320969705688 198.77759724089566 0.0023028454920094605 -0.01537639957934633 -0.0015354951450744893 -0.007549396544504201
0.00018181295596733088 -5.335346328916719 250.08841680709682 0.011995043821920343 -0.033103076978149834 -0.003848101732493753 0.004840558155029731
0.00012409021552517796 11.646518778464378 222.6504434793607 -0.010396164795493169 0.007416079591988905 -0.00528804289011736 -0.015556781955185877
0.00010731519434480697 7.964314224679776 205.63108068663527 -0.017111213350640767 -0.01221649153825986 0.001725406947980063 -0.008971919486624128
0.00011539457218972864 6.215019704771115 238.03698582090337 0.0015748166647259218 -0.016021847363385612 -0.004165363834466594 -0.010751173408144597
9.052729336776863e-05 9.86849199509513 230.72187183565927 -0.005200549712275091 -0.0020027782100919367 -0.004793765631622352 -0.015903039787930853
0.00022357929741252281 -9.174838001360728 255.49530965274585 0.011390012387241957 -0.036373858250349854 -0.0011459297588335571 0.009401785016225458
0.0001472766697930464 0.4034479638504226 246.64530510274878 0.006043592595929665 -0.03072474544843726 -0.003203777484970117 -6.913749268217705e-05
0.00013679316486817647 13.632287448780941 225.42894776599417 -0.010594503260991527 0.0017550907828121406 -0.005851293978576821 -0.01686203028532589
0.00010893400728592623 7.9936948359251785 213.48350904451993 -0.012765728105436816 -0.0008520832760319578 -0.0021101164989481016 -0.011018996363495117
0.00012627953588279664 7.547723809876852 210.02516801885687 -0.016697763293555358 0.0012505396939484822 -0.004027732308871056 -0.010098580651994336
0.0001296995257352399 10.581008577398103 217.87698179550566 -0.010761476933834389 0.006986988324335399 -0.005391623820710572 -0.011144719769465801
0.00011008709376849879 9.202779873136615 207.33411351985313 -0.022435981915140804 -0.002776940301078248 0.00023940859734986226 -0.009571178937050317
0.0001802786273184505 -5.174705417088608 252.69130359905031 0.010029931788060605 -0.03726591951787656 -0.0015200578326119412 0.007017709327069037
9.894885554707818e-05 12.11287754131961 236.41987741642345 -0.007148864294956779 -0.014223886967455546 -0.0037706147818739586 -0.01252909879051665
0.00014999220019668835 15.903782134199728 230.7358911205936 -0.011670011258158084 -0.006327618112230497 -0.0041786355533184475 -0.014727983454194194
0.0001229384904310784 8.847427571289247 246.12813101717086 -0.0011387302486334698 -0.029624941625760234 -0.0019164863465931541 -0.0031405587240841853
0.00023510678120808502 -8.161912994100422 253.07704421444328 0.008716878670683846 -0.031674351534969857 -0.001508528620310505 0.007326067222164016
0.0001461909213939045 3.830441748491184 199.3601100614607 -0.010262440499456094 -0.01381288004733258 0.00033994892123503755 -0.00841318638117085
0.00011013955178206745 8.071698596691363 199.51855608508984 -0.014351504725002719 -0.010158404875585454 0.0007285256323159453 -0.009060390277016474
0.00010293079895325316 13.290442783182032 221.71260801114988 -0.011678999179543655 0.0065631840218157165 -0.006859302845866137 -0.0125415385720546
0.00010381991474499544 11.06340540227527 212.53072141675526 -0.015244067431869412 0.00467140175469557 -0.0033306738516633056 -0.008979486547869958
0.00014815757514645897 2.779840249141418 250.99555052587758 0.003570523646987697 -0.038082173126932524 -0.0027492638716748426 0.004215895581622806
0.00011601018360658727 12.847190135940883 216.1386975246593 -0.012509090204653607 0.006459399994543238 -0.005885925446580839 -0.010786235770310947
0.00011656163494057498 10.72370753559732 203.7525316435791 -0.023459363462973958 -0.008138959897740924 0.0063545585636680165 -0.00873557953522473
8.627495036644616e-05 17.000680632922972 237.38049764369472 -0.01148533516099986 -0.014153504016467585 -0.002241025310268564 -0.010618072327929105
0.00019860146827922618 -7.520053174959848 251.24563765668793 0.012502337092686357 -0.032997800241586286 -0.0024414153613401186 0.006036481470152604
0.00010524695850738519 15.762708139561127 244.83773535787196 -0.009528710663994258 -0.028581739140759403 -0.00019110666336376238 -0.004569701753624538
0.00012143170865795407 18.00161536030073 227.07081459676712 -0.012768108322447217 -0.0021382088588476145 -0.0013128585002033359 -0.010724789130671587
9.48087191319364e-05 15.461956137706219 220.80675083082232 -0.011608759613503135 0.003795416871320437 -0.0032667032394619695 -0.011183959228076577
0.00012508812570790416 12.27341278217931 250.6002092869712 -0.005814662226233772 -0.038893500751116715 0.0014622039449833887 0.002829247866643348
0.00016598329075480394 -2.97494610461974 250.53999286285625 0.008628371450087295 -0.03537816516919986 -0.0032309376242130156 0.0035349854260222136
0.0001416519473138233 12.255817450730808 207.98580404783397 -0.022377078726106944 0.002167001517521492 0.0027158744054537848 -0.009368346169031969
0.00016113262671030315 -0.45398419883745944 196.07846945785207 0.003989939950471355 -0.018164658167953394 -0.0015587450774561646 -0.005516987893212535
0.0001571302148784134 23.496678631263133 239.8921283448457 -0.01918218522364506 -0.025061957999641383 0.0044453233890081245 -0.0038163925206350395
9.167889989725377e-05 21.256491640404803 242.401408953174 -0.016357768063357595 -0.029399186502715998 0.004399558269889818 -0.003001608959665061
0.00020840126740674812 -2.25424866815295 244.9689908993168 0.0003216388394229638 -0.02733758817526636 -6.374020070851567e-06 0.004828931661691893
0.0001970145080682241 0.392729841069651 236.3163561515439 0.0001684415372450931 -0.008244402518243463 -6.365894319021731e-05 0.002188282726688164
0.00020434039753703238 -5.297314562102427 244.97644220324088 0.004486518367420831 -0.026197653965272995 -0.0002507190118380547 0.004560030152101449
0.00014055394478535053 5.340269602226755 246.23990768669879 0.0005166820186644561 -0.03113750182998142 -0.0005712999195775543 0.0007616119323301647
0.000122428795593313 11.232962524763131 204.35203294712053 -0.025210471748317774 -0.004840658748253545 0.007661313411422666 -0.009093021543061556
0.00010793006273001456 19.402227091855163 251.9160269308316 -0.014096074399683623 -0.040610761528137855 0.005741751958204926 0.003527257973667941
0.00018770639073389505 -6.261474988449918 243.70280346570158 0.0077853035153505855 -0.024976966703233888 -0.002328902333367026 0.002057148590791107
0.0001743132585244433 1.8802470822248862 238.3838284957122 -0.0015534378696414881 -0.02460553236920954 0.0003109080448693373 0.004772695137881261
0.0001111266095632836 2.1195616523208627 197.22039061762445 -0.007396726995420468 -0.0170018836725561 0.0034675441792756233 -0.007773075772339478
0.00011021970014851926 21.592816123544537 227.73696825403343 -0.01509974491159483 -0.007100807080108943 -0.003977826496338938 -0.00799788437713917
0.00012737844003461683 16.86470330869238 219.25721888616113 -0.010402269462613528 0.0055051511550034266 -0.00627207621444641 -0.009339012946890966
0.0001243875527611955 15.730834782307273 210.79798386917184 -0.018119252856003753 0.007238322366335088 -0.0008151412667109121 -0.009717592674266525
0.00016568566927584682 -5.392737520290234 243.08314282728708 0.008431899304275538 -0.02515165069247302 -0.004147239637218472 -0.00022457349745808129
0.00012125813404694197 15.132934502953319 252.48720678676796 -0.008891974748297135 -0.041819888890529476 0.003639233861230279 0.0038470895745458616
0.00014014341333292379 27.179751633291193 242.41508996468798 -0.023781990371543934 -0.029032404810999866 0.007130131107575056 0.001774260985693361
0.00010718623291381498 16.807326183112004 214.5956052948916 -0.012624582668624467 0.007698951926439388 -0.005318194977592661 -0.009489253953547912
9.45661781439203e-05 24.9408431569427 251.19005411966657 -0.02161867693504329 -0.043205456336726095 0.00995727088502652 0.006503397908609158
0.00018762306553501124 9.320695128589875 196.01056741514935 -0.016103856003760512 -0.012046644141586724 -9.323956484307873e-05 -0.006295776373482352
0.00022159741536226165 12.432458320050568 198.84978326451048 -0.0230607427410099 -0.006830521001167983 0.006538376453276881 -0.010054294995397148
9.350386539582046e-05 22.68272476134347 224.59783921809364 -0.012491025325474308 -0.003371166483982154 -0.005903868812085199 -0.005850272361445786
0.00014473039052750476 -0.040406412332496054 243.5593535762986 0.006462160781891139 -0.026685077360652672 -0.004416333692956781 -0.0012775780738705981
0.00020537248618424607 19.730023562689322 205.57759574559273 -0.023513432424916617 0.007447870194448968 0.002808376190999565 -0.009724754652605897
0.00010623892546827277 22.06774743190221 253.34775112777515 -0.018366939356723518 -0.04537055566018133 0.008720405871339782 0.007674008045957451
0.000126120198408006 31.07920835706493 240.6801817591679 -0.02807872883385614 -0.030324078818860897 0.007619596156457614 0.005474379418734523
0.00020437611938692264 15.566468983439474 201.55616590259794 -0.02859311992615284 0.002957787059761502 0.00971590005505537 -0.010359390660604718
0.00012701920921929263 19.555060312290706 211.71111477863886 -0.014438703130336215 0.009281833408864798 -0.0022593784719072353 -0.009114234136085602
0.00011856676478629974 21.670938570599798 219.10140662450692 -0.010457722734095006 0.004037649647013805 -0.0067955272147411355 -0.006058870445733117
9.985432966941801e-05 27.013423143430412 229.4801671137032 -0.017272816160201706 -0.010956359324571688 -0.0027783038268662085 -0.002439185353810599
8.383340354496324e-05 29.71407168185302 251.2684861027502 -0.028903155503555822 -0.04841826210169696 0.014167191662430438 0.010945798919367413
0.00012703918074887685 7.9167930312620935 245.43618404864083 -0.0003641869248213075 -0.02999657003974235 -0.001895947970328693 -0.00277601706722094
9.422382982290048e-05 28.05163314591512 254.80809398588522 -0.026880584589029546 -0.050484576389649136 0.014101461937312803 0.013082982073537251
0.00011259120948755119 15.779670622657449 249.6845757362872 -0.011165720481491375 -0.03628333070337224 0.0029601931998841273 0.00028638229306778717
0.00014854392247258929 2.8236481816893195 232.76162196347008 -0.002448723009688975 -0.019215513660602868 9.522478435388662e-05 -0.0005648751325007052
0.00010639650343713577 32.46554376264021 235.9796992923223 -0.025692741684313625 -0.022980005015159816 0.003676440915614628 0.0021574180165110576
0.00015116062364483422 35.553640058565996 255.02729066919846 -0.038736795157187864 -0.05759824583217566 0.02051072945232776 0.021807194610088832
0.00014607801500334514 -2.633339571774275 233.38280977739646 0.006737250788931909 -0.016226343587227285 -0.0025817583528918798 -0.0037934303509251782
0.00015400068977817818 -2.969653179644559 234.14353853931055 0.003318691698900797 -0.020051030797919207 -0.0004105065266540135 9.218389557851569e-05
0.0001344848644100039 -0.3778976203793478 235.28937790939565 0.005259473336961981 -0.015094748434915463 -0.00724907184925889 -0.00934435454381817
0.00015483922564780533 -1.3684618346895645 233.99189147646322 0.001290058066866844 -0.022953141456035848 -0.0003441504357290376 0.00019539357636021637
0.00010061826964053641 23.105616695138103 252.48389486100575 -0.019346889615466354 -0.04335014175804205 0.00797143682446187 0.006198811277200198
0.00019110867457649842 23.663523605531076 207.92989318005894 -0.01785544543546585 0.012208474068499913 -0.0037579517920259334 -0.00943880672601637
8.431579340043546e-05 32.60761557057883 256.5122083031056 -0.034110791691258406 -0.05761877198847123 0.019700777746376394 0.020140739518495026
0.00012234886892260538 4.372239556774677 234.0107767632535 0.0031356624375003177 -0.013761732620099082 -0.0060306235865956485 -0.01093385668580535
0.00014760965943020322 -0.7723551822305242 232.64333697221244 -0.00020560261170186759 -0.024384114952292726 -8.464197576468459e-05 0.001919755016982354
0.000125502186558719 1.3537246302423873 228.45531856849533 -0.003359148341938774 -0.012558652816734916 0.005657401767356289 -0.006818627176810975
0.00011106336937840006 8.893034917260485 236.55436286631775 -0.002508232320624703 -0.017218208936520863 -0.0032453906484292486 -0.010969248355795142
0.00010458693140647231 -5.0531024384877075 230.70915334796112 0.0011862079393495425 -0.004851316255639289 0.0066058351865760185 -0.012927197776766876
9.061984804404049e-05 29.21939864831892 255.40564417999394 -0.027703740978825848 -0.05187513409884078 0.014902565106402598 0.014129672161233425
0.0001657161365207755 28.296914947594953 225.7879002504122 -0.014732389903382586 -0.007024631423967795 -0.005872705437739202 -0.0015320674460556254
0.00013672286719829853 39.96703088952545 255.02658970272864 -0.04615558379998064 -0.059447882439689965 0.02528642890886211 0.025261740490606085
0.00011251347120787454 37.97212101451308 243.27358008762968 -0.03659797724083953 -0.036737613044960885 0.012241398043116603 0.01062776218542722
0.0001345358062573364 0.4822710142800908 229.35498236529997 2.7976770326069295e-05 -0.021837070919625546 -0.0002406708482835016 -0.0031456956471057097
0.00010100496658449376 16.129691237541923 242.76990667966075 -0.009143416562052248 -0.025604171826291714 0.00031437973297948114 -0.006070637840978382
0.00013896203164618504 23.186365191432266 216.84353909964506 -0.010190137819265789 0.004881108795529761 -0.007848337411796344 -0.004890189218712197
0.00010708289383886439 -1.265000304153505 226.52382647736383 -0.0014969711423346462 -0.002041255988885531 0.0051107717379627595 -0.010943344040378803
8.215622308563076e-05 33.95993028034588 257.6790373282049 -0.03691177189008771 -0.060486686226711196 0.022028643980226827 0.02277259362599963
0.0001192097147704537 0.11117383318543528 225.21637369208952 -0.00031319270945211485 -0.015410962901319278 0.0006774836759764259 -0.0055261410833507794
9.22348925800037e-05 22.681225174230025 246.41121299568763 -0.018252417820817567 -0.034831170206252864 0.0056307860313027 0.0007516077784256233
0.00011504312844569506 -0.8710541668896208 224.87509265055044 0.0025181247285909524 -0.007947533690134928 -0.004349488136242949 -0.008239949068903083
0.00011842770095310342 -0.5934708512757372 224.90054404725726 0.0011117855941745777 -0.012713157321192114 -0.0021498039653497455 -0.006957131537918104
0.00010931633346070117 1.666068702552043 228.09646994378843 0.004978789050065856 -0.003285474824354141 -0.0058244541582026625 -0.01136142104350541
0.00011801847847025764 -0.14983236667548994 225.2111517681357 0.0017920927161263346 -0.017613364236152115 -0.00022632574206712345 -0.0050664125210524175
0.00010250832187459776 5.0517521546652695 230.1885183249369 9.457914511875694e-05 -0.002784045062807888 -0.0065926947832635925 -0.013139653419685282
8.634967051921248e-05 -17.583317556717507 236.6368685021163 0.012760121646506457 -0.016220097020769805 -0.00039978301700500495 -0.012102014653201126
0.00011767278853615397 43.31657144692346 250.33926667346026 -0.04814693710304594 -0.051119666705761506 0.02407293904761478 0.021342184598913738
9.046221008538643e-05 -9.842018720169143 230.54756543479166 0.005038361247297006 -0.0012792740163750705 0.005418460755418941 -0.015370709666105285
8.096037705928971e-05 -25.361667087109264 245.44095380456912 0.021605923055422093 -0.03308728770537119 -0.006011365037776638 0.0016810321217810525
0.00011359315028884472 0.09589505330822018 224.55346307249584 3.895471643203382e-05 -0.019796727257300816 4.70366571624819e-05 -0.0048739414294790276
9.561138557040718e-05 10.14215816028568 232.4837122087262 -0.005733157162835172 -0.00655315167269809 -0.005587537016373391 -0.014568050975879092
0.00010469163865166034 -0.5786349715172651 222.2650265493351 0.0014379183299575325 -0.008099304271653184 0.00201320733480473 -0.009263461885115095
8.446366237287054e-05 28.460821681691655 252.33973004460924 -0.027024565765876307 -0.04627389142041764 0.012921066297934979 0.010863177156817939
