data/processed/NGC4621-mock-iso2/kinematics_set_o.ecsv
# %ECSV 1.0
# ---
# datatype:
# - {name: flux, datatype: float64}
# - {name: v, datatype: float64}
# - {name: sigma, datatype: float64}
# - {name: h3, datatype: float64}
# - {name: h4, datatype: float64}
# - {name: h5, datatype: float64}
# - {name: h6, datatype: float64}
# schema: astropy-2.0
flux v sigma h3 h4 h5 h6
[from data line 327]
0.00014670661294257438 39.520157855740266 258.35870404908223 -0.04666297213360582 -0.06574311261768763 0.028286848731670984 0.029384861762758552
0.00010612111789869051 -0.16621573455469815 222.45511529046348 -0.00029291500346426136 -0.01762452384142664 -0.00010410807243861367 -0.007726523966010706
8.893983426445915e-05 15.83652711407832 236.53255447832242 -0.010566839801716512 -0.012982965839468494 -0.0004451886258107474 -0.012252406993893197
0.00010863919950808228 32.17647395170377 223.42302272325622 -0.015939525870064683 -0.005612737379709599 -0.0063925668811504 -0.0005743009738109257
9.608728262021052e-05 38.52894851027513 237.79990586387038 -0.03188492667972186 -0.028297375258094132 0.006649045713477272 0.007432000013676622
0.00017329057213633165 27.216029196466636 211.38027267993888 -0.013783734815355045 0.010523163758474346 -0.006906647824035871 -0.008899631210500582
0.00014931914958688785 33.7644363074484 251.9902851579758 -0.03508992710155067 -0.050254991749234604 0.01733100943603938 0.01540578303509178
8.265822720173241e-05 21.646195864419724 239.12137725630697 -0.01706697641712097 -0.022580367682105976 0.0013355130945525624 -0.006070833236284397
0.00012086943786457413 47.60867758923151 256.2418109651131 -0.05860448474450965 -0.06428248605863543 0.03497476321629902 0.031149994407419078
7.49895482623808e-05 -33.8715335884739 252.01940161142252 0.03547732342374103 -0.05097321060397265 -0.01715753624843094 0.016608071381458228
9.207216789618389e-05 -2.396303689098416 223.48429943398705 0.0009386656059106966 -0.00028375248878084356 0.0031782252405372392 -0.012198813206362397
0.0001351340401307069 44.418907626527954 259.85860118455923 -0.05554822643673482 -0.07154372850761016 0.03544371336149255 0.036231894318791674
9.308398999849208e-05 2.0716167523403337 223.23258927983133 -0.0008012986786104328 -0.0004010474599243985 -0.0023488464933870603 -0.012496125060109012
9.702647891491055e-05 -0.7181559018149478 221.6441874367631 0.000702682142199811 -0.013314144508358595 -0.0005922733277796033 -0.011152562319024891
9.011804133380095e-05 4.004941698303377 224.78969928957127 -0.0015971347199189702 0.0033848372977001856 -0.003926829198702993 -0.015296385171398313
9.450687516426946e-05 1.3131788910164475 221.1203900303545 -0.0007029520370304315 -0.006564533708600307 0.0005049842539417916 -0.011093199189477836
8.627902781808234e-05 7.094886792318912 226.57118161909037 -0.004345470187383669 0.006260169356201051 -0.006807923065416396 -0.016838291288385335
9.380533359195206e-05 1.2890473932626652 219.92551412363315 -0.0004073922909148235 -0.01132388497604611 -0.0011678535463171998 -0.011822314012615985
7.694330473104672e-05 27.384677549349274 244.27804350987677 -0.024527172289348476 -0.03365985436694133 0.007888226632636294 0.0018731548757365424
8.197809522528346e-05 11.05722491509038 228.41383709920413 -0.007634694317556135 0.002894891965986035 -0.004805729031164253 -0.016370995330882383
7.942944256699331e-05 -14.161698321930027 229.83773761896185 0.010012311212808633 -0.002082602702339932 0.0059416072643748985 -0.014365484523621339
8.14314328847992e-05 -8.573773049637461 225.96573060708758 0.007066511942832712 0.006149933922950768 0.005092607348567379 -0.017958772020180622
0.00014679163104021242 -19.678144041079467 233.73249445019152 0.01503516538622199 -0.010526180096880198 0.0018401378941918143 -0.009914989853580088
9.090676873695322e-05 0.35908330882479417 220.9440734252692 -0.0008358695869448843 -0.01400854257782972 -0.0009751214045374337 -0.012878052963663993
8.78190390307748e-05 -1.3389356590168506 220.52223727945463 0.0007903250225306223 -0.005657313513561036 0.001457932765295174 -0.012686668532256026
7.750295506397844e-05 15.102709408346549 229.75203564677346 -0.010816462010912293 -0.0034768931618981806 -0.0018921508525217914 -0.013438367549967382
8.144697983599678e-05 -4.899813038130722 223.2488226974972 0.0017605138872286625 0.006686586506464786 0.003550442568450972 -0.0195798313492708
0.00014020000504741457 -27.74657000962524 239.24805400273655 0.02422449392205894 -0.027245404075250636 -0.004568070259120486 -4.0136126395150216e-05
8.630889456983072e-05 -0.339454135691698 218.50453117143903 -0.00022336275993460998 -0.012886092389426406 -0.00010377645260583574 -0.013419459861154278
0.00012880720786484644 39.23544580242128 235.39340217670846 -0.029317387111978975 -0.02435552430539213 0.0041074683748064085 0.006787158055897042
0.00012137641344058664 51.13023155904581 258.3879932986759 -0.0667216565317348 -0.07038957474192978 0.04266740179282872 0.03643569215693392
0.0001375925360369464 19.852721724152502 231.19001698037215 -0.015257646446438832 -0.008086165091995043 -0.0029722503980388944 -0.010446384483971623
0.00010462362326793918 49.843796923883545 250.50300405009642 -0.05681419812237711 -0.05294152893972828 0.02986807566530401 0.023903407398183453
7.918699153431574e-05 -2.7240427119901436 221.1984618164056 0.0012337780750522928 0.000957086505191434 0.0018161627152604774 -0.0156560818030416
0.00011894987518270349 -52.433079087095116 258.2151257531777 0.06902923296342708 -0.07099919584543156 -0.0452685553538094 0.03765717053794305
8.06829456199414e-05 -0.7908017860469165 219.0146198359432 0.00010842526580574767 -0.009488965481588453 -0.0009588660743360825 -0.01499299693384931
7.733374618962517e-05 3.3956139579907743 221.5093801482515 -0.0017720161386924954 0.004288198293790211 -0.0020160483047734486 -0.017372228770938757
7.563820038319301e-05 5.060322997476037 222.2618814164197 -0.005980398844387232 0.006706575041435984 -0.002360804981985999 -0.01868532092273098
7.787417686800053e-05 2.081088641855544 220.52072103547698 -0.00015356393900840782 -0.0010245480227176003 -0.0009478794382080726 -0.01654287637434882
0.0001368261135266612 -13.48005358860794 225.84925435623472 0.011174316453109562 0.0027013231358983527 0.0041102173714636925 -0.015651577148024197
0.00013263650126352079 -35.71993644124323 248.6734049081154 0.037153845180453594 -0.045131183771838376 -0.017555158055754524 0.01410717566561525
0.00014386023078584724 9.76723276945532 224.0809321635466 -0.009448546798703945 0.006377564421820434 -0.006157219651310348 -0.019645024264762567
7.721685647017483e-05 1.1755542268747017 218.22409144389206 0.00018927871181574524 -0.005598993074001731 -0.0006239543976963688 -0.012787257581127172
0.00013739969583575316 -7.039584539625495 222.07181061586408 0.00669015872078392 0.008046824941822376 0.0032911945938548723 -0.018638438290406803
0.0001339658199755387 28.47798357963274 237.8046162696523 -0.024731451900234645 -0.0257307360564297 0.005369790175740509 0.0015036262974559538
0.0001296615104562794 41.599090385936265 253.53706100872125 -0.04800913317900879 -0.05697176502479295 0.026742682887823496 0.024073347848704393
7.523023166642425e-05 0.794706608677374 219.10067148760675 0.0010812801087026294 -0.009423312628431067 3.718579376765476e-05 -0.017007971989053128
7.46648573715893e-05 -1.5378783642312706 219.73264816836482 -0.0002287048106791408 -0.005966822619093303 0.0007234849650091743 -0.016632477466988618
0.0001213896240190889 -51.04758203217152 258.40086743454845 0.0665054262650738 -0.070564814820311 -0.04256484541024135 0.036526585913612526
0.00013447222803224528 -4.301750264258132 220.56158248092032 0.001429659150780675 0.004824685432431539 0.002338703189244011 -0.018494629726698953
0.00012664808359137702 14.83310394477404 225.4216046873224 -0.011426331548163842 0.004292297997783111 -0.00642869167897548 -0.015632206530282137
7.216432994443115e-05 0.0682977586817231 218.72914098770354 -0.0001629445320581357 -0.010577862228127344 0.0006032307103169595 -0.01736133311527039
0.00011902940204686828 52.40488347398764 258.19852308241997 -0.06876086782232096 -0.07076049036665547 0.04453033364713233 0.03728258109480042
0.00012084612159801257 -47.59673953876716 256.3031982114915 0.05858718508899517 -0.06428213672628803 -0.03491725335292138 0.03125129650394705
0.00012861922720288664 -2.1842176370655415 219.41096882700944 -0.0016300990643818597 -0.0008281389307133694 0.0024423594052184164 -0.018169848808547672
9.438161654496497e-05 -50.601563712632405 246.20447762771235 0.05319991168440051 -0.0449770697693231 -0.025089145937737204 0.018066481312492493
0.00012415183835200226 -11.580854218750039 221.99955019120594 0.008505309671778424 0.007623712271136518 0.004897429099661247 -0.016061470249862646
0.0001327758988955785 -1.071379391889635 218.67763725884546 -0.002277060582724877 -0.007932469010937561 0.0006944467468556704 -0.01785855019702424
0.00012146385795665052 -18.026418790358417 227.11524123795544 0.012917171280111262 -0.0033210540993064137 0.000580226301809145 -0.011092558868449636
0.00012216640879729232 3.7693925686164795 220.06509689500345 -0.000154641723216646 0.0022064998271512423 -0.0035410213210557515 -0.017667474024764585
0.00012251656089561511 2.449426626817789 219.3205303589725 0.0014971723046158583 -0.0009180637693200481 -0.00354859470424877 -0.017671741146056623
0.00012057142494780319 5.728094982124413 220.65016992468253 -0.0037557572882901957 0.0029944818628239315 -0.0035850790123207765 -0.016954110450283704
0.00012145052358380306 1.4624903084727676 218.59939709094002 0.002764692628574406 -0.005038373202918147 -0.0037806310686393984 -0.01792837826609772
0.00011805269265032383 8.008033736777588 221.10322826450303 -0.00762734618763885 0.00585143212452375 -0.004448021673174579 -0.017005868961523563
0.00011995468867042259 26.155731787814297 233.43622868419334 -0.020572477218115583 -0.016446941727872352 0.0008789238310799483 -0.004858479340934943
0.00011720616972086131 35.465663942580505 242.55175782969346 -0.033537576001250465 -0.035056921097954344 0.011274734418294715 0.00961603960727593
9.64802004068863e-05 51.77176894198056 248.34826833670672 -0.057329588503757876 -0.049182089553241964 0.028938262962481413 0.0213973645888677
0.00011494945390299088 11.339160268986673 221.11897812502156 -0.008880255963734734 0.007717752176430247 -0.0065542334877699655 -0.015868153717022243
0.00011894032054473923 0.9224513173607818 217.52854176633653 0.000745299801586648 -0.009792528153958247 -0.0017899853224012856 -0.01704030627809454
0.00021200032509966548 32.9313508439358 217.00333596155303 -0.016177232467015218 0.0034272134247567048 -0.00752224194729995 -0.0049570791511900116
0.00011834674589303121 -25.611165071951348 231.8775912178245 0.019323393045719332 -0.01597187239604505 -0.0004000032133855409 -0.004524983914548631
0.00011771418732494161 -43.386907703851946 250.4114660013052 0.04827992372552951 -0.05073642016107406 -0.02405949597911424 0.021184381161593078
0.00011519410415630386 -0.245015438306465 216.71947147549906 3.662244662251159e-05 -0.012785255811923316 -0.0008162569324122508 -0.01651298756505947
0.00011388948618906692 51.89396460742829 255.66963091271708 -0.06557629513092186 -0.06467888630166889 0.04034079457037006 0.032321840780660416
0.00010714590670514435 57.97982456463503 254.96337972906113 -0.07632723180137795 -0.06499823826393011 0.04884164486814023 0.03348563209934683
0.00012499364822395417 46.86534465635381 240.1745912231455 -0.04190349920198314 -0.033525457231439675 0.013601381122079354 0.011172045876165892
0.00011138033929362055 40.30508399519874 245.8965487992822 -0.04058107836058414 -0.0416891848111781 0.016359276340233618 0.01423271465328518
0.00015990841171630935 16.16123041423481 223.0396246787353 -0.012309500207704946 0.0033368606770370073 -0.004867411430906233 -0.01233176182940849
0.00014186684097141898 39.446406368601046 228.94733173390276 -0.025376741469789937 -0.014679042569852769 -0.0008068748987359844 0.002731636446489919
0.00011067695342607567 -0.38120714124711863 217.82347970810972 -0.0009843141367357577 -0.01353297381032471 0.0009782450805956282 -0.016913593578145626
0.00011243553415484209 -9.71950252388918 220.8296082595971 0.007298398916580191 0.007560112247099654 0.0037286668107456775 -0.016250864741853714
0.00010743920929540418 23.4585864303002 228.37302500705476 -0.015627526465314266 -0.008140938629411279 -0.0038546537683936807 -0.006244776451417867
0.00010953625723572704 -4.753712820671426 219.48910458716304 0.0018702928170682208 0.0031420629936555434 0.005101504137168048 -0.01630022472066074
0.00011251756988007528 -38.16631041463171 243.29170733790582 0.03654234474948469 -0.03643899894230099 -0.012728051942220328 0.011049622230158504
0.00010552499904379768 -1.6664727170601599 216.26241381341939 -0.001610540806817899 -0.012058474101365095 0.0029589903461256064 -0.01633071035473067
0.00010555235825034465 -2.823961328662111 218.25954149817213 -0.002897124530386244 -0.000504427963880197 0.004891351852408133 -0.015642371031337567
0.00010700376506675185 49.62208657929068 251.27107960737172 -0.057548626804604916 -0.053617337136919206 0.030984682030192046 0.02401376627185948
9.953335517763219e-05 60.93639881430244 252.46560700711714 -0.07935705714753204 -0.060855167716086754 0.04992822764910544 0.030403377161803857
0.00013354978740634258 58.587568947735924 248.11972736955045 -0.06847006110424939 -0.05136691227663776 0.03833840879621707 0.023269595529340145
0.0001001392561233683 -1.6583077934531096 215.94542013176235 -0.0015516430201924418 -0.008939665329590429 0.0047823524171990575 -0.015285078943424686
0.00010219426231055588 -8.288773076903261 219.91937780770206 0.006919215380848598 0.004336635036885011 0.00540657648757078 -0.012459573567850926
0.00010299551081381441 -13.146799921297912 221.75657705924039 0.011216694725716346 0.0073437621065701175 0.005835792223293668 -0.011850296630561396
0.0001063403495766258 -32.197178546270656 235.05856421079193 0.024977286732179214 -0.02217489077146621 -0.0025803146803443345 0.0022213117864240744
9.644375031037062e-05 28.33473655259904 229.5745395329463 -0.017649287958625727 -0.012149470374400418 -0.001984791322539709 -0.0014218041754210393
9.910194086124683e-05 3.277674962713803 217.29139502543924 0.0015318265183601727 -0.0031008766990849018 -0.006189296544702335 -0.013392601978126716
9.778107588532097e-05 6.986154976276582 219.0257256574435 -0.004445759056697218 0.003203419824662461 -0.005418907756808545 -0.013540747419571009
0.00010018425777064135 60.835576056011476 252.5514240907638 -0.07904392411894152 -0.06086172676057293 0.04953112593158522 0.02993461806562116
0.0001397753571763493 22.22151180711809 223.37612034372356 -0.011438461762254598 0.00048412666076687636 -0.006132938877254552 -0.006912667486862018
0.00010215186462846708 -17.206089723048567 223.7416786080618 0.011489193195662314 0.0007595084671069032 0.00529621619844306 -0.010335670873370445
9.751843850971301e-05 1.2845828317348498 214.86462358714033 0.001557013478431796 -0.010237098873236596 -0.00515840154577745 -0.014117890825083579
9.908935165409019e-05 45.98733106701319 244.8442074963049 -0.04642125219200235 -0.04128386629565028 0.01933550163979763 0.014872748492223793
0.00017929223317673116 10.530702299879776 218.33637236982534 -0.009990940430963066 0.004631231261863168 -0.002197956398882553 -0.010386316530463378
0.00011500536651005805 50.7971984618981 240.45997937982375 -0.047052807115885574 -0.0359173207453398 0.016774623336033804 0.013475393900279764
9.287387147000821e-05 32.72611907874831 231.9599662343646 -0.021895166686253513 -0.017769183990388557 -0.0004945306961616123 0.002026762158826464
9.277610916295952e-05 0.628955159848412 213.76609074932514 0.00048279393164644936 -0.017065692650159146 -0.0006079742063019685 -0.012882473296369771
0.00017164660849922978 15.519299954139687 218.76049791056275 -0.010735306043455628 0.004955748600930923 -0.004949167416532049 -0.010212747826828754
9.986280592086223e-05 -26.11013119871012 228.5703503504875 0.016233406438475935 -0.010851903302365063 0.0024637141078979407 -0.002750806588205809
9.305072513011189e-05 -7.451080835501723 218.45141549940763 0.00547569629032283 0.003082420537810651 0.005151793200921202 -0.011787305898388643
